0 0.457902729511261 0.5269829034805298 0.01085546612739563 0.010362029075622559
1 0.5269829034805298 0.5333974957466125 0.004276394844055176 0.01727008819580078
0 0.5098773241043091 0.5240223407745361 0.005592167377471924 0.010362029075622559
0 0.1298542469739914 0.738170862197876 0.2597084939479828 0.3365190625190735
0 0.4921138882637024 0.5269829034805298 0.007565945386886597 0.006414532661437988
0 0.4996798038482666 0.5324106216430664 0.008223801851272583 0.006414592266082764
2 0.5174432992935181 0.5289566516876221 0.0026316046714782715 0.011348903179168701
0 0.4858637750148773 0.5319172143936157 0.008552789688110352 0.012829184532165527
0 0.5250091552734375 0.5279697179794312 0.00822383165359497 0.006414592266082764
0 0.4667844772338867 0.5314237475395203 0.00822383165359497 0.010362029075622559
0 0.5579044818878174 0.5363580584526062 0.03289532661437988 0.018750309944152832
0 0.5059301853179932 0.5452396869659424 0.025329381227493286 0.027632057666778564
0 0.510116696357727 0.5253682136535645 0.00822383165359497 0.010362029075622559
0 0.4848771095275879 0.5301895141601562 0.00657886266708374 0.012335777282714844
0 0.4743503928184509 0.5373449325561523 0.01842138171195984 0.024671435356140137
0 0.4996798038482666 0.540305495262146 0.014473944902420044 0.018750309944152832
0 0.22993823885917664 0.5639901161193848 0.06315900385379791 0.06069183349609375
0 0.5034630298614502 0.5235285758972168 0.005263268947601318 0.006908118724822998
