0 0.4269811511039734 0.5324106216430664 0.021053016185760498 0.022204339504241943
0 0.549351692199707 0.5102063417434692 0.01381605863571167 0.01381605863571167
0 0.519745945930481 0.4865227937698364 0.0067983269691467285 0.007894963026046753
0 0.5769838094711304 0.5585623979568481 0.04868501424789429 0.05230355262756348
1 0.6756696701049805 0.540305495262146 0.011842310428619385 0.046875834465026855
1 0.756255030632019 0.5373543500900269 0.02335500717163086 0.03799313306808472
0 0.5217196941375732 0.48158735036849976 0.005592167377471924 0.008388310670852661
0 0.526324987411499 0.4739510416984558 0.005592226982116699 0.006908029317855835
0 0.3809277415275574 0.5491872429847717 0.022039860486984253 0.03305983543395996
0 0.34869033098220825 0.5393186807632446 0.017434507608413696 0.01924377679824829
1 0.6059316396713257 0.525269627571106 0.008062183856964111 0.01283484697341919
1 0.9164633750915527 0.6059316396713257 0.03125053644180298 0.13519972562789917
0 0.6384980082511902 0.5407989025115967 0.03388214111328125 0.012335717678070068
0 0.29704466462135315 0.5738587379455566 0.07533025741577148 0.07746845483779907
2 0.42204684019088745 0.5333974957466125 0.009868592023849487 0.025658369064331055
0 0.5539570450782776 0.5491872429847717 0.025000452995300293 0.03996777534484863
1 0.45691588521003723 0.5052720308303833 0.0029605627059936523 0.014309465885162354
0 0.5381672978401184 0.4954034090042114 0.01019752025604248 0.012335777282714844
1 0.28750503063201904 0.5333974957466125 0.007565915584564209 0.011348843574523926
0 0.5141537189483643 0.484225869178772 0.0067986249923706055 0.008388310670852661
1 0.3940858244895935 0.5380959510803223 0.009537726640701294 0.02639991044998169
0 0.6329058408737183 0.5891550779342651 0.08651465177536011 0.09227138757705688
0 0.605434775352478 0.5462371110916138 0.020227134227752686 0.027632057666778564
0 0.469087153673172 0.5023114085197449 0.011842310428619385 0.012335747480392456
0 0.5638256072998047 0.5215551853179932 0.011842310428619385 0.005427718162536621
1 0.7914612293243408 0.5412923693656921 0.019079267978668213 0.02763211727142334
0 0.5592203140258789 0.5200749039649963 0.013815999031066895 0.008388280868530273
0 0.5105352401733398 0.5630033016204834 0.05230355262756348 0.07154732942581177
1 0.14769995212554932 0.5728719234466553 0.028618931770324707 0.06957358121871948
1 0.8940945863723755 0.5832338929176331 0.027632057666778564 0.09819245338439941
0 0.5207327604293823 0.47543132305145264 0.005592167377471924 0.006908029317855835
0 0.3671116828918457 0.5516543984413147 0.03388217091560364 0.03454005718231201
1 0.5697468519210815 0.5069178342819214 0.005592167377471924 0.014309465885162354
0 0.6401427984237671 0.5240223407745361 0.01842135190963745 0.01924377679824829
0 0.44079717993736267 0.5215551853179932 0.01644766330718994 0.020724058151245117
0 0.5934314727783203 0.533890962600708 0.005592167377471924 0.006907999515533447
0 0.5447463989257812 0.5047785639762878 0.011842310428619385 0.015296310186386108
1 0.9582404494285583 0.6148133873939514 0.031250596046447754 0.13519978523254395
0 0.5509964823722839 0.5407989025115967 0.028618931770324707 0.037007272243499756
0 0.5125089883804321 0.4731990694999695 0.006579101085662842 0.009868621826171875
0 0.49310073256492615 0.49934154748916626 0.00822383165359497 0.011596232652664185
0 0.5483648777008057 0.5077391862869263 0.011842310428619385 0.010855495929718018
0 0.7901453971862793 0.6759986877441406 0.25658345222473145 0.253622829914093
0 0.4782978296279907 0.5240223407745361 0.016447633504867554 0.01924377679824829
0 0.6210634708404541 0.5407989025115967 0.009210646152496338 0.010855495929718018
0 0.5447463989257812 0.5077391862869263 0.006579101085662842 0.01381605863571167
1 0.5243512988090515 0.500831127166748 0.005592226982116699 0.017270058393478394
1 0.3846130967140198 0.5350803136825562 0.0077630579471588135 0.015196502208709717
0 0.49507445096969604 0.48158738017082214 0.006579041481018066 0.006907999515533447
0 0.5391541719436646 0.5393186807632446 0.007236957550048828 0.024671494960784912
0 0.5648125410079956 0.5269829034805298 0.01644766330718994 0.015296339988708496
0 0.5898129940032959 0.5171142816543579 0.005592167377471924 0.010855495929718018
1 0.45494216680526733 0.5023114085197449 0.0055921971797943115 0.018750309944152832
0 0.480271577835083 0.4993508458137512 0.009210675954818726 0.013816028833389282
0 0.5095484256744385 0.5309303402900696 0.033882200717926025 0.020724058151245117
1 0.5954051613807678 0.5279697179794312 0.005263209342956543 0.014802873134613037
1 0.1694108545780182 0.5748456120491028 0.019079282879829407 0.06562614440917969
