0 0.3727039098739624 0.5477069616317749 0.025000423192977905 0.033059775829315186
0 0.5371804237365723 0.5324106216430664 0.010197579860687256 0.020724058151245117
0 0.7737113833427429 0.6776535511016846 0.19508445262908936 0.18997859954833984
0 0.017187800258398056 0.639978289604187 0.03437560051679611 0.041448116302490234
0 0.3914501368999481 0.5360302925109863 0.04002183675765991 0.03848755359649658
0 0.29901838302612305 0.5516543984413147 0.04967191815376282 0.02368462085723877
0 0.4388234615325928 0.52303546667099 0.019408226013183594 0.013815999031066895
0 0.4454025328159332 0.5309303402900696 0.007236957550048828 0.012335777282714844
0 0.3753355145454407 0.5407989025115967 0.03782960772514343 0.033059775829315186
0 0.10320904105901718 0.6468863487243652 0.20641808211803436 0.2042798399925232
0 0.5450742840766907 0.525502622127533 0.010690569877624512 0.016530871391296387
1 0.012829171493649483 0.579779863357544 0.023684624582529068 0.08931076526641846
1 0.17335829138755798 0.5452398061752319 0.01447393000125885 0.021710872650146484
0 0.8305056691169739 0.5536302328109741 0.13027596473693848 0.06431418657302856
0 0.3404664993286133 0.5546149611473083 0.008223801851272583 0.019243717193603516
0 0.33947962522506714 0.5546149611473083 0.03782963752746582 0.03700721263885498
0 0.565799355506897 0.537838339805603 0.06250113248825073 0.06611961126327515
0 0.9125159978866577 0.5778061747550964 0.13717347383499146 0.07598817348480225
0 0.465878963470459 0.5284631848335266 0.01681777834892273 0.022759556770324707
0 0.3137070834636688 0.5546149611473083 0.052633047103881836 0.030753254890441895
0 0.5151405930519104 0.52303546667099 0.013815999031066895 0.015296339988708496
0 0.380927711725235 0.5432660579681396 0.025000452995300293 0.030592620372772217
0 0.5361936092376709 0.5240223407745361 0.01644766330718994 0.017763495445251465
0 0.4961249828338623 0.525502622127533 0.01644766330718994 0.02368462085723877
1 0.3389841318130493 0.5250096321105957 0.004276394844055176 0.006414592266082764
0 0.9253451824188232 0.5324106216430664 0.10658079385757446 0.06463927030563354
0 0.5822470188140869 0.548943042755127 0.05477172136306763 0.0675998330116272
0 0.3348742723464966 0.5546150207519531 0.03782960772514343 0.033059775829315186
0 0.42599427700042725 0.5501741170883179 0.0460534393787384 0.059211552143096924
0 0.5187590718269348 0.5570821166038513 0.047040313482284546 0.05378389358520508
0 0.33947962522506714 0.5477069616317749 0.05329042673110962 0.03996777534484863
0 0.2878339886665344 0.5822470188140869 0.14901578426361084 0.07598817348480225
0 0.47204774618148804 0.5215551853179932 0.010197550058364868 0.015296339988708496
0 0.8866844177246094 0.8030891418457031 0.22663122415542603 0.393821656703949
0 0.5187590718269348 0.5240223407745361 0.01644766330718994 0.015296339988708496
