0 0.301686555147171 0.5639535784721375 0.03673309087753296 0.046930670738220215
0 0.5115222930908203 0.5380845665931702 0.060198187828063965 0.031085729598999023
1 0.3003164231777191 0.5322239398956299 0.008552789688110352 0.011348843574523926
0 0.34457841515541077 0.5296968221664429 0.04786264896392822 0.021464288234710693
0 0.09979243576526642 0.6124807596206665 0.18920785188674927 0.09671217203140259
1 0.37336182594299316 0.520568311214447 0.0016447603702545166 0.0049343109130859375
1 0.47402143478393555 0.5185946226119995 0.0009868443012237549 0.006414592266082764
0 0.3983622193336487 0.5309303402900696 0.040461212396621704 0.02368462085723877
0 0.33125579357147217 0.5477069616317749 0.0424349308013916 0.03996777534484863
0 0.3727039098739624 0.5333976149559021 0.012171179056167603 0.009210467338562012
0 0.4342181086540222 0.5309303402900696 0.025658339262008667 0.017763495445251465
0 0.542772650718689 0.5269829034805298 0.01019752025604248 0.019243717193603516
1 0.13585764169692993 0.5516543984413147 0.01875033974647522 0.030592679977416992
0 0.9924428462982178 0.602971076965332 0.015114367008209229 0.0439152717590332
1 0.2908164858818054 0.5331014394760132 0.010197550058364868 0.012829184532165527
0 0.21367329359054565 0.5822470188140869 0.06206250190734863 0.04769819974899292
0 0.23946654796600342 0.5753390192985535 0.07857434451580048 0.05505990982055664
0 0.5911586284637451 0.5481555461883545 0.12649744749069214 0.12187707424163818
0 0.3664540946483612 0.5675427317619324 0.055921733379364014 0.0652313232421875
0 0.17563113570213318 0.5913829803466797 0.10235413163900375 0.0690801739692688
0 0.5049430727958679 0.5200749039649963 0.013816028833389282 0.015296339988708496
0 0.3190845251083374 0.5560952425003052 0.05065879225730896 0.03996783494949341
0 0.5289566516876221 0.5185946226119995 0.01940828561782837 0.01381605863571167
0 0.48750853538513184 0.5224432945251465 0.017434507608413696 0.02368462085723877
1 0.25607800483703613 0.5326272249221802 0.005921155214309692 0.011348903179168701
0 0.6174449920654297 0.5753390192985535 0.09737008810043335 0.11842310428619385
0 0.22781498730182648 0.5837273597717285 0.06908014416694641 0.059211552143096924
0 0.5088905096054077 0.5906352996826172 0.0828961730003357 0.0976991057395935
0 0.25658345222473145 0.5649549961090088 0.07618555426597595 0.05912381410598755
0 0.42599427700042725 0.570898175239563 0.07368549704551697 0.07598817348480225
0 0.45461320877075195 0.5215551853179932 0.01447400450706482 0.017763495445251465
0 0.5070812702178955 0.5218019485473633 0.016392946243286133 0.014227628707885742
