0 0.4049413204193115 0.540305495262146 0.025329381227493286 0.02368462085723877
0 0.5483648777008057 0.5324106216430664 0.012500226497650146 0.012335777282714844
0 0.45943716168403625 0.5458923578262329 0.027083992958068848 0.037006378173828125
0 0.7131704092025757 0.5250091552734375 0.01381605863571167 0.012335717678070068
0 0.3253346383571625 0.5674441456794739 0.057566821575164795 0.06463932991027832
0 0.42566534876823425 0.5304368734359741 0.00822383165359497 0.006414592266082764
0 0.9230424761772156 0.5003377199172974 0.05756676197052002 0.043421804904937744
0 0.4365208148956299 0.531423807144165 0.006908029317855835 0.006414592266082764
0 0.5079035758972168 0.5259960293769836 0.00822383165359497 0.010362029075622559
0 0.4289548695087433 0.5250091552734375 0.012500226497650146 0.01628321409225464
0 0.9868593215942383 0.4919493794441223 0.012500226497650146 0.013322621583938599
0 0.4572448432445526 0.5250091552734375 0.008881747722625732 0.003947436809539795
0 0.4921138882637024 0.5817536115646362 0.08388304710388184 0.10312682390213013
0 0.5046141147613525 0.5304369330406189 0.01842135190963745 0.010362029075622559
0 0.818764328956604 0.5116865634918213 0.06250107288360596 0.01529628038406372
0 0.003865199163556099 0.5743521451950073 0.007730398327112198 0.015296339988708496
0 0.577312707901001 0.5210617780685425 0.008881747722625732 0.011348903179168701
0 0.6292873024940491 0.5210617780685425 0.01578974723815918 0.01529628038406372
1 0.5725421905517578 0.5442472696304321 0.009868621826171875 0.03355288505554199
0 0.9870151281356812 0.5097128748893738 0.02596980333328247 0.025658369064331055
0 0.8338961601257324 0.5077391266822815 0.02138197422027588 0.013322591781616211
0 0.4460604190826416 0.5324106216430664 0.01842138171195984 0.012335777282714844
0 0.542772650718689 0.5324106216430664 0.01578974723815918 0.013322591781616211
0 0.4750083088874817 0.5269829034805298 0.010197550058364868 0.012335777282714844
0 0.4921138882637024 0.5279697775840759 0.008881717920303345 0.007401466369628906
0 0.9615299701690674 0.4954034090042114 0.025329411029815674 0.012335777282714844
0 0.4282969832420349 0.5580689907073975 0.040461212396621704 0.054770708084106445
0 0.3960595726966858 0.5787930488586426 0.05559307336807251 0.060691893100738525
0 0.46053436398506165 0.52303546667099 0.03223741054534912 0.02368462085723877
0 0.8779759407043457 0.5087260007858276 0.05559307336807251 0.02368462085723877
