0 0.47796887159347534 0.511350154876709 0.007236987352371216 0.025647133588790894
0 0.28421550989151 0.6158002614974976 0.3082290589809418 0.16480553150177002
1 0.7187625765800476 0.5264894962310791 0.014473915100097656 0.035526931285858154
0 0.5013245344161987 0.5077391266822815 0.0019736886024475098 0.0029605627059936523
0 0.514811635017395 0.5047785639762878 0.014802932739257812 0.015296310186386108
1 0.15427902340888977 0.5452398061752319 0.03125055134296417 0.06266558170318604
1 0.37401971220970154 0.5304369330406189 0.012500226497650146 0.028618931770324707
0 0.4861927032470703 0.5069926977157593 0.009210675954818726 0.019256412982940674
0 0.4861927032470703 0.5106997489929199 0.006559640169143677 0.012945353984832764
1 0.8052772283554077 0.5225420594215393 0.01381605863571167 0.046875834465026855
1 0.3374236822128296 0.5268595218658447 0.012500196695327759 0.04669076204299927
0 0.6314131021499634 0.5099408626556396 0.04144805669784546 0.016776621341705322
0 0.6365243196487427 0.5437594652175903 0.04605346918106079 0.04835611581802368
0 0.4626561403274536 0.5112096071243286 0.029605776071548462 0.05602896213531494
0 0.5644835233688354 0.5190880298614502 0.020987212657928467 0.02763211727142334
0 0.5896052122116089 0.5269829034805298 0.02586609125137329 0.03472185134887695
0 0.6945748329162598 0.5605361461639404 0.06408780813217163 0.06701934337615967
1 0.7881717085838318 0.570898175239563 0.035855889320373535 0.08832389116287231
0 0.4508850872516632 0.5452398061752319 0.02368462085723877 0.05674445629119873
1 0.3250057101249695 0.5412929058074951 0.019737213850021362 0.04564309120178223
0 0.593146026134491 0.5300741195678711 0.020438671112060547 0.031906068325042725
1 0.7967244386672974 0.555729329586029 0.019079267978668213 0.07191324234008789
1 0.7153345346450806 0.5100244879722595 0.010526478290557861 0.01999688148498535
1 0.7417893409729004 0.5333974957466125 0.019079267978668213 0.03256630897521973
1 0.7056044340133667 0.5097128748893738 0.00592118501663208 0.021710902452468872
0 0.44852757453918457 0.5200748443603516 0.027357906103134155 0.01924377679824829
0 0.5526412725448608 0.5131669044494629 0.01842135190963745 0.022204339504241943
0 0.5059298276901245 0.5077391266822815 0.006414592266082764 0.012582540512084961
1 0.4269811511039734 0.5097128748893738 0.008552789688110352 0.022697806358337402
1 0.1634896993637085 0.5304368734359741 0.021710902452468872 0.03996783494949341
1 0.3904673457145691 0.5301079154014587 0.010160982608795166 0.03761029243469238
0 0.4243495464324951 0.5590558052062988 0.06184318661689758 0.08141595125198364
1 0.7864612936973572 0.5195814371109009 0.009342312812805176 0.035526931285858154
0 0.48152369260787964 0.5092194676399231 0.011120766401290894 0.02081957459449768
1 0.707709789276123 0.5135287046432495 0.010241448879241943 0.0325663685798645
0 0.5792864561080933 0.5254194736480713 0.019023895263671875 0.031195104122161865
1 0.5174432992935181 0.5106997489929199 0.008552730083465576 0.028618961572647095
1 0.361190527677536 0.6676104068756104 0.10394918918609619 0.26793235540390015
1 0.22434604167938232 0.5333974957466125 0.020395085215568542 0.01578974723815918
1 0.2684256434440613 0.5279699563980103 0.02500048279762268 0.037254273891448975
0 0.5696729421615601 0.5200749039649963 0.01882416009902954 0.02615177631378174
0 0.6152918338775635 0.5282388925552368 0.03899592161178589 0.0400126576423645
1 0.8279750347137451 0.5264894962310791 0.01644766330718994 0.03996783494949341
0 0.7079920172691345 0.56843101978302 0.06362593173980713 0.05970495939254761
0 0.6601582765579224 0.5514645576477051 0.05073469877243042 0.0537838339805603
1 0.9477139711380005 0.5703598260879517 0.028977811336517334 0.1041136384010315
0 0.554286003112793 0.5023114085197449 0.017434537410736084 0.008388280868530273
0 0.5736942291259766 0.5245157480239868 0.00822383165359497 0.027632057666778564
