0 0.35183286666870117 0.4287903904914856 0.015460789203643799 0.013312101364135742
0 0.3118475675582886 0.4495144486427307 0.07664608955383301 0.049342989921569824
0 0.4746793508529663 0.42237579822540283 0.008552789688110352 0.008388310670852661
0 0.49079805612564087 0.4287903904914856 0.006907999515533447 0.012829184532165527
0 0.07993561029434204 0.4287903904914856 0.02532939612865448 0.010362029075622559
0 0.4559290409088135 0.42731010913848877 0.0055921971797943115 0.012829184532165527
0 0.3707301616668701 0.4421130120754242 0.02730312943458557 0.0234491229057312
0 0.48898881673812866 0.429530531167984 0.004111915826797485 0.009375154972076416
0 0.4998442530632019 0.4287903904914856 0.011019915342330933 0.01356932520866394
1 0.24062921106815338 0.4534618854522705 0.013487070798873901 0.04292839765548706
0 0.48882433772087097 0.423362672328949 0.008552789688110352 0.007401466369628906
0 0.4782978296279907 0.4287903904914856 0.01118442416191101 0.012829184532165527
1 0.43915241956710815 0.4287903904914856 0.005263268947601318 0.016776621341705322
0 0.4630771279335022 0.43111085891723633 0.013078093528747559 0.016136497259140015
1 0.21250371634960175 0.4559290409088135 0.005921155214309692 0.03947436809539795
0 0.5700757503509521 0.4307641386985779 0.005592226982116699 0.008388310670852661
0 0.1325681060552597 0.7676856517791748 0.26513615250587463 0.4646286964416504
0 0.3769803047180176 0.4237738847732544 0.02664521336555481 0.01875033974647522
0 0.3317660093307495 0.42264771461486816 0.02912914752960205 0.008660167455673218
0 0.5118510723114014 0.4307641088962555 0.005592226982116699 0.010362029075622559
1 0.24304905533790588 0.4287903904914856 0.008223965764045715 0.022979766130447388
0 0.3473101258277893 0.4475407302379608 0.0289478600025177 0.04245638847351074
0 0.15620574355125427 0.4243495464324951 0.021053001284599304 0.016212671995162964
0 0.457902729511261 0.423362672328949 0.006250113248825073 0.007401466369628906
1 0.1809242069721222 0.44976112246513367 0.007894888520240784 0.04046124219894409
0 0.5822470188140869 0.4307641386985779 0.020395100116729736 0.013816028833389282
0 0.47040295600891113 0.4287903904914856 0.010526508092880249 0.01578974723815918
0 0.23026719689369202 0.4263232350349426 0.021053001284599304 0.01282915472984314
0 0.36382216215133667 0.45374244451522827 0.009210675954818726 0.015789777040481567
0 0.49109673500061035 0.6927752494812012 0.23660603165626526 0.3429791331291199
0 0.49079805612564087 0.4287903904914856 0.008552789688110352 0.008388310670852661
1 0.7760474681854248 0.48750853538513184 0.02537637948989868 0.08035853505134583
1 0.8513306975364685 0.46382391452789307 0.013487100601196289 0.05526411533355713
0 0.2766495943069458 0.4287903904914856 0.012500196695327759 0.0074014365673065186
0 0.5085614919662476 0.4287903904914856 0.005592167377471924 0.010362029075622559
1 0.2068292796611786 0.4530506730079651 0.009183287620544434 0.03745952248573303
1 0.5918336510658264 0.4322444200515747 0.005263209342956543 0.016776591539382935
0 0.2958122491836548 0.4243495464324951 0.017865389585494995 0.007832318544387817
0 0.41842836141586304 0.4327378273010254 0.02730312943458557 0.016776621341705322
0 0.48926299810409546 0.4287903904914856 0.003618478775024414 0.009046286344528198
1 0.1861874759197235 0.45031630992889404 0.010814324021339417 0.039166003465652466
1 0.9842277765274048 0.47961366176605225 0.02236884832382202 0.056250959634780884
