0 0.5858654975891113 0.5329040288925171 0.022039830684661865 0.03996783494949341
0 0.31645292043685913 0.5521478056907654 0.04243496060371399 0.038980960845947266
0 0.6384980082511902 0.5491872429847717 0.06447482109069824 0.06217217445373535
0 0.47040295600891113 0.4917026162147522 0.025987297296524048 0.030592650175094604
0 0.47961366176605225 0.5023114085197449 0.027632057666778564 0.015296310186386108
0 0.554286003112793 0.5215551853179932 0.007236957550048828 0.030592679977416992
0 0.4289548993110657 0.5176077485084534 0.01842138171195984 0.02368462085723877
1 0.48249202966690063 0.49922749400138855 0.005921155214309692 0.018010199069976807
0 0.34507182240486145 0.5975433588027954 0.10789662599563599 0.11052823066711426
0 0.5654704570770264 0.5245157480239868 0.010033071041107178 0.033059775829315186
0 0.4055991768836975 0.5258315205574036 0.02730312943458557 0.03848755359649658
0 0.6069185137748718 0.6434323191642761 0.35625624656677246 0.17862153053283691
0 0.47599518299102783 0.5146471858024597 0.023026734590530396 0.02368462085723877
0 0.22138544917106628 0.5975433588027954 0.0960543155670166 0.09276479482650757
0 0.4806005358695984 0.4954034090042114 0.007236987352371216 0.005427718162536621
0 0.44902098178863525 0.512344479560852 0.01282915472984314 0.022204339504241943
0 0.3395892381668091 0.5368515253067017 0.02697417140007019 0.017599046230316162
0 0.3710591197013855 0.5388252139091492 0.04210600256919861 0.03865206241607666
0 0.42434948682785034 0.5208150148391724 0.019901692867279053 0.02763199806213379
0 0.45494216680526733 0.5077391862869263 0.011184394359588623 0.016776621341705322
0 0.47796887159347534 0.5023114085197449 0.013816028833389282 0.010855436325073242
0 0.5766547918319702 0.5245157480239868 0.026645243167877197 0.04983639717102051
0 0.614484429359436 0.5299434661865234 0.06381690502166748 0.046875834465026855
0 0.45658695697784424 0.5037916898727417 0.013816028833389282 0.01381605863571167
1 0.688498854637146 0.5156340599060059 0.013487040996551514 0.060691893100738525
0 0.5072457194328308 0.49688369035720825 0.008223772048950195 0.013815999031066895
0 0.5746811032295227 0.5299434065818787 0.012829184532165527 0.041448116302490234
0 0.4345470666885376 0.5092194676399231 0.02138194441795349 0.0345400869846344
0 0.5931024551391602 0.531423807144165 0.03980332612991333 0.05822473764419556
0 0.4898112118244171 0.4939231276512146 0.01578974723815918 0.020724058151245117
0 0.4473762512207031 0.5146471858024597 0.009210705757141113 0.020724058151245117
0 0.44902098178863525 0.5092194080352783 0.013158142566680908 0.020230591297149658
0 0.5213906764984131 0.4899756908416748 0.025000393390655518 0.05526414513587952
0 0.5450752973556519 0.5047785639762878 0.015789806842803955 0.020724058151245117
0 0.5480358600616455 0.5092194080352783 0.01842135190963745 0.022204339504241943
0 0.6052737236022949 0.4993508458137512 0.009210646152496338 0.009868621826171875
0 0.5414568185806274 0.5037916898727417 0.01578974723815918 0.022204339504241943
0 0.5710626244544983 0.5166208744049072 0.02927684783935547 0.041448116302490234
0 0.2786232829093933 0.5768193006515503 0.05986945331096649 0.07056045532226562
0 0.3957306146621704 0.5329040288925171 0.027632057666778564 0.033059775829315186
1 0.5983657836914062 0.49885740876197815 0.00822383165359497 0.012335717678070068
