0 0.5572465658187866 0.5106997489929199 0.06447476148605347 0.07204073667526245
0 0.5128379464149475 0.423362672328949 0.01644766330718994 0.016776621341705322
0 0.5720494985580444 0.4194152355194092 0.004605352878570557 0.024671494960784912
0 0.7121835350990295 0.6779724359512329 0.2194117307662964 0.22154992818832397
0 0.5434305667877197 0.42188239097595215 0.02138197422027588 0.02615177631378174
0 0.4838901162147522 0.43027058243751526 0.02138194441795349 0.028372347354888916
0 0.5220485925674438 0.4840545058250427 0.026645183563232422 0.03898093104362488
0 0.8348830342292786 0.557575523853302 0.16513442993164062 0.13569316267967224
0 0.18717432022094727 0.531423807144165 0.10690976679325104 0.11348885297775269
0 0.5358646512031555 0.49688369035720825 0.03881645202636719 0.05131670832633972
0 0.10987034440040588 0.5560952425003052 0.047040291130542755 0.08042901754379272
0 0.9447534084320068 0.5536280870437622 0.0921068787574768 0.12434428930282593
0 0.514811635017395 0.47023850679397583 0.026645183563232422 0.03305980563163757
