1 0.9345558285713196 0.5911287665367126 0.05263245105743408 0.16431212425231934
1 0.5056009292602539 0.4954034090042114 0.007565915584564209 0.03305980563163757
0 0.4657976031303406 0.500831127166748 0.013816028833389282 0.013815999031066895
0 0.5598782300949097 0.5131669044494629 0.03519797325134277 0.04391521215438843
0 0.4919493794441223 0.4976236820220947 0.010033100843429565 0.012089043855667114
0 0.34901925921440125 0.49639028310775757 0.059869468212127686 0.031086087226867676
1 0.590799868106842 0.4993506073951721 0.014474034309387207 0.04268169403076172
0 0.06299452483654022 0.5817536115646362 0.12598904967308044 0.14950919151306152
1 0.07730398327112198 0.505765438079834 0.022039860486984253 0.03552690148353577
0 0.5036272406578064 0.49688369035720825 0.006579041481018066 0.016776591539382935
1 0.7911322712898254 0.5452398061752319 0.0365138053894043 0.10312679409980774
1 0.4782978296279907 0.4944165349006653 0.011842340230941772 0.030592650175094604
0 0.6006684303283691 0.488495409488678 0.01381605863571167 0.023684650659561157
0 0.004934296943247318 0.6271491050720215 0.009868593886494637 0.07105392217636108
0 0.37369075417518616 0.4806005358695984 0.11184406280517578 0.06661298871040344
1 0.2822417914867401 0.4954034090042114 0.007565915584564209 0.017763495445251465
0 0.2477017045021057 0.5348777770996094 0.06250108778476715 0.07401442527770996
0 0.5685068368911743 0.49251872301101685 0.007945477962493896 0.0051240622997283936
0 0.3421112596988678 0.5146471858024597 0.035855889320373535 0.03750064969062805
0 0.18783223628997803 0.5546149611473083 0.0845409631729126 0.10213994979858398
1 0.6133003234863281 0.5270814895629883 0.018750369548797607 0.05467212200164795
1 0.47402143478393555 0.4954034090042114 0.01282915472984314 0.03947436809539795
0 0.4842190146446228 0.4993508458137512 0.01282915472984314 0.015296339988708496
0 0.5220485925674438 0.4939230978488922 0.027632057666778564 0.030592620372772217
0 0.3575720489025116 0.5106997489929199 0.024671494960784912 0.035526931285858154
0 0.47618308663368225 0.5029457807540894 0.00883471965789795 0.011066943407058716
1 0.8378435969352722 0.6103725433349609 0.05098772048950195 0.1771412491798401
0 0.4539552927017212 0.500831127166748 0.013816028833389282 0.016776591539382935
1 0.3245121240615845 0.5008310079574585 0.010197550058364868 0.0318259596824646
0 0.29112350940704346 0.5289566516876221 0.04736924171447754 0.051316678524017334
0 0.5513254404067993 0.49490994215011597 0.057895779609680176 0.02861890196800232
