0 0.4131651222705841 0.5625098943710327 0.049342989921569824 0.059211552143096924
0 0.5056009888648987 0.5319172143936157 0.015131860971450806 0.017270028591156006
0 0.49902188777923584 0.5225419998168945 0.003289550542831421 0.012335717678070068
0 0.2384909987449646 0.6636629104614258 0.16842399537563324 0.18503612279891968
0 0.47763994336128235 0.5926090478897095 0.07927769422531128 0.10806107521057129
0 0.4688899517059326 0.5161024332046509 0.003914564847946167 0.006044447422027588
0 0.37401971220970154 0.5585623979568481 0.035855889320373535 0.03996777534484863
0 0.44836312532424927 0.533890962600708 0.01940825581550598 0.022204339504241943
0 0.4723767042160034 0.5274763107299805 0.009210675954818726 0.012335717678070068
1 0.6184318661689758 0.5620164275169373 0.013487100601196289 0.02615177631378174
1 0.6562615036964417 0.570898175239563 0.01644766330718994 0.03404664993286133
0 0.5049430727958679 0.5615206360816956 0.03585591912269592 0.05032980442047119
0 0.4924428164958954 0.5195814371109009 0.011842310428619385 0.024671494960784912
1 0.611194908618927 0.5437594652175903 0.01644766330718994 0.04292839765548706
