0 0.023520326241850853 0.49096253514289856 0.020230714231729507 0.008881807327270508
1 0.25460970401763916 0.4840545356273651 0.004605323076248169 0.01578974723815918
0 0.534548819065094 0.46629106998443604 0.02203989028930664 0.02615174651145935
0 0.5730363130569458 0.46333047747612 0.01842135190963745 0.024671494960784912
0 0.5480359196662903 0.4998442530632019 0.02368462085723877 0.03404662013053894
1 0.5404700040817261 0.4781333804130554 0.007565915584564209 0.017270058393478394
1 0.13585764169692993 0.5023114085197449 0.011513352394104004 0.05131670832633972
0 0.5852075815200806 0.4608633518218994 0.01578974723815918 0.017763465642929077
0 0.09572535753250122 0.4993508458137512 0.04243495315313339 0.03305980563163757
0 0.6164581775665283 0.46234363317489624 0.011842310428619385 0.008388310670852661
0 0.0384875163435936 0.48553478717803955 0.029276827350258827 0.013816028833389282
0 0.5509964823722839 0.46234363317489624 0.011184453964233398 0.013816028833389282
0 0.4985284209251404 0.5035449266433716 0.036349326372146606 0.03700724244117737
0 0.5529701709747314 0.4731990694999695 0.021053016185760498 0.022204339504241943
0 0.5207327604293823 0.4746793508529663 0.023026764392852783 0.02368462085723877
1 0.3799408972263336 0.492442786693573 0.004605352878570557 0.019737154245376587
0 0.591457724571228 0.45642244815826416 0.014802932739257812 0.019243746995925903
0 0.5796974897384644 0.5141535401344299 0.05106991529464722 0.06611955165863037
0 0.6026421189308167 0.457902729511261 0.01019752025604248 0.015296310186386108
0 0.5358644723892212 0.5094164609909058 0.035592615604400635 0.04115194082260132
1 0.6695839166641235 0.49466314911842346 0.010526418685913086 0.04613560438156128
0 0.5677731037139893 0.46777135133743286 0.01578974723815918 0.019243746995925903
0 0.6081246137619019 0.4562579095363617 0.0072370171546936035 0.014309465885162354
0 0.5611940622329712 0.45247501134872437 0.012829124927520752 0.013816028833389282
0 0.024178054183721542 0.5161274671554565 0.048356108367443085 0.06908014416694641
