0 0.5282987356185913 0.5136603116989136 0.015460789203643799 0.01578974723815918
0 0.6102080345153809 0.5106997489929199 0.02401357889175415 0.016776621341705322
0 0.19079281389713287 0.5556018352508545 0.0960543155670166 0.05822467803955078
0 0.508232593536377 0.5116865634918213 0.022039830684661865 0.03404662013053894
0 0.6036289930343628 0.5062588453292847 0.007236957550048828 0.008881747722625732
0 0.5375094413757324 0.5116865634918213 0.011842310428619385 0.016776621341705322
0 0.5204038619995117 0.5146471261978149 0.007236957550048828 0.01776343584060669
0 0.636721670627594 0.5168181657791138 0.0359874963760376 0.028125464916229248
0 0.4924428164958954 0.5166208744049072 0.022039830684661865 0.030099213123321533
0 0.26085981726646423 0.542772650718689 0.0884883850812912 0.0537838339805603
0 0.4500078558921814 0.5166208744049072 0.05098772048950195 0.023191213607788086
0 0.46974506974220276 0.5126734375953674 0.02401357889175415 0.018750309944152832
0 0.5727074146270752 0.5266540050506592 0.027303099632263184 0.030099213123321533
0 0.6454060077667236 0.5259960293769836 0.0480271577835083 0.031086087226867676
0 0.36809855699539185 0.5289566516876221 0.056579917669296265 0.0310860276222229
0 0.5750100612640381 0.5087260007858276 0.02993476390838623 0.017763465642929077
