0 0.5483648777008057 0.5269829034805298 0.020724058151245117 0.02615177631378174
0 0.47040295600891113 0.5146471858024597 0.006579071283340454 0.0029605627059936523
0 0.5210617780685425 0.5126734375953674 0.003289520740509033 0.0049343109130859375
0 0.3013210594654083 0.5126734375953674 0.006579041481018066 0.0029605627059936523
0 0.508232593536377 0.5126734375953674 0.005263268947601318 0.0049343109130859375
0 0.5023114681243896 0.5028048753738403 0.0026316046714782715 0.003947436809539795
0 0.38717782497406006 0.5106997489929199 0.00789487361907959 0.003947436809539795
0 0.5394831299781799 0.5166208744049072 0.009210705757141113 0.013815999031066895
0 0.5157985091209412 0.5106997489929199 0.00789487361907959 0.011842310428619385
0 0.45231056213378906 0.5146471858024597 0.009868592023849487 0.012829184532165527
0 0.4000067114830017 0.5269829034805298 0.028619229793548584 0.03207290172576904
0 0.34276914596557617 0.5338909029960632 0.0460534393787384 0.046875834465026855
0 0.04745148867368698 0.5985301733016968 0.09490297734737396 0.1406274437904358
0 0.4944165349006653 0.5126734972000122 0.003289550542831421 0.003947436809539795
0 0.09886854141950607 0.5196709632873535 0.027631714940071106 0.009330213069915771
0 0.4743503928184509 0.5329040288925171 0.02138194441795349 0.02713865041732788
0 0.4789557456970215 0.5146471261978149 0.003289520740509033 0.003947436809539795
0 0.4759289026260376 0.5225419998168945 0.01315811276435852 0.01381605863571167
0 0.5056009292602539 0.5368515253067017 0.02401357889175415 0.02713865041732788
0 0.1769767701625824 0.5933985114097595 0.2515833377838135 0.2383265197277069
0 0.4190862774848938 0.5106997489929199 0.0026316046714782715 0.003947436809539795
0 0.29145246744155884 0.5126734375953674 0.013816028833389282 0.009868621826171875
0 0.41184931993484497 0.5106997489929199 0.002631634473800659 0.0029606223106384277
0 0.41842836141586304 0.5106997489929199 0.003289550542831421 0.0029606223106384277
0 0.5302724838256836 0.5116865634918213 0.0026316046714782715 0.003947436809539795
0 0.43323126435279846 0.5250091552734375 0.020066142082214355 0.02319115400314331
0 0.48915329575538635 0.5185946226119995 0.009210705757141113 0.0098685622215271
0 0.3733617961406708 0.5146471858024597 0.008552789688110352 0.00789487361907959
0 0.4944165349006653 0.5126734375953674 0.006579071283340454 0.0049343109130859375
0 0.5276408195495605 0.5106997489929199 0.003289520740509033 0.003947436809539795
0 0.014062746427953243 0.5269829034805298 0.028125492855906487 0.009868621826171875
