0 0.35905224084854126 0.5124266147613525 0.014144957065582275 0.01578974723815918
0 0.3305978775024414 0.509712815284729 0.010526508092880249 0.014309465885162354
0 0.37846046686172485 0.5153871774673462 0.009046226739883423 0.021217525005340576
0 0.38948050141334534 0.5166208744049072 0.02171093225479126 0.019737184047698975
0 0.2904655933380127 0.5136603116989136 0.011513382196426392 0.014309465885162354
0 0.4134939908981323 0.5173609256744385 0.022697746753692627 0.022697806358337402
0 0.32368987798690796 0.518101155757904 0.019079267978668213 0.0212174654006958
0 0.1283738762140274 0.6740249991416931 0.2567477524280548 0.32517027854919434
0 0.27072837948799133 0.5153871774673462 0.016612112522125244 0.019737184047698975
0 0.24030019342899323 0.5181010961532593 0.01611870527267456 0.018503665924072266
0 0.43059954047203064 0.5222952365875244 0.025658369064331055 0.023437917232513428
