1 0.20493778586387634 0.8027191162109375 0.103949174284935 0.394561767578125
0 0.09835697710514069 0.48701512813568115 0.04243495315313339 0.027587682008743286
0 0.9542842507362366 0.5807667374610901 0.09143149852752686 0.136680006980896
0 0.2289513796567917 0.5062588453292847 0.03947409987449646 0.04144808650016785
0 0.18224003911018372 0.4840545058250427 0.01743452250957489 0.01085546612739563
0 0.5179377794265747 0.595322847366333 0.2972089648246765 0.13667994737625122
1 0.8750153183937073 0.5190880298614502 0.023026704788208008 0.08733704686164856
0 0.30191275477409363 0.4978705644607544 0.017697274684906006 0.024671465158462524
0 0.2134905755519867 0.488495409488678 0.012829169631004333 0.012335747480392456
0 0.292439341545105 0.49484145641326904 0.018183797597885132 0.024059295654296875
0 0.15336006879806519 0.4825742244720459 0.010197550058364868 0.006908029317855835
0 0.31979477405548096 0.4997657537460327 0.02834230661392212 0.03673061728477478
0 0.17763468623161316 0.5047785639762878 0.015280365943908691 0.034110307693481445
0 0.16020017862319946 0.5047785639762878 0.034013763070106506 0.046875834465026855
0 0.028910377994179726 0.4921380579471588 0.05782075598835945 0.03423529863357544
0 0.27796539664268494 0.49096256494522095 0.011184394359588623 0.017763465642929077
0 0.395466148853302 0.4939231276512146 0.04894950985908508 0.035226970911026
0 0.21201030910015106 0.4939231276512146 0.0055921971797943115 0.018503576517105103
0 0.2555965781211853 0.48553481698036194 0.01743452250957489 0.011348903179168701
0 0.4250074326992035 0.5240223407745361 0.07993561029434204 0.08536332845687866
0 0.20987209677696228 0.495304673910141 0.0055921971797943115 0.01924377679824829
0 0.28520235419273376 0.4939231276512146 0.007236957550048828 0.019243746995925903
0 0.11608439683914185 0.5203588008880615 0.04586417227983475 0.06069186329841614
0 0.3634932041168213 0.49639028310775757 0.02524346113204956 0.02817884087562561
0 0.05222130939364433 0.5630033016204834 0.10444261878728867 0.11595600843429565
0 0.08832390606403351 0.5306219458580017 0.061370328068733215 0.07056045532226562
0 0.20066140592098236 0.4939231276512146 0.02105298638343811 0.02615177631378174
0 0.19506919384002686 0.4993508458137512 0.018421366810798645 0.02615177631378174
0 0.22171440720558167 0.48553481698036194 0.004605352878570557 0.006907999515533447
1 0.32237404584884644 0.8173986673355103 0.08848837018013 0.36520272493362427
0 0.1325681060552597 0.4840545058250427 0.025658339262008667 0.013816028833389282
0 0.3556540012359619 0.4924428462982178 0.016174376010894775 0.020724058151245117
0 0.14342355728149414 0.5161274671554565 0.03125055134296417 0.04983639717102051
0 0.3817172050476074 0.525502622127533 0.03914538025856018 0.06444191932678223
0 0.3329005539417267 0.5077391266822815 0.03370702266693115 0.03674447536468506
0 0.2004837691783905 0.4978705644607544 0.007236972451210022 0.022204309701919556
0 0.18585851788520813 0.500831127166748 0.017434507608413696 0.028290003538131714
0 0.9867184162139893 0.5127439498901367 0.026128292083740234 0.01741105318069458
