0 0.27007052302360535 0.5373449325561523 0.028618931770324707 0.02615177631378174
0 0.3342163562774658 0.5195814371109009 0.010526508092880249 0.004934251308441162
0 0.39309898018836975 0.5205683708190918 0.012171268463134766 0.016776621341705322
0 0.3174397647380829 0.5195814371109009 0.008552789688110352 0.00789487361907959
0 0.5036272406578064 0.5348777770996094 0.09243583679199219 0.15987122058868408
0 0.841791033744812 0.5067523121833801 0.03782963752746582 0.01875033974647522
0 0.42731010913848877 0.5195814371109009 0.011184394359588623 0.012829124927520752
0 0.16677923500537872 0.5245157480239868 0.010526508092880249 0.005921125411987305
0 0.34836137294769287 0.5304369330406189 0.022039860486984253 0.01825690269470215
0 0.3845462203025818 0.5259960293769836 0.018092423677444458 0.018750309944152832
0 0.381256639957428 0.5151405334472656 0.009210675954818726 0.006907999515533447
0 0.36250633001327515 0.5279697179794312 0.012500196695327759 0.014309465885162354
0 0.2174380123615265 0.5240223407745361 0.012500226497650146 0.0049343109130859375
0 0.4092176854610443 0.5225420594215393 0.011842310428619385 0.012829184532165527
0 0.4365208148956299 0.5176077485084534 0.008552759885787964 0.009868621826171875
