0 0.009210687130689621 0.46333047747612 0.018421374261379242 0.02368462085723877
1 0.810869574546814 0.5415391325950623 0.02171093225479126 0.05674445629119873
1 0.20855538547039032 0.51674485206604 0.018585950136184692 0.0622955858707428
1 0.08207342028617859 0.4640708267688751 0.01282917708158493 0.03429347276687622
0 0.13061466813087463 0.8111693263053894 0.26122933626174927 0.3776613473892212
1 0.18322688341140747 0.508232593536377 0.015131846070289612 0.07401445508003235
1 0.22599080204963684 0.4840545356273651 0.012500211596488953 0.04835611581802368
1 0.21381953358650208 0.4712253510951996 0.0055921971797943115 0.009868621826171875
1 0.17204248905181885 0.508232593536377 0.020066142082214355 0.08684363961219788
0 0.839379072189331 0.5811507105827332 0.06911683082580566 0.07823610305786133
1 0.8783048391342163 0.5565886497497559 0.021710872650146484 0.06118530035018921
1 0.6604182124137878 0.5140638947486877 0.005592226982116699 0.036468714475631714
0 0.07878292351961136 0.48898959159851074 0.027137845754623413 0.04292777180671692
1 0.7131704092025757 0.5279697179794312 0.012500226497650146 0.04292839765548706
0 0.8606511354446411 0.5907999277114868 0.07807105779647827 0.08042901754379272
1 0.21233916282653809 0.471225380897522 0.012829169631004333 0.01850360631942749
0 0.30779051780700684 0.504230260848999 0.10409539937973022 0.05252283811569214
1 0.8707391023635864 0.5395662784576416 0.0065787434577941895 0.03922909498214722
0 0.61374431848526 0.5116866230964661 0.021875381469726562 0.03305980563163757
0 0.8139400482177734 0.5736943483352661 0.05230361223220825 0.07056057453155518
0 0.8098825812339783 0.5353711843490601 0.034211158752441406 0.04588896036148071
0 0.9149271845817566 0.6054379343986511 0.07620716094970703 0.0904616117477417
0 0.22549723088741302 0.6668703556060791 0.20987221598625183 0.22006970643997192
0 0.9776067137718201 0.6360306739807129 0.04478657245635986 0.10154765844345093
1 0.25822821259498596 0.4880019426345825 0.011513352394104004 0.038487523794174194
0 0.49266213178634644 0.525667130947113 0.2390393316745758 0.4044479429721832
0 0.7569809556007385 0.5429521799087524 0.10335111618041992 0.055936992168426514
0 0.04062571004033089 0.4840545058250427 0.08125142008066177 0.05526411533355713
1 0.6528075933456421 0.5144006013870239 0.009539783000946045 0.04292839765548706
0 0.8084014654159546 0.5170525312423706 0.036718904972076416 0.031209290027618408
1 0.19079281389713287 0.5210617780685425 0.03519797325134277 0.08388307690620422
1 0.27335959672927856 0.5281672477722168 0.029013723134994507 0.08911353349685669
0 0.9309373497962952 0.6019842028617859 0.10526502132415771 0.11496913433074951
1 0.6648142337799072 0.5151405930519104 0.006579101085662842 0.038487523794174194
1 0.6723802089691162 0.5136603116989136 0.006579101085662842 0.03552690148353577
