0 0.4000070095062256 0.5279697775840759 0.016776591539382935 0.01578974723815918
0 0.35658520460128784 0.538825273513794 0.02664521336555481 0.03799408674240112
0 0.8542912602424622 0.5077391862869263 0.009868621826171875 0.011842310428619385
0 0.48356109857559204 0.5037916898727417 0.011184394359588623 0.018750369548797607
0 0.6049448251724243 0.5060943365097046 0.011184394359588623 0.004934251308441162
0 0.5217196345329285 0.5575755834579468 0.048685044050216675 0.048849523067474365
0 0.5157985091209412 0.5319172143936157 0.0253293514251709 0.03207290172576904
0 0.5835628509521484 0.5176077485084534 0.011184394359588623 0.012829184532165527
0 0.5496807098388672 0.5087260007858276 0.0019736886024475098 0.003947436809539795
0 0.8289618492126465 0.5077391862869263 0.016776621341705322 0.011842310428619385
0 0.5151405930519104 0.5047785639762878 0.011184453964233398 0.011842340230941772
0 0.839159369468689 0.5087260007858276 0.02401357889175415 0.009868621826171875
0 0.3786250352859497 0.5457332134246826 0.03388217091560364 0.03799408674240112
0 0.70001220703125 0.509712815284729 0.003947436809539795 0.003947436809539795
0 0.32007139921188354 0.5185946226119995 0.027303099632263184 0.04588896036148071
0 0.4350171983242035 0.5083029866218567 0.009304583072662354 0.004652142524719238
0 0.5463911294937134 0.5176077485084534 0.007236957550048828 0.014802932739257812
0 0.41250723600387573 0.5309303402900696 0.02138194441795349 0.01578974723815918
0 0.3957306146621704 0.5116865634918213 0.012500226497650146 0.01578974723815918
0 0.4286259114742279 0.5225419998168945 0.01611870527267456 0.016776621341705322
0 0.526324987411499 0.5259960889816284 0.007236957550048828 0.01776343584060669
0 0.29276829957962036 0.5250091552734375 0.04539552330970764 0.03898090124130249
0 0.4338891804218292 0.5116865634918213 0.016776621341705322 0.011842310428619385
0 0.5261057615280151 0.5133312940597534 0.006140410900115967 0.011842310428619385
0 0.5171142816543579 0.5106997489929199 0.016776621341705322 0.010855495929718018
0 0.5381673574447632 0.5176077485084534 0.011184394359588623 0.01578974723815918
0 0.45099472999572754 0.5176077485084534 0.007730364799499512 0.009868621826171875
0 0.8031048774719238 0.515634298324585 0.006579041481018066 0.010263264179229736
0 0.20099036395549774 0.5945827960968018 0.10658082365989685 0.08783048391342163
0 0.445073664188385 0.5190879702568054 0.008223801851272583 0.011348843574523926
