0 0.3901383876800537 0.5615229606628418 0.02861890196800232 0.03750067949295044
0 0.17162060737609863 0.5964857935905457 0.08806498348712921 0.07218122482299805
0 0.6595510244369507 0.6404717564582825 0.09671223163604736 0.10510051250457764
0 0.37319737672805786 0.5706515312194824 0.03273078799247742 0.03996777534484863
0 0.7944217920303345 0.5896484851837158 0.1115151047706604 0.0636523962020874
0 0.5019824504852295 0.5649770498275757 0.02796107530593872 0.03651386499404907
0 0.6641563177108765 0.565963864326477 0.06842225790023804 0.038980960845947266
0 0.48882436752319336 0.5590558052062988 0.009210675954818726 0.01776343584060669
0 0.28520235419273376 0.6044514179229736 0.07664607465267181 0.07450789213180542
0 0.5710626244544983 0.5768193006515503 0.04506659507751465 0.05131673812866211
0 0.08388304710388184 0.6197476983070374 0.14112088084220886 0.0636523962020874
0 0.5286276936531067 0.5644835233688354 0.007236957550048828 0.006907999515533447
0 0.2131616175174713 0.5837273001670837 0.060856327414512634 0.038980960845947266
0 0.6253398656845093 0.5590558052062988 0.049671947956085205 0.03996783494949341
0 0.5434305667877197 0.5536280870437622 0.02598726749420166 0.033059775829315186
0 0.6292873620986938 0.5407989025115967 0.011842310428619385 0.008388340473175049
0 0.2592150568962097 0.5674441456794739 0.04144810140132904 0.03305983543395996
0 0.4861927032470703 0.668103814125061 0.09967279434204102 0.11743628978729248
0 0.7131703495979309 0.56843101978302 0.08750152587890625 0.05970495939254761
