0 0.8546202182769775 0.536358118057251 0.05131673812866211 0.030099213123321533
0 0.32401883602142334 0.5343843698501587 0.03223741054534912 0.03404664993286133
0 0.26974156498908997 0.52303546667099 0.024671494960784912 0.015296339988708496
0 0.3643704950809479 0.5304368734359741 0.05022019147872925 0.027796566486358643
0 0.2424384504556656 0.5259960889816284 0.00822383165359497 0.009375154972076416
0 0.419086217880249 0.536358118057251 0.07023146748542786 0.035526931285858154
0 0.39457955956459045 0.5333975553512573 0.02236884832382202 0.024671435356140137
0 0.6500113606452942 0.5383317470550537 0.06447482109069824 0.03207296133041382
0 0.7878427505493164 0.5363580584526062 0.05625098943710327 0.03207290172576904
0 0.9444243907928467 0.5343843698501587 0.041119158267974854 0.028618931770324707
0 0.4227047562599182 0.5363580584526062 0.06381690502166748 0.028618931770324707
0 0.2325698584318161 0.5259960293769836 0.01315811276435852 0.013322591781616211
0 0.22719663381576538 0.5289567112922668 0.00361846387386322 0.010362029075622559
0 0.258063942193985 0.531423807144165 0.01578974723815918 0.01529628038406372
0 0.2914525270462036 0.5276408195495605 0.01842138171195984 0.013980567455291748
0 0.3362555503845215 0.5242197513580322 0.022960960865020752 0.01953965425491333
0 0.9944252967834473 0.5240223407745361 0.009539604187011719 0.015296339988708496
0 0.302636981010437 0.5264894962310791 0.018750309944152832 0.012335777282714844
