0 0.4305996298789978 0.5477069616317749 0.01842138171195984 0.020724058151245117
0 0.5463911294937134 0.5269829034805298 0.011842310428619385 0.013815999031066895
0 0.5187590718269348 0.5023114085197449 0.006579041481018066 0.006908029317855835
0 0.5704047083854675 0.5654703974723816 0.04506659507751465 0.04983639717102051
1 0.6572483777999878 0.5491872429847717 0.0098685622215271 0.03848755359649658
1 0.7116941213607788 0.5435137748718262 0.01973634958267212 0.04304450750350952
0 0.5207327604293823 0.500831127166748 0.005592167377471924 0.008388280868530273
0 0.5243512988090515 0.4919500946998596 0.005592226982116699 0.005427718162536621
0 0.39090484380722046 0.5602096319198608 0.01633894443511963 0.02911233901977539
1 0.5993525981903076 0.5407989025115967 0.005592226982116699 0.011348903179168701
0 0.6200766563415527 0.5477069616317749 0.028618931770324707 0.010855436325073242
0 0.357901006937027 0.570898175239563 0.04704028367996216 0.0537838339805603
2 0.4263232350349426 0.5491872429847717 0.005263239145278931 0.02368462085723877
0 0.5467202663421631 0.5582356452941895 0.022368967533111572 0.03634953498840332
1 0.45691588521003723 0.5225419998168945 0.0029605627059936523 0.014309465885162354
0 0.5355356931686401 0.5116865634918213 0.01019752025604248 0.012335717678070068
1 0.31118911504745483 0.5649778842926025 0.007237046957015991 0.043915390968322754
0 0.511522114276886 0.500831127166748 0.007236957550048828 0.006908029317855835
1 0.3960595726966858 0.5506675243377686 0.006579071283340454 0.017270028591156006
0 0.6273136138916016 0.5931024551391602 0.0845409631729126 0.08832389116287231
0 0.5934314131736755 0.5560952425003052 0.01644766330718994 0.024671494960784912
0 0.4654686748981476 0.5200748443603516 0.007236957550048828 0.012335717678070068
1 0.7345523238182068 0.536358118057251 0.009868621826171875 0.014802873134613037
0 0.5556018352508545 0.533890962600708 0.011842310428619385 0.006907999515533447
0 0.5059298872947693 0.5753390192985535 0.05526411533355713 0.07450783252716064
1 0.20987209677696228 0.5738587379455566 0.021710902452468872 0.05575752258300781
0 0.5187590718269348 0.4924428462982178 0.005592226982116699 0.008388310670852661
0 0.38355934619903564 0.5639901161193848 0.017434537410736084 0.03157949447631836
1 0.5661283731460571 0.5210617780685425 0.004605352878570557 0.011348903179168701
1 0.9743591547012329 0.5669506788253784 0.031250596046447754 0.11102169752120972
0 0.6256688237190247 0.537838339805603 0.009210705757141113 0.015296339988708496
0 0.44079717993736267 0.5353711843490601 0.012829184532165527 0.020723998546600342
0 0.542772650718689 0.5215551853179932 0.01019752025604248 0.015296339988708496
0 0.5447463989257812 0.5501741170883179 0.025000393390655518 0.033059775829315186
0 0.5111929774284363 0.4898129105567932 0.006579041481018066 0.009868592023849487
0 0.49310073256492615 0.5161274671554565 0.00822383165359497 0.009868621826171875
0 0.5447463989257812 0.5240223407745361 0.012829124927520752 0.010855436325073242
0 0.793105959892273 0.6636629104614258 0.2595440149307251 0.2551031708717346
0 0.47928470373153687 0.533890962600708 0.014802873134613037 0.01776343584060669
0 0.6026421785354614 0.5516543984413147 0.011842310428619385 0.013815999031066895
1 0.5138248205184937 0.518101155757904 0.003947436809539795 0.01578974723815918
0 0.49310073256492615 0.500831127166748 0.006579041481018066 0.006908029317855835
0 0.5355356931686401 0.5491872429847717 0.004605352878570557 0.019243717193603516
0 0.560207188129425 0.5393186807632446 0.009210705757141113 0.010855495929718018
0 0.5822470188140869 0.5324106216430664 0.01019752025604248 0.013815999031066895
1 0.4529684782028198 0.5199123620986938 0.0055921971797943115 0.01825660467147827
0 0.47928470373153687 0.5161274671554565 0.009210705757141113 0.01381605863571167
0 0.5069167613983154 0.5432660579681396 0.03223741054534912 0.024671494960784912
1 0.5871813297271729 0.540305495262146 0.008223772048950195 0.014802873134613037
1 0.23026719689369202 0.574845552444458 0.016447648406028748 0.05575758218765259
