0 0.48717957735061646 0.537838339805603 0.005921155214309692 0.00789487361907959
0 0.49989914894104004 0.5365226864814758 0.008114099502563477 0.004605293273925781
0 0.5582334995269775 0.5388252139091492 0.015460789203643799 0.010855436325073242
1 0.004852058365941048 0.6177739500999451 0.009704116731882095 0.05526411533355713
0 0.6546167135238647 0.538825273513794 0.002631664276123047 0.003947436809539795
0 0.6395317316055298 0.538754940032959 0.009868621826171875 0.013745784759521484
0 0.6261622309684753 0.533767580986023 0.004111886024475098 0.009991884231567383
0 0.6167870759963989 0.533890962600708 0.025987327098846436 0.014802873134613037
0 0.6519850492477417 0.537838339805603 0.011184394359588623 0.016776621341705322
1 0.06776434183120728 0.6059316396713257 0.013158123940229416 0.05279695987701416
0 0.6447480916976929 0.537838339805603 0.009210646152496338 0.016776621341705322
0 0.6361953020095825 0.5358646512031555 0.017434537410736084 0.01578974723815918
0 0.5872909426689148 0.5414568185806274 0.02839946746826172 0.01842135190963745
0 0.6185414791107178 0.5358646512031555 0.013158142566680908 0.005921125411987305
0 0.5536280870437622 0.5348777770996094 0.01611870527267456 0.008881688117980957
0 0.5640723705291748 0.5357413291931152 0.032648563385009766 0.01295250654220581
0 0.4782978296279907 0.5368515253067017 0.006579071283340454 0.008881747722625732
0 0.4898111820220947 0.5417858362197876 0.009210675954818726 0.0098685622215271
0 0.668103814125061 0.5368515253067017 0.02927684783935547 0.02319115400314331
0 0.46974503993988037 0.5417858362197876 0.009210675954818726 0.0098685622215271
0 0.5654704570770264 0.5417858362197876 0.025329411029815674 0.016776621341705322
1 0.009868593886494637 0.6217213869094849 0.01414498407393694 0.022204339504241943
