0 0.423362672328949 0.5126734972000122 0.014473915100097656 0.019737184047698975
1 0.5352067351341248 0.5077391862869263 0.004276394844055176 0.018750369548797607
0 0.9210687875747681 0.5003377199172974 0.04605346918106079 0.01875033974647522
0 0.3804492652416229 0.557351291179657 0.07377511262893677 0.09294414520263672
0 0.054688457399606705 0.8111984133720398 0.10937691479921341 0.3192490339279175
0 0.44277089834213257 0.5013245940208435 0.015131831169128418 0.013322621583938599
0 0.4572448432445526 0.5003377199172974 0.00822383165359497 0.008388310670852661
0 0.44145506620407104 0.5289566516876221 0.03421112895011902 0.03898090124130249
0 0.4075729250907898 0.5156340599060059 0.025329411029815674 0.030099213123321533
0 0.04630015417933464 0.5713915824890137 0.09260030835866928 0.10806107521057129
1 0.6623475551605225 0.5200749635696411 0.01233583688735962 0.044902265071868896
0 0.9758306741714478 0.5116865634918213 0.04833859205245972 0.049342960119247437
1 0.6121817827224731 0.5176077485084534 0.010855436325073242 0.031086087226867676
1 0.6519851088523865 0.5210617780685425 0.0049343109130859375 0.03799408674240112
0 0.9588983654975891 0.5003377199172974 0.05690884590148926 0.028618931770324707
0 0.5250091552734375 0.5003377199172974 0.021381914615631104 0.03602033853530884
0 0.9621878862380981 0.5116865634918213 0.06447482109069824 0.0444086492061615
0 0.3822435140609741 0.5077391862869263 0.007565945386886597 0.006414592266082764
1 0.5455687642097473 0.5047786235809326 0.0050165653228759766 0.017270028591156006
1 0.5431015491485596 0.5047786235809326 0.003289520740509033 0.019737213850021362
0 0.2654651701450348 0.5259960889816284 0.02401357889175415 0.02171093225479126
1 0.6279715299606323 0.5106997489929199 0.01019752025604248 0.03898090124130249
0 0.989317774772644 0.5324106216430664 0.021364450454711914 0.03207290172576904
0 0.11677835881710052 0.5630033016204834 0.07138282060623169 0.08240276575088501
0 0.35494041442871094 0.5136603116989136 0.008881747722625732 0.014309465885162354
0 0.24704380333423615 0.5304369330406189 0.025987297296524048 0.02368462085723877
0 0.4565046727657318 0.5168676376342773 0.02401357889175415 0.03182625770568848
0 0.3346615433692932 0.5385059118270874 0.04553091526031494 0.0615045428276062
0 0.36020368337631226 0.5116865634918213 0.010197550058364868 0.013322591781616211
0 0.5056010484695435 0.6188843250274658 0.1098703145980835 0.1354464888572693
0 0.49441641569137573 0.5215552449226379 0.05065879225730896 0.05674445629119873
0 0.23553043603897095 0.5200748443603516 0.012500226497650146 0.012335717678070068
0 0.4689226746559143 0.5111931562423706 0.01628318428993225 0.024671494960784912
0 0.29375511407852173 0.5259960293769836 0.03421112895011902 0.0424349308013916
0 0.7049465179443359 0.5003377199172974 0.021381914615631104 0.017270028591156006
0 0.6917227506637573 0.5046799182891846 0.04079025983810425 0.026645243167877197
