0 0.8932634592056274 0.7450788021087646 0.21347308158874512 0.2787877917289734
0 0.4838900566101074 0.3910430073738098 0.08700811862945557 0.05797800421714783
0 0.41579675674438477 0.460863322019577 0.019408226013183594 0.03157949447631836
0 0.3671116828918457 0.4608633518218994 0.03125053644180298 0.04144808650016785
0 0.488495409488678 0.525502622127533 0.13421288132667542 0.22747111320495605
0 0.7756714820861816 0.6014907360076904 0.13519972562789917 0.10362023115158081
1 0.011513358913362026 0.4998442530632019 0.021052999421954155 0.08388301730155945
0 0.03338874131441116 0.6098790764808655 0.06677748262882233 0.13914716243743896
0 0.5667862296104431 0.4648107886314392 0.046053409576416016 0.05674442648887634
0 0.5519833564758301 0.4455670118331909 0.014802873134613037 0.024671494960784912
0 0.3888225853443146 0.45987647771835327 0.028289973735809326 0.03898093104362488
0 0.4213889539241791 0.4347115755081177 0.01019752025604248 0.01085546612739563
0 0.3174397647380829 0.45247501134872437 0.06447482109069824 0.07598817348480225
0 0.6302741765975952 0.742118239402771 0.3789540231227875 0.36809855699539185
1 0.40823084115982056 0.43569841980934143 0.006579071283340454 0.017270028591156006
1 0.65897536277771 0.45506551861763 0.01907932758331299 0.06895679235458374
0 0.019572710618376732 0.4884953796863556 0.039145421236753464 0.059211552143096924
0 0.38553303480148315 0.46234363317489624 0.022039860486984253 0.03996780514717102
1 0.7921191453933716 0.5136603116989136 0.033224284648895264 0.08536329865455627
1 0.4167836010456085 0.42977726459503174 0.004605352878570557 0.01578974723815918
0 0.8704099655151367 0.5062588453292847 0.1213836669921875 0.07598817348480225
0 0.3532956540584564 0.4648107886314392 0.011842310428619385 0.03996780514717102
0 0.4055991768836975 0.4593830406665802 0.01842138171195984 0.03848749399185181
0 0.24112264811992645 0.5960630178451538 0.15822646021842957 0.16431206464767456
