0 0.49792519211769104 0.5325754284858704 0.00592118501663208 0.00789487361907959
0 0.616458535194397 0.532410740852356 0.022040069103240967 0.011842310428619385
0 0.4848769009113312 0.5348777770996094 0.008552789688110352 0.010855436325073242
0 0.7707379460334778 0.5319172143936157 0.011513471603393555 0.01578974723815918
0 0.7301664352416992 0.5348777770996094 0.018092453479766846 0.024178028106689453
0 0.491784930229187 0.5309303402900696 0.005263239145278931 0.006908059120178223
0 0.7369202375411987 0.5329040884971619 0.013355255126953125 0.027927875518798828
0 0.7508363723754883 0.5333976745605469 0.006908118724822998 0.011842668056488037
0 0.7033017873764038 0.5319172143936157 0.015460789203643799 0.018750309944152832
0 0.6878409385681152 0.5250091552734375 0.03848749399185181 0.016776621341705322
0 0.7267388701438904 0.533890962600708 0.023478984832763672 0.024301350116729736
0 0.7664607763290405 0.5269829034805298 0.02927684783935547 0.023191213607788086
0 0.7467241287231445 0.528956949710846 0.02302682399749756 0.021958351135253906
0 0.7204073667526245 0.5329040288925171 0.03125053644180298 0.029112398624420166
0 0.672051191329956 0.5447463989257812 0.06579059362411499 0.03602033853530884
0 0.6891567707061768 0.5319172143936157 0.022697746753692627 0.014802873134613037
0 0.5950760841369629 0.5269829034805298 0.024013519287109375 0.014309465885162354
0 0.6183668375015259 0.5262922048568726 0.045231759548187256 0.015099108219146729
0 0.4882761836051941 0.533890962600708 0.007236987352371216 0.0098685622215271
0 0.7983701229095459 0.5274764895439148 0.0519748330116272 0.024178385734558105
0 0.4556000828742981 0.5477069616317749 0.02138194441795349 0.02615177631378174
0 0.6302745342254639 0.539812445640564 0.04769831895828247 0.02713865041732788
