0 0.07368549704551697 0.4705866575241089 0.029721833765506744 0.02615177631378174
0 0.17313003540039062 0.6731517314910889 0.14342233538627625 0.20856857299804688
1 0.8558430075645447 0.5343137383460999 0.016541123390197754 0.028476953506469727
0 0.09243582934141159 0.8004987239837646 0.18487165868282318 0.3990026116371155
1 0.2345435917377472 0.4719651937484741 0.009538337588310242 0.025658339262008667
1 0.7102097868919373 0.508232593536377 0.0029605627059936523 0.009868621826171875
0 0.7477864623069763 0.5477824807167053 0.04314315319061279 0.040650367736816406
0 0.20658256113529205 0.49688369035720825 0.06644853949546814 0.04144808650016785
1 0.7548162937164307 0.5250091552734375 0.016118347644805908 0.02891486883163452
0 0.76629638671875 0.5618929266929626 0.06225383281707764 0.0556340217590332
1 0.7911322712898254 0.5168322324752808 0.006438136100769043 0.009974300861358643
0 0.7295283079147339 0.542772650718689 0.016447603702545166 0.03274565935134888
0 0.7479569315910339 0.5245157480239868 0.012088656425476074 0.011595308780670166
0 0.7811540365219116 0.5622628927230835 0.04161250591278076 0.045971572399139404
0 0.8164616823196411 0.5840561389923096 0.04587072134017944 0.06908011436462402
0 0.4769820272922516 0.596465528011322 0.4944165349006653 0.8070690035820007
0 0.7310980558395386 0.5333976745605469 0.04522937536239624 0.039474546909332275
0 0.10230442136526108 0.4840545356273651 0.0902429074048996 0.041627466678619385
1 0.1575685441493988 0.5482003688812256 0.03980332612991333 0.07401442527770996
0 0.8810725212097168 0.5952463150024414 0.11465710401535034 0.11211055517196655
0 0.013784211128950119 0.4731036126613617 0.027568422257900238 0.04421776533126831
0 0.7914612293243408 0.5660734176635742 0.06915318965911865 0.07746845483779907
0 0.7381708025932312 0.6365243196487427 0.05822467803955078 0.18552953004837036
1 0.21085895597934723 0.4712253510951996 0.008552789688110352 0.022697746753692627
0 0.9508302211761475 0.6281360387802124 0.0983394980430603 0.15098947286605835
