0 0.19309547543525696 0.5116865634918213 0.034869030117988586 0.024671494960784912
0 0.34507182240486145 0.5560952425003052 0.01644766330718994 0.03848749399185181
0 0.3881646990776062 0.5669506788253784 0.0460534393787384 0.055264174938201904
0 0.3421112298965454 0.560042679309845 0.009210675954818726 0.03454005718231201
0 0.2980315089225769 0.5131669044494629 0.06611958146095276 0.03848749399185181
0 0.7121834754943848 0.6523140668869019 0.3552693724632263 0.3764868378639221
0 0.25493866205215454 0.537838339805603 0.03585587441921234 0.046875834465026855
0 0.49869292974472046 0.5723784565925598 0.14243671298027039 0.22056308388710022
0 0.3440849781036377 0.5240223407745361 0.035855889320373535 0.02911233901977539
0 0.4148098826408386 0.5792864561080933 0.044079720973968506 0.0730276107788086
0 0.36974331736564636 0.5630033016204834 0.020395100116729736 0.04391521215438843
0 0.3634932041168213 0.5600427389144897 0.033224284648895264 0.04539555311203003
0 0.20987209677696228 0.5353711843490601 0.011842310428619385 0.0098685622215271
0 0.34671658277511597 0.5585623979568481 0.01644766330718994 0.03700721263885498
0 0.08750152587890625 0.5669506788253784 0.030263684689998627 0.037007272243499756
0 0.35066401958465576 0.5560952425003052 0.014802902936935425 0.03700721263885498
0 0.16381865739822388 0.5560952425003052 0.14638414978981018 0.08437645435333252
