0 0.460863322019577 0.45642244815826416 0.03684276342391968 0.04292836785316467
0 0.5174432992935181 0.4539552927017212 0.029770255088806152 0.036020368337631226
0 0.5312116146087646 0.5410823822021484 0.11123475432395935 0.04737037420272827
1 0.2525261640548706 0.4763241112232208 0.010526493191719055 0.04539555311203003
0 0.816132664680481 0.4347115457057953 0.011184394359588623 0.024671494960784912
0 0.5374544858932495 0.45173490047454834 0.01661217212677002 0.026398509740829468
0 0.5667862296104431 0.4539552927017212 0.007236957550048828 0.01085546612739563
0 0.4865216612815857 0.45099472999572754 0.02401357889175415 0.01924377679824829
0 0.35263779759407043 0.5807666778564453 0.12171262502670288 0.13289695978164673
0 0.491373747587204 0.47060859203338623 0.032977521419525146 0.036020368337631226
0 0.16743715107440948 0.6759986877441406 0.3338874280452728 0.40263861417770386
1 0.8118563294410706 0.4426064193248749 0.008552789688110352 0.030099213123321533
0 0.4361918568611145 0.47023850679397583 0.03684273362159729 0.03700724244117737
0 0.5436773300170898 0.44704729318618774 0.022039830684661865 0.027632057666778564
0 0.758812665939331 0.6134564876556396 0.20189505815505981 0.2279645800590515
0 0.5575755834579468 0.44704729318618774 0.011842310428619385 0.022204339504241943
0 0.5352889895439148 0.6620595455169678 0.1704801619052887 0.22303050756454468
1 0.9516614079475403 0.5482003688812256 0.03519797325134277 0.12089025974273682
0 0.5125089883804321 0.46234363317489624 0.02664521336555481 0.03157952427864075
0 0.5631677508354187 0.44704729318618774 0.007236957550048828 0.01924377679824829
0 0.5022851228713989 0.43808990716934204 0.019535094499588013 0.021179646253585815
