0 0.27763643860816956 0.4899756908416748 0.07006700336933136 0.02911236882209778
0 0.5332330465316772 0.5546149611473083 0.0921068787574768 0.09967279434204102
0 0.28520235419273376 0.3804342746734619 0.035855889320373535 0.04292836785316467
0 0.26645201444625854 0.5699112415313721 0.11612044274806976 0.13717347383499146
0 0.46415287256240845 0.47615963220596313 0.04506656527519226 0.05822467803955078
0 0.2944130301475525 0.4801070988178253 0.06743541359901428 0.03996783494949341
0 0.47040295600891113 0.4455670118331909 0.04342183470726013 0.056744396686553955
0 0.5042850971221924 0.528956413269043 0.06710639595985413 0.07500123977661133
0 0.03174397721886635 0.622708261013031 0.0634879544377327 0.17862153053283691
0 0.41612571477890015 0.3957306146621704 0.04506656527519226 0.04588896036148071
0 0.22599080204963684 0.52303546667099 0.12269951403141022 0.08437645435333252
0 0.5782995820045471 0.5896484851837158 0.11612045764923096 0.130265474319458
0 0.24539902806282043 0.5269829034805298 0.1401340365409851 0.07746848464012146
0 0.3685920238494873 0.3907961845397949 0.04243496060371399 0.04687580466270447
