1 0.9050601720809937 0.5684305429458618 0.021272242069244385 0.07154715061187744
1 0.06710635125637054 0.5364567637443542 0.019079282879829407 0.09908068180084229
1 0.047369249165058136 0.5195814371109009 0.031250547617673874 0.11102169752120972
1 0.053837597370147705 0.4508300721645355 0.0115133598446846 0.01578974723815918
1 0.019406970590353012 0.5195814371109009 0.024079306051135063 0.13006839156150818
0 0.9888248443603516 0.6537961363792419 0.0223502516746521 0.09892988204956055
1 0.691845178604126 0.5231857299804688 0.007995009422302246 0.045588552951812744
1 0.8690941333770752 0.5763258934020996 0.024671494960784912 0.08536332845687866
1 0.7830733060836792 0.5264897346496582 0.018092691898345947 0.033306658267974854
0 0.6308224201202393 0.5200748443603516 0.027741730213165283 0.03980332612991333
0 0.9643808603286743 0.6304386854171753 0.05668962001800537 0.10608738660812378
0 0.9007836580276489 0.5590558052062988 0.06217312812805176 0.0646393895149231
1 0.37267065048217773 0.5027554631233215 0.011513382196426392 0.05852094292640686
1 0.1277979165315628 0.4810939431190491 0.018585622310638428 0.04539528489112854
0 0.4986518621444702 0.5407989025115967 0.25066253542900085 0.4234864413738251
0 0.8306541442871094 0.5620165467262268 0.12340444326400757 0.07267522811889648
1 0.6848803758621216 0.5250091552734375 0.012500226497650146 0.054277241230010986
1 0.31468790769577026 0.5028492212295532 0.01997697353363037 0.06428080797195435
0 0.8956221342086792 0.5319621562957764 0.07350701093673706 0.037097156047821045
1 0.35822993516921997 0.508232593536377 0.015131860971450806 0.049836426973342896
1 0.09309373795986176 0.5565887093544006 0.040790192782878876 0.14506831765174866
1 0.2868471145629883 0.4983639717102051 0.006579071283340454 0.04983639717102051
1 0.6980385184288025 0.5250091552734375 0.011513352394104004 0.04687577486038208
