0 0.7506710290908813 0.5407989025115967 0.06644856929779053 0.03602033853530884
0 0.28553131222724915 0.5358645915985107 0.03914541006088257 0.02713865041732788
0 0.218916654586792 0.5491873025894165 0.030263856053352356 0.036020517349243164
0 0.35066401958465576 0.537838339805603 0.041119128465652466 0.02615177631378174
0 0.11677835881710052 0.5373449325561523 0.029276825487613678 0.013815999031066895
0 0.18881909549236298 0.5417857766151428 0.025329381227493286 0.02615177631378174
0 0.04193900153040886 0.5412923097610474 0.0371713787317276 0.018256843090057373
0 0.22960928082466125 0.5457332134246826 0.020724058151245117 0.030099213123321533
0 0.14342188835144043 0.5338907241821289 0.01677660644054413 0.012335479259490967
0 0.5309303402900696 0.5348777770996094 0.050000905990600586 0.023191213607788086
0 0.6746828556060791 0.5388252139091492 0.07598817348480225 0.04095470905303955
0 0.48356109857559204 0.5279697775840759 0.04473760724067688 0.02911233901977539
0 0.5921156406402588 0.5348777770996094 0.04671132564544678 0.03404664993286133
0 0.2095431387424469 0.5368515253067017 0.025329381227493286 0.020723998546600342
