1 0.056250981986522675 0.5228475332260132 0.012829169631004333 0.04297548532485962
1 0.952649712562561 0.47517281770706177 0.012829184532165527 0.04169514775276184
1 0.46020543575286865 0.49885740876197815 0.004605323076248169 0.012335717678070068
1 0.5854367017745972 0.4954034090042114 0.01352018117904663 0.0538334846496582
2 0.5526412725448608 0.5121800303459167 0.026974141597747803 0.056250959634780884
0 0.6287938356399536 0.6249287724494934 0.4480341076850891 0.30000540614128113
0 0.8950814008712769 0.48553478717803955 0.04046124219894409 0.038487523794174194
1 0.4488312602043152 0.4954034090042114 0.012782543897628784 0.018679887056350708
1 0.5256670713424683 0.5333974957466125 0.02401357889175415 0.09572532773017883
1 0.9279767274856567 0.4771465063095093 0.00822383165359497 0.0325663685798645
1 0.6983674764633179 0.48750853538513184 0.012829184532165527 0.03602039813995361
1 0.338492751121521 0.503298282623291 0.008223801851272583 0.032566338777542114
0 0.983569860458374 0.4746793508529663 0.03125053644180298 0.04292836785316467
1 0.7207362651824951 0.4865216612815857 0.012829124927520752 0.030592650175094604
2 0.8424489498138428 0.49293625354766846 0.012829184532165527 0.038487523794174194
0 0.46185019612312317 0.5240223407745361 0.08035856485366821 0.04920199513435364
0 0.35976505279541016 0.5309303402900696 0.08936557173728943 0.05345487594604492
1 0.997541606426239 0.500831127166748 0.004916787147521973 0.03947436809539795
1 0.8371857404708862 0.5516543984413147 0.00822383165359497 0.012335777282714844
0 0.16020017862319946 0.6059421896934509 0.26487720012664795 0.30309179425239563
1 0.33191370964050293 0.5042850971221924 0.012829184532165527 0.03602033853530884
1 0.6996833086013794 0.48750853538513184 0.012171268463134766 0.03503349423408508
1 0.37007227540016174 0.4954034090042114 0.012171268463134766 0.022697776556015015
0 0.6229662895202637 0.632409930229187 0.44704729318618774 0.28421550989151
0 0.8556070923805237 0.48010706901550293 0.0424349308013916 0.05575785040855408
2 0.9812671542167664 0.47961366176605225 0.018750309944152832 0.04046124219894409
1 0.6721598505973816 0.4799424409866333 0.012829184532165527 0.026150912046432495
1 0.33553218841552734 0.5087260007858276 0.010526478290557861 0.036020368337631226
1 0.3822435140609741 0.49885740876197815 0.01282915472984314 0.01924377679824829
0 0.9928539991378784 0.4939231276512146 0.014291942119598389 0.0345400869846344
1 0.026974156498908997 0.5205685496330261 0.012390604242682457 0.028125524520874023
1 0.5046141147613525 0.5166208744049072 0.015131860971450806 0.05082327127456665
1 0.5690889358520508 0.4919494092464447 0.012829124927520752 0.0325663685798645
1 0.06281398236751556 0.5148879289627075 0.00460534542798996 0.0088576078414917
0 0.9922783374786377 0.4924428462982178 0.01544332504272461 0.04539552330970764
2 0.8940945863723755 0.48750853538513184 0.018750309944152832 0.03700721263885498
1 0.9448004961013794 0.4721416234970093 0.010526537895202637 0.03975650668144226
0 0.026856668293476105 0.5808372497558594 0.05371333658695221 0.09939080476760864
