1 0.1381603181362152 0.5190880298614502 0.00822383165359497 0.028125524520874023
1 0.8460674285888672 0.46036988496780396 0.007565915584564209 0.028125494718551636
1 0.1674371361732483 0.5166208744049072 0.012171268463134766 0.028125524520874023
1 0.027632063254714012 0.5269829034805298 0.005263250321149826 0.011348843574523926
0 0.031250547617673874 0.5639901161193848 0.06250109523534775 0.06463927030563354
1 0.4075729250907898 0.4954034090042114 0.00822383165359497 0.028125524520874023
1 0.060856327414512634 0.5289566516876221 0.012171264737844467 0.03503352403640747
0 0.4148098826408386 0.5240223407745361 0.04868507385253906 0.041448116302490234
1 0.15625274181365967 0.5190880298614502 0.008881732821464539 0.022697806358337402
0 0.8096339702606201 0.5252568125724792 0.21044880151748657 0.13310375809669495
0 0.810540497303009 0.46777135133743286 0.03947436809539795 0.027632057666778564
1 0.9010025858879089 0.5348777770996094 0.03519797325134277 0.1327325999736786
1 0.6815909147262573 0.5156340599060059 0.02171093225479126 0.07746845483779907
1 0.0690801590681076 0.5289566516876221 0.008223824203014374 0.04292839765548706
1 0.6891567707061768 0.46826475858688354 0.007565915584564209 0.019243746995925903
0 0.04704029858112335 0.5501741170883179 0.044079720973968506 0.046875834465026855
1 0.2861892282962799 0.5042851567268372 0.00822383165359497 0.01825690269470215
0 0.09638326615095139 0.76768559217453 0.19276653230190277 0.46462881565093994
0 0.377308189868927 0.5166197419166565 0.06250235438346863 0.03996744751930237
1 0.5901418924331665 0.49885740876197815 0.02401357889175415 0.028125464916229248
0 0.26414936780929565 0.6330702900886536 0.16743715107440948 0.2151353359222412
1 0.3401375412940979 0.500831127166748 0.012171268463134766 0.03256639838218689
1 0.4223746657371521 0.496389240026474 0.012500137090682983 0.02319127321243286
0 0.49869292974472046 0.5768193006515503 0.1766478717327118 0.24819514155387878
1 0.28750503063201904 0.503298282623291 0.010526478290557861 0.012335747480392456
1 0.03519798442721367 0.5235289335250854 0.008881732821464539 0.012335717678070068
1 0.380598783493042 0.4919493794441223 0.006908029317855835 0.01825687289237976
0 0.810540497303009 0.5269829034805298 0.20888519287109375 0.13519975543022156
0 0.7579079866409302 0.46777135133743286 0.07006704807281494 0.04835611581802368
0 0.1555948257446289 0.5585623979568481 0.08289619535207748 0.06759989261627197
1 0.2904655933380127 0.500831127166748 0.006908029317855835 0.01825690269470215
1 0.3957306146621704 0.49293625354766846 0.012171268463134766 0.01825690269470215
1 0.09671221673488617 0.5289566516876221 0.010526500642299652 0.039474427700042725
0 0.3013192415237427 0.5531337857246399 0.10707436501979828 0.09991967678070068
1 0.15098948776721954 0.5190880298614502 0.010526508092880249 0.019243717193603516
0 0.4131651222705841 0.5477069616317749 0.04046124219894409 0.06759989261627197
1 0.4361918568611145 0.4954034090042114 0.00822383165359497 0.022697776556015015
0 0.5980367660522461 0.5531346797943115 0.06151425838470459 0.08684360980987549
