0 0.3822453022003174 0.5082321166992188 0.05148091912269592 0.03577345609664917
0 0.357901006937027 0.4978705644607544 0.019408226013183594 0.017763495445251465
0 0.5401409864425659 0.5491872429847717 0.05625098943710327 0.06217217445373535
0 0.3055974543094635 0.5023114085197449 0.017434537410736084 0.02615177631378174
0 0.5049430131912231 0.5146471858024597 0.02401357889175415 0.03996780514717102
0 0.526324987411499 0.5309303402900696 0.03782963752746582 0.046875834465026855
0 0.022780003026127815 0.6868541240692139 0.04556000605225563 0.12434422969818115
0 0.23355671763420105 0.5531346797943115 0.1766478270292282 0.07845532894134521
0 0.34869033098220825 0.5131668448448181 0.10493603348731995 0.07056042551994324
0 0.22171440720558167 0.5630033016204834 0.1305943876504898 0.08536332845687866
0 0.4121799170970917 0.5195809602737427 0.012829303741455078 0.008388519287109375
0 0.4838900566101074 0.5161274671554565 0.02401357889175415 0.02368462085723877
0 0.40099388360977173 0.49639028310775757 0.010197550058364868 0.006908029317855835
0 0.3542824983596802 0.4963902533054352 0.02105298638343811 0.0098685622215271
0 0.2805970311164856 0.537838339805603 0.10493603348731995 0.056744396686553955
0 0.5141537189483643 0.5171142816543579 0.033882200717926025 0.04292839765548706
0 0.8362723588943481 0.8286241292953491 0.3274553418159485 0.342751681804657
0 0.146384134888649 0.5876747369766235 0.18585851788520813 0.10460710525512695
0 0.3320797085762024 0.5213078856468201 0.07681062817573547 0.048356086015701294
0 0.4057653546333313 0.5082321166992188 0.019244015216827393 0.032319575548172
0 0.08766600489616394 0.6315900087356567 0.17533200979232788 0.14358806610107422
