0 0.04819163307547569 0.7021504640579224 0.09638326615095139 0.21118789911270142
1 0.3243477940559387 0.4593830406665802 0.010526508092880249 0.04736924171447754
0 0.2713863253593445 0.5491872429847717 0.11315988004207611 0.136680006980896
0 0.36974331736564636 0.4263232350349426 0.02927684783935547 0.017763465642929077
0 0.40296757221221924 0.4593830108642578 0.02664521336555481 0.043915241956710815
0 0.3993490934371948 0.43175098299980164 0.03684276342391968 0.024671494960784912
0 0.9108712077140808 0.8135745525360107 0.17664778232574463 0.3728508949279785
0 0.3671116828918457 0.4771465063095093 0.06611958146095276 0.08684360980987549
0 0.34869030117988586 0.5077391862869263 0.0634879469871521 0.07450789213180542
1 0.33553218841552734 0.4593830108642578 0.012171268463134766 0.036020368337631226
0 0.11776521801948547 0.6454060077667236 0.18388479948043823 0.19293099641799927
0 0.40296757221221924 0.47023850679397583 0.02401357889175415 0.049836426973342896
0 0.3320785164833069 0.5338903069496155 0.03585571050643921 0.08412948250770569
