0 0.491784930229187 0.5324116945266724 0.00789487361907959 0.010855495929718018
0 0.5023114681243896 0.5294500589370728 0.004605352878570557 0.0049343109130859375
0 0.4016517698764801 0.5511609315872192 0.022697746753692627 0.02713865041732788
0 0.4684292674064636 0.5324106216430664 0.004605323076248169 0.006907999515533447
0 0.4671134352684021 0.5333974957466125 0.00789487361907959 0.00789487361907959
0 0.2881629467010498 0.5763258934020996 0.0615142285823822 0.065132737159729
0 0.42566534876823425 0.5491872429847717 0.005263268947601318 0.01184237003326416
0 0.4477044343948364 0.5417886972427368 0.01085585355758667 0.009868621826171875
0 0.4546128213405609 0.5373461246490479 0.009540021419525146 0.010856568813323975
0 0.49441656470298767 0.577312707901001 0.05263251066207886 0.05822473764419556
0 0.491784930229187 0.5437612533569336 0.022368431091308594 0.013815999031066895
0 0.46658724546432495 0.5443517565727234 0.014144986867904663 0.01825690269470215
0 0.4134940803050995 0.5452398061752319 0.016776621341705322 0.024178028106689453
0 0.35526353120803833 0.5620216727256775 0.029936283826828003 0.03355729579925537
0 0.03018144890666008 0.614319920539856 0.06036289781332016 0.059211552143096924
0 0.330268919467926 0.5575755834579468 0.025987297296524048 0.0310860276222229
0 0.49639028310775757 0.5304369330406189 0.002631634473800659 0.0049343109130859375
0 0.37040120363235474 0.5393186807632446 0.02138194441795349 0.04391521215438843
0 0.522377610206604 0.531423807144165 0.003289520740509033 0.00592118501663208
