0 0.8674494028091431 0.6000105142593384 0.1884901523590088 0.14506834745407104
0 0.6016552448272705 0.4924428462982178 0.03125053644180298 0.03700724244117737
0 0.4111914038658142 0.4924428462982178 0.011842310428619385 0.026151806116104126
1 0.8003429174423218 0.4954034090042114 0.018750369548797607 0.03700721263885498
1 0.29355287551879883 0.48425814509391785 0.013487070798873901 0.020230591297149658
0 0.4766530692577362 0.47023850679397583 0.011842310428619385 0.017763465642929077
0 0.4460604190826416 0.4884953796863556 0.03486904501914978 0.04835611581802368
0 0.13519974052906036 0.5931024551391602 0.13717344403266907 0.13223916292190552
0 0.5309303402900696 0.4746793508529663 0.021052956581115723 0.020724058151245117
0 0.5279697179794312 0.46777135133743286 0.00822383165359497 0.009868592023849487
0 0.9804360270500183 0.6745184063911438 0.03912794589996338 0.15444350242614746
0 0.5161274671554565 0.4746793508529663 0.006579041481018066 0.012335747480392456
1 0.7394886016845703 0.4946686029434204 0.014310181140899658 0.05625399947166443
1 0.8806074857711792 0.500831127166748 0.018750369548797607 0.04046127200126648
1 0.30263686180114746 0.48504137992858887 0.013487070798873901 0.028125494718551636
0 0.46185019612312317 0.47171878814697266 0.00822383165359497 0.024671494960784912
1 0.6291241645812988 0.48183685541152954 0.012005507946014404 0.03478488326072693
1 0.6891567707061768 0.4786267876625061 0.006907999515533447 0.010362029075622559
0 0.3993490934371948 0.49096256494522095 0.017434537410736084 0.0345400869846344
1 0.6065895557403564 0.4692516326904297 0.00822383165359497 0.012335717678070068
1 0.8904761075973511 0.5042851567268372 0.02401357889175415 0.056250959634780884
0 0.4167836308479309 0.48701512813568115 0.022039860486984253 0.02911236882209778
0 0.6118528246879578 0.4993508458137512 0.035855889320373535 0.041448116302490234
1 0.6418980360031128 0.480273962020874 0.008223772048950195 0.032566338777542114
0 0.321547269821167 0.5255085825920105 0.0442466139793396 0.059952348470687866
0 0.3720431327819824 0.4875127971172333 0.044079720973968506 0.07524865865707397
1 0.5832338929176331 0.46826475858688354 0.004605293273925781 0.012335747480392456
0 0.5233644247055054 0.47023850679397583 0.013815999031066895 0.022204309701919556
0 0.49671924114227295 0.48701509833335876 0.03223744034767151 0.03602033853530884
0 0.7736977338790894 0.5654704570770264 0.10033071041107178 0.09917932748794556
1 0.32730579376220703 0.47566962242126465 0.007566511631011963 0.012335747480392456
1 0.8635019063949585 0.5077391862869263 0.02401357889175415 0.052797019481658936
1 0.3167818784713745 0.4840545058250427 0.010526508092880249 0.028125494718551636
1 0.6189262866973877 0.47566962242126465 0.00822383165359497 0.019242912530899048
0 0.22730660438537598 0.5560952425003052 0.09375165402889252 0.08980423212051392
0 0.36612480878829956 0.5077391862869263 0.025000423192977905 0.05082327127456665
1 0.584221363067627 0.477314293384552 0.006907999515533447 0.028125494718551636
0 0.33947962522506714 0.5092194080352783 0.05065876245498657 0.062172114849090576
0 0.4838900566101074 0.47566622495651245 0.004605352878570557 0.003947436809539795
1 0.8102115392684937 0.5042850971221924 0.021710872650146484 0.028125464916229248
0 0.6721634864807129 0.5079063177108765 0.06655937433242798 0.07878503203392029
0 0.47566622495651245 0.4731990694999695 0.01578974723815918 0.012335717678070068
0 0.2759854197502136 0.5316758155822754 0.07089266180992126 0.08832520246505737
0 0.42763906717300415 0.48010706901550293 0.022039860486984253 0.02911236882209778
0 0.39474374055862427 0.49639028310775757 0.007236987352371216 0.026151806116104126
1 0.8260012865066528 0.4954034090042114 0.020395100116729736 0.032566338777542114
0 0.6917884349822998 0.533890962600708 0.07829082012176514 0.07450789213180542
0 0.4838900566101074 0.533890962600708 0.06908014416694641 0.08980423212051392
