0 0.5115220546722412 0.4978666305541992 0.01101773977279663 0.01085546612739563
0 0.33947962522506714 0.5432660579681396 0.10296231508255005 0.08141595125198364
0 0.5786285400390625 0.5284631848335266 0.02203989028930664 0.03700721263885498
0 0.542772650718689 0.5077391862869263 0.019408226013183594 0.024671494960784912
0 0.4269811511039734 0.5077391862869263 0.007236957550048828 0.010855495929718018
0 0.4618501663208008 0.49639028310775757 0.014802902936935425 0.020724058151245117
0 0.4838900566101074 0.500831127166748 0.019408226013183594 0.010855436325073242
0 0.5049430131912231 0.4954034090042114 0.0072370171546936035 0.013816028833389282
0 0.6062606573104858 0.5299434661865234 0.04769819974899292 0.05230355262756348
1 0.6147006750106812 0.49835896492004395 0.010526478290557861 0.012663871049880981
1 0.6462793350219727 0.5077391862869263 0.00822383165359497 0.025500595569610596
0 0.45066577196121216 0.4939231276512146 0.011842310428619385 0.017763495445251465
1 0.7769873142242432 0.5393186807632446 0.018750369548797607 0.07204073667526245
0 0.42237579822540283 0.5084773302078247 0.006579071283340454 0.02615177631378174
0 0.4829031825065613 0.4939231276512146 0.011184394359588623 0.009868592023849487
1 0.6378366947174072 0.5200749039649963 0.00822383165359497 0.040461212396621704
0 0.4286259412765503 0.5082312822341919 0.013816028833389282 0.020231902599334717
0 0.5473780035972595 0.5077391862869263 0.021052956581115723 0.022204339504241943
0 0.40296757221221924 0.5194110870361328 0.013157278299331665 0.02664393186569214
0 0.4111914038658142 0.5026357173919678 0.025219202041625977 0.041940271854400635
0 0.5023114085197449 0.4939231276512146 0.011842340230941772 0.017763495445251465
0 0.4884953796863556 0.5299434661865234 0.04704028367996216 0.04761791229248047
0 0.5786260366439819 0.5228676199913025 0.0285070538520813 0.03157949447631836
1 0.3845462203025818 0.4954034090042114 0.006908029317855835 0.012335777282714844
0 0.10690976679325104 0.5778061747550964 0.21381953358650208 0.3379993438720703
1 0.3794505000114441 0.5020588040351868 0.004605323076248169 0.01578974723815918
0 0.3863602578639984 0.5269789695739746 0.019236326217651367 0.033055901527404785
0 0.4118501543998718 0.5154674649238586 0.007236957550048828 0.02615177631378174
0 0.40296757221221924 0.5146432518959045 0.025000452995300293 0.033798009157180786
0 0.469087153673172 0.500831127166748 0.0026316046714782715 0.006908029317855835
1 0.6763275861740112 0.5235289335250854 0.013487040996551514 0.04046124219894409
0 0.5631677508354187 0.5077391266822815 0.025000452995300293 0.03157946467399597
0 0.3881646990776062 0.5200748443603516 0.025000423192977905 0.033059775829315186
0 0.4322444200515747 0.500831127166748 0.014802902936935425 0.02220436930656433
1 0.7646405696868896 0.538571298122406 0.016453802585601807 0.05674576759338379
0 0.5638256669044495 0.5171142816543579 0.025000452995300293 0.031579554080963135
0 0.25033333897590637 0.5630033016204834 0.092106893658638 0.1559237837791443
0 0.5059299468994141 0.4978705644607544 0.005592167377471924 0.01085546612739563
0 0.4690871238708496 0.5847141742706299 0.09737011790275574 0.13223916292190552
1 0.21381953358650208 0.47171878814697266 0.021710902452468872 0.02911233901977539
