0 0.614484429359436 0.5398120880126953 0.035855889320373535 0.03996777534484863
0 0.6835646033287048 0.5975433588027954 0.15691065788269043 0.20329299569129944
0 0.4401392936706543 0.5407989025115967 0.03782960772514343 0.062172114849090576
0 0.4539553225040436 0.531423807144165 0.03223741054534912 0.0537838339805603
0 0.315466046333313 0.6458994150161743 0.130923330783844 0.14506834745407104
0 0.3579009771347046 0.6128396987915039 0.08947524428367615 0.1174362301826477
0 0.46415287256240845 0.5131669044494629 0.008223801851272583 0.01381605863571167
0 0.5960630178451538 0.5269829034805298 0.02960580587387085 0.03602039813995361
0 0.40033596754074097 0.5743521451950073 0.07006701827049255 0.0942450761795044
0 0.1086367666721344 0.7139927744865417 0.2172735333442688 0.3305978775024414
0 0.5720494985580444 0.5116865634918213 0.03684276342391968 0.04588896036148071
0 0.47237667441368103 0.5259960889816284 0.00822383165359497 0.01924377679824829
0 0.43356022238731384 0.5477069616317749 0.0424349308013916 0.06661301851272583
