0 0.8855417966842651 0.5245157480239868 0.02138197422027588 0.030592679977416992
0 0.7835663557052612 0.5195814371109009 0.025329411029815674 0.01924377679824829
0 0.7052755355834961 0.5240223407745361 0.0098685622215271 0.00789487361907959
0 0.9704852104187012 0.5269829034805298 0.059029579162597656 0.03799408674240112
0 0.7411313652992249 0.5195814371109009 0.01644766330718994 0.012829124927520752
0 0.2631624937057495 0.542772650718689 0.00789487361907959 0.013815999031066895
0 0.8621861338615417 0.5111931562423706 0.03388214111328125 0.012829184532165527
0 0.9401480555534363 0.5225419998168945 0.0365138053894043 0.03799408674240112
0 0.9965547323226929 0.5329040288925171 0.006890535354614258 0.020723998546600342
0 0.7903650403022766 0.5901419520378113 0.1638188362121582 0.08848845958709717
0 0.9866039156913757 0.5269829034805298 0.026792168617248535 0.03602039813995361
0 0.8917919397354126 0.5259960293769836 0.009210705757141113 0.026645183563232422
0 0.719091534614563 0.5250091552734375 0.013815999031066895 0.012829124927520752
0 0.3345453143119812 0.542772650718689 0.025329381227493286 0.013815999031066895
0 0.7750135660171509 0.5131668448448181 0.04111909866333008 0.02861890196800232
0 0.7756714820861816 0.5185946226119995 0.025329411029815674 0.016776621341705322
0 0.8217248916625977 0.520568311214447 0.02401357889175415 0.031086087226867676
0 0.8260012865066528 0.5250091552734375 0.017105579376220703 0.02861887216567993
0 0.8092247247695923 0.5182656645774841 0.009429991245269775 0.009210705757141113
0 0.86481773853302 0.5250091552734375 0.03881651163101196 0.03207296133041382
0 0.9510034918785095 0.5250091552734375 0.04671132564544678 0.033059775829315186
0 0.6829066872596741 0.5235289335250854 0.01644766330718994 0.011842310428619385
0 0.2077886015176773 0.5475424528121948 0.017324894666671753 0.010526478290557861
