0 0.20066145062446594 0.43150389194488525 0.03914542496204376 0.025164902210235596
0 0.3305978775024414 0.41990867257118225 0.02138194441795349 0.011842310428619385
0 0.9707406759262085 0.42385610938072205 0.013158082962036133 0.008881747722625732
0 0.39309898018836975 0.4110269546508789 0.009210705757141113 0.005921155214309692
0 0.2595440149307251 0.4287903904914856 0.003289520740509033 0.00493428111076355
0 0.31020280718803406 0.420895516872406 0.011842310428619385 0.005921155214309692
0 0.941463828086853 0.45494216680526733 0.07533025741577148 0.03700721263885498
0 0.7259995937347412 0.4228692352771759 0.011842310428619385 0.0049343109130859375
0 0.008799496106803417 0.5106997489929199 0.017598992213606834 0.09868592023849487
0 0.36053264141082764 0.41596120595932007 0.009210675954818726 0.005921155214309692
0 0.22631974518299103 0.4248429536819458 0.013816028833389282 0.016776621341705322
0 0.2289513647556305 0.4667844772338867 0.053290411829948425 0.06167870759963989
0 0.7539605498313904 0.42188239097595215 0.008552789688110352 0.00493428111076355
0 0.5582334399223328 0.4919493794441223 0.2036219835281372 0.40115830302238464
0 0.7411314249038696 0.4287903904914856 0.02861887216567993 0.019737184047698975
0 0.3811250925064087 0.41270411014556885 0.020197749137878418 0.009868592023849487
0 0.26809680461883545 0.4189217984676361 0.011842310428619385 0.012829184532165527
0 0.38191458582878113 0.4149743616580963 0.012500226497650146 0.006907999515533447
0 0.3598747253417969 0.4130006432533264 0.01315811276435852 0.010855436325073242
0 0.35263776779174805 0.4189218282699585 0.009210675954818726 0.005921155214309692
