0 0.3246767520904541 0.5422792434692383 0.03947439789772034 0.03454005718231201
0 0.4388234615325928 0.5393186807632446 0.02368462085723877 0.0325663685798645
0 0.35230880975723267 0.5477069616317749 0.03223738074302673 0.046875834465026855
0 0.3789539933204651 0.5407989025115967 0.011842310428619385 0.030592620372772217
0 0.3707301616668701 0.5462266802787781 0.019408226013183594 0.03700721263885498
0 0.5677731037139893 0.5452398061752319 0.01414501667022705 0.0439152717590332
0 0.14177879691123962 0.6306031346321106 0.0921068787574768 0.11595594882965088
0 0.5585623979568481 0.5279697179794312 0.04276394844055176 0.04835611581802368
0 0.5389041900634766 0.5287082195281982 0.009045004844665527 0.025285661220550537
0 0.22225181758403778 0.5931974649429321 0.08979806303977966 0.08269429206848145
0 0.5422190427780151 0.5314209461212158 0.009209752082824707 0.03174161911010742
0 0.2694126069545746 0.56843101978302 0.05230355262756348 0.05230355262756348
0 0.5671151876449585 0.5407989025115967 0.01809239387512207 0.04144805669784546
0 0.5414568185806274 0.5264894962310791 0.013158142566680908 0.028618931770324707
0 0.49310073256492615 0.5171142816543579 0.020395100116729736 0.01924377679824829
0 0.29901838302612305 0.5462266206741333 0.05625098943710327 0.030592620372772217
0 0.5052720308303833 0.5521478056907654 0.06283003091812134 0.03996777534484863
0 0.31809768080711365 0.6246819496154785 0.11973893642425537 0.13223916292190552
0 0.5023114085197449 0.6547812223434448 0.13191020488739014 0.17220693826675415
0 0.49869292974472046 0.533890962600708 0.03519797325134277 0.02417808771133423
0 0.5049430727958679 0.5185946226119995 0.023026734590530396 0.01924377679824829
0 0.05633322149515152 0.6350439786911011 0.11266644299030304 0.23191195726394653
0 0.4055992066860199 0.5536280870437622 0.059869468212127686 0.07401448488235474
0 0.5868523716926575 0.5482003688812256 0.049342989921569824 0.06266558170318604
0 0.49474549293518066 0.533890962600708 0.026645183563232422 0.0325663685798645
0 0.4536263644695282 0.5284632444381714 0.025000452995300293 0.030592620372772217
0 0.3855302929878235 0.5316245555877686 0.008991986513137817 0.01019662618637085
0 0.6210634708404541 0.5738587379455566 0.07204073667526245 0.07697504758834839
