0 0.4235818386077881 0.5111931562423706 0.014144986867904663 0.0212174654006958
0 0.40823084115982056 0.5166208744049072 0.0190792977809906 0.0212174654006958
0 0.7750135660171509 0.49688369035720825 0.027632057666778564 0.024178028106689453
0 0.4473762512207031 0.4998442530632019 0.006579041481018066 0.009868592023849487
0 0.9526482820510864 0.508232593536377 0.07894879579544067 0.0710538923740387
0 0.4539553225040436 0.500831127166748 0.011513352394104004 0.011348843574523926
0 0.6296162605285645 0.5324106216430664 0.04736924171447754 0.06957361102104187
1 0.725670576095581 0.6271491050720215 0.041448116302490234 0.21464186906814575
0 0.5858654975891113 0.5151405930519104 0.027632057666778564 0.03552696108818054
0 0.46810030937194824 0.4998442828655243 0.01315811276435852 0.011348903179168701
0 0.952146053314209 0.7485328316688538 0.09570783376693726 0.2462214231491089
0 0.9765708446502686 0.5151405930519104 0.04685831069946289 0.07105386257171631
0 0.3713880777359009 0.5240223407745361 0.02171093225479126 0.024178028106689453
0 0.4957323670387268 0.5240223407745361 0.03519797325134277 0.03996777534484863
0 0.3789539933204651 0.5210617780685425 0.022697776556015015 0.02417808771133423
0 0.6618536710739136 0.5551084280014038 0.06184321641921997 0.07253414392471313
0 0.6006683111190796 0.5245156288146973 0.026645243167877197 0.03996783494949341
0 0.7986981868743896 0.500831127166748 0.01907932758331299 0.025658339262008667
0 0.8253433704376221 0.5052719712257385 0.06842225790023804 0.04983636736869812
0 0.4766530692577362 0.500831127166748 0.011513352394104004 0.008388280868530273
0 0.3134923279285431 0.5368515253067017 0.04473763704299927 0.03996783494949341
0 0.9987751841545105 0.5368515253067017 0.002449631690979004 0.02565830945968628
0 0.5697467923164368 0.5111931562423706 0.011513352394104004 0.0212174654006958
0 0.6970516443252563 0.5679376125335693 0.08815944194793701 0.09276479482650757
