0 0.49902188777923584 0.5383304357528687 0.007236957550048828 0.0098685622215271
0 0.07664608210325241 0.6463928818702698 0.14671309292316437 0.12089025974273682
0 0.4595475196838379 0.5452398061752319 0.009210705757141113 0.011842310428619385
0 0.4789557456970215 0.5393186211585999 0.004605352878570557 0.00789487361907959
0 0.01809242181479931 0.5753390192985535 0.03618484362959862 0.08684360980987549
0 0.44178423285484314 0.545238733291626 0.012829184532165527 0.01578974723815918
0 0.46974506974220276 0.5432660579681396 0.004605352878570557 0.00592118501663208
0 0.5023114085197449 0.5861944556236267 0.05065879225730896 0.057237863540649414
0 0.4996798038482666 0.5511609315872192 0.024013549089431763 0.012829124927520752
0 0.47369250655174255 0.5491872429847717 0.01611870527267456 0.019243717193603516
0 0.45691588521003723 0.5442529320716858 0.00789487361907959 0.010855436325073242
0 0.1440814733505249 0.5945827960968018 0.04210600256919861 0.03898090124130249
0 0.4503368139266968 0.5491872429847717 0.00789487361907959 0.01184237003326416
0 0.4302712082862854 0.5486925840377808 0.01710548996925354 0.015789449214935303
0 0.41086244583129883 0.5501741170883179 0.012171268463134766 0.014802873134613037
1 0.13191020488739014 0.5649769902229309 0.007565915584564209 0.024671435356140137
1 0.12072579562664032 0.5674441456794739 0.006250113248825073 0.015296339988708496
0 0.21480639278888702 0.5664572715759277 0.025329381227493286 0.025164902210235596
1 0.1674371361732483 0.5723784565925598 0.00822383165359497 0.03700721263885498
0 0.40691500902175903 0.5565886497497559 0.022039860486984253 0.025164902210235596
1 0.11677835881710052 0.5664572715759277 0.007565915584564209 0.014309465885162354
0 0.42171791195869446 0.5442529916763306 0.012829184532165527 0.02713865041732788
0 0.3322426676750183 0.5792864561080933 0.04276391863822937 0.042928338050842285
1 0.12566009163856506 0.5674440860748291 0.007565915584564209 0.019737184047698975
0 0.09539639949798584 0.5822470188140869 0.07796188443899155 0.040954649448394775
