0 0.4789557456970215 0.5319172143936157 0.003289520740509033 0.0029605627059936523
0 0.6306031942367554 0.5447463989257812 0.011842310428619385 0.011842310428619385
0 0.6246819496154785 0.5309303998947144 0.011184394359588623 0.011842310428619385
0 0.28947874903678894 0.5896484851837158 0.05855363607406616 0.0577312707901001
0 0.2753337621688843 0.5358646512031555 0.00789487361907959 0.01578974723815918
0 0.6753407716751099 0.5398120880126953 0.010526537895202637 0.016776621341705322
0 0.9832408428192139 0.537838339805603 0.03190845251083374 0.014802873134613037
0 0.4878374934196472 0.5348777770996094 0.00789487361907959 0.012829184532165527
0 0.820756196975708 0.5379915833473206 0.008576929569244385 0.01578974723815918
0 0.7092229127883911 0.5329040288925171 0.020723998546600342 0.012829124927520752
0 0.34145334362983704 0.5556018352508545 0.03190845251083374 0.03700721263885498
0 0.6727091073989868 0.5388252139091492 0.0098685622215271 0.01578974723815918
1 0.3631642460823059 0.542772650718689 0.004276394844055176 0.016283154487609863
0 0.4338891804218292 0.5447463989257812 0.016776621341705322 0.016776621341705322
0 0.9825829863548279 0.5447463989257812 0.03322422504425049 0.011842310428619385
0 0.49671876430511475 0.5417885184288025 0.010526508092880249 0.012829184532165527
0 0.5171142816543579 0.5417858362197876 0.01611870527267456 0.016776621341705322
0 0.6042869091033936 0.5269829034805298 0.03454005718231201 0.017763495445251465
0 0.5516543984413147 0.5407989025115967 0.027961015701293945 0.012829124927520752
0 0.9608720541000366 0.5526412725448608 0.06644850969314575 0.02417808771133423
