0 0.6273136138916016 0.5245157480239868 0.04046124219894409 0.041448116302490234
0 0.7187625765800476 0.5950762033462524 0.18552958965301514 0.23783311247825623
0 0.6447480916976929 0.5398120880126953 0.01381605863571167 0.04292839765548706
0 0.44277089834213257 0.5269829034805298 0.038816481828689575 0.06661298871040344
0 0.457573801279068 0.5190880298614502 0.03519797325134277 0.05526411533355713
0 0.28882086277008057 0.6611957550048828 0.15855541825294495 0.17418068647384644
0 0.3460586965084076 0.6128396987915039 0.10329127311706543 0.1327325701713562
0 0.4667844772338867 0.500831127166748 0.011184394359588623 0.016776591539382935
0 0.6052737236022949 0.5116865634918213 0.030592620372772217 0.03750067949295044
0 0.3957306146621704 0.5674440860748291 0.07829084992408752 0.10362023115158081
0 0.06595510244369507 0.7584013938903809 0.13191020488739014 0.3764868378639221
0 0.5792864561080933 0.49688369035720825 0.03782963752746582 0.046875834465026855
0 0.47599518299102783 0.5116865634918213 0.009210675954818726 0.01924377679824829
0 0.43356022238731384 0.5383317470550537 0.04704028367996216 0.07204073667526245
