0 0.6934331655502319 0.5329040884971619 0.01381605863571167 0.01578974723815918
0 0.1980297863483429 0.5565886497497559 0.060198426246643066 0.033059775829315186
0 0.04868506267666817 0.6103725433349609 0.09737012535333633 0.10806113481521606
0 0.3421112298965454 0.5753390192985535 0.08947524428367615 0.05181014537811279
0 0.5269170999526978 0.5432332754135132 0.03850966691970825 0.024276793003082275
0 0.30559590458869934 0.5630027055740356 0.05230003595352173 0.04194152355194092
0 0.6329058408737183 0.5358646512031555 0.011842310428619385 0.020724058151245117
0 0.9988573789596558 0.6256688237190247 0.002285182476043701 0.11792969703674316
0 0.6743538975715637 0.531423807144165 0.01743447780609131 0.01381605863571167
0 0.46217992901802063 0.5565886497497559 0.036184847354888916 0.033059775829315186
0 0.6141555309295654 0.5388252139091492 0.03125053644180298 0.023191213607788086
