0 0.5049430727958679 0.4963902533054352 0.015789777040481567 0.01776343584060669
1 0.56843101978302 0.4924428462982178 0.005263268947601318 0.008881717920303345
0 0.4904690980911255 0.4954034090042114 0.011842310428619385 0.013816028833389282
1 0.9695444107055664 0.5627341270446777 0.01961761713027954 0.09325820207595825
1 0.08831103146076202 0.5081950426101685 0.022368818521499634 0.05575752258300781
1 0.7613438367843628 0.5051077008247375 0.0170324444770813 0.07154726982116699
1 0.21776697039604187 0.5333974957466125 0.020395100116729736 0.0922713577747345
1 0.437946081161499 0.490139901638031 0.009210705757141113 0.019079148769378662
0 0.591457724571228 0.4993508458137512 0.01644766330718994 0.046875834465026855
1 0.32258862257003784 0.49441656470298767 0.020174294710159302 0.06036335229873657
1 0.5809311866760254 0.4998442530632019 0.020395100116729736 0.06069183349609375
0 0.2915245592594147 0.6043432354927063 0.15021449327468872 0.15145599842071533
1 0.380598783493042 0.4806005358695984 0.005921155214309692 0.013816028833389282
0 0.49310073256492615 0.5587824583053589 0.10547393560409546 0.05101001262664795
1 0.38587385416030884 0.530712366104126 0.021455317735671997 0.0843239426612854
1 0.9378453493118286 0.5594669580459595 0.013815999031066895 0.10115313529968262
0 0.4829552173614502 0.47722452878952026 0.013763993978500366 0.030644655227661133
1 0.37681442499160767 0.5324112772941589 0.02878391742706299 0.08684411644935608
0 0.511522114276886 0.47566622495651245 0.007236957550048828 0.009868592023849487
1 0.2342146337032318 0.5185946226119995 0.029276832938194275 0.08240276575088501
0 0.5253381729125977 0.4709792137145996 0.02401357889175415 0.017763465642929077
0 0.6212828159332275 0.5023114085197449 0.04582035541534424 0.04767760634422302
0 0.46102768182754517 0.4840545058250427 0.03917303681373596 0.06443381309509277
1 0.9253451228141785 0.560042679309845 0.022368788719177246 0.09720563888549805
1 0.4924428462982178 0.4845479726791382 0.005263239145278931 0.01282915472984314
1 0.5671151876449585 0.4944165349006653 0.005263209342956543 0.019737213850021362
1 0.19375339150428772 0.5185946226119995 0.022368818521499634 0.06858673691749573
1 0.18783223628997803 0.48948222398757935 0.015131846070289612 0.02861890196800232
1 0.19539964199066162 0.5149720907211304 0.01863802969455719 0.05180710554122925
1 0.3361901044845581 0.5235289335250854 0.02631625533103943 0.06858676671981812
1 0.1759897768497467 0.5097128748893738 0.020395085215568542 0.0557575523853302
1 0.4924428462982178 0.500831127166748 0.015131860971450806 0.030592650175094604
0 0.49310076236724854 0.5342391729354858 0.07943251729011536 0.03602033853530884
1 0.8802785873413086 0.5639901161193848 0.02434253692626953 0.10312682390213013
0 0.4513775706291199 0.7229390144348145 0.2612048387527466 0.3577442765235901
1 0.2289513796567917 0.49355924129486084 0.013322710990905762 0.04725733399391174
0 0.6085805892944336 0.4939231276512146 0.03782963752746582 0.04983639717102051
1 0.34978652000427246 0.4789547324180603 0.010306864976882935 0.03355321288108826
0 0.5105352401733398 0.49639028310775757 0.007848024368286133 0.017411142587661743
0 0.5539570450782776 0.49340224266052246 0.021461129188537598 0.026590317487716675
1 0.4070727825164795 0.520077109336853 0.021707922220230103 0.07179591059684753
1 0.2648072838783264 0.4944165349006653 0.009868592023849487 0.04114079475402832
1 0.5322461724281311 0.48948225378990173 0.008552789688110352 0.019737184047698975
1 0.20724046230316162 0.531423807144165 0.029276832938194275 0.09819251298904419
1 0.8279750347137451 0.5383318066596985 0.02236884832382202 0.09246900677680969
0 0.533759355545044 0.4904690384864807 0.011842310428619385 0.012335747480392456
1 0.4438670873641968 0.4917854070663452 0.005921155214309692 0.020394563674926758
1 0.8993578553199768 0.5146471261978149 0.009868621826171875 0.06167870759963989
1 0.5223128795623779 0.49441656470298767 0.005263268947601318 0.015394747257232666
0 0.5309303402900696 0.48701512813568115 0.01125025749206543 0.017763465642929077
1 0.47928470373153687 0.5087260007858276 0.015131831169128418 0.022697776556015015
1 0.43158650398254395 0.48553478717803955 0.005263268947601318 0.013816028833389282
1 0.21052999794483185 0.48553481698036194 0.009868592023849487 0.014802873134613037
1 0.6912409067153931 0.4950745701789856 0.015131890773773193 0.05279695987701416
0 0.542772650718689 0.4954034090042114 0.011842310428619385 0.024671465158462524
0 0.5289566516876221 0.47023850679397583 0.02861887216567993 0.019243746995925903
0 0.6088922023773193 0.5699112415313721 0.09065264463424683 0.10387998819351196
1 0.7809346914291382 0.5047785639762878 0.019079267978668213 0.07056045532226562
0 0.5013245344161987 0.4648107886314392 0.02861890196800232 0.019243746995925903
0 0.4916652739048004 0.474948525428772 0.004605352878570557 0.009868592023849487
0 0.13215374946594238 0.6937621831893921 0.26430749893188477 0.3771321177482605
1 0.22960928082466125 0.5245157480239868 0.019079267978668213 0.08338961005210876
1 0.9417927861213684 0.5590558052062988 0.022588133811950684 0.09764426946640015
0 0.5274824500083923 0.48010706901550293 0.009210705757141113 0.012335747480392456
0 0.404463529586792 0.5080081224441528 0.1269759237766266 0.05800023674964905
0 0.5003377199172974 0.4786267876625061 0.00822383165359497 0.01085546612739563
