1 0.056250981986522675 0.5190880298614502 0.012829169631004333 0.03878366947174072
1 0.4654686748981476 0.4954034090042114 0.006907999515533447 0.012335777282714844
0 0.6292873024940491 0.6261622905731201 0.4572448432445526 0.28964322805404663
0 0.8934366703033447 0.48553478717803955 0.037829577922821045 0.04144808650016785
1 0.4782978296279907 0.488495409488678 0.004605323076248169 0.019243746995925903
1 0.6733670234680176 0.4944165349006653 0.02236884832382202 0.025658339262008667
1 0.7207362651824951 0.47961366176605225 0.00822383165359497 0.019243746995925903
0 0.9319242238998413 0.48553481698036194 0.0828961730003357 0.056744396686553955
1 0.3904673457145691 0.4954034090042114 0.012171238660812378 0.028125524520874023
0 0.983569860458374 0.4746793508529663 0.03125053644180298 0.043915241956710815
0 0.47007399797439575 0.5077391266822815 0.05789574980735779 0.017763465642929077
0 0.35888785123825073 0.5309303402900696 0.09013316035270691 0.050823211669921875
1 0.7174460291862488 0.489483118057251 0.020970463752746582 0.03145560622215271
1 0.9615294933319092 0.4656739830970764 0.010526478290557861 0.022573918104171753
0 0.15921330451965332 0.605438232421875 0.2631624937057495 0.3034592866897583
1 0.3174397647380829 0.5210617780685425 0.01578974723815918 0.06069186329841614
1 0.7230389714241028 0.48504137992858887 0.008881688117980957 0.032566338777542114
1 0.3730328381061554 0.4954034090042114 0.012171268463134766 0.022697776556015015
0 0.6292873620986938 0.6261622905731201 0.446060448884964 0.278787761926651
0 0.8556070327758789 0.48010706901550293 0.04046124219894409 0.05674442648887634
1 0.6990253925323486 0.48750853538513184 0.012171268463134766 0.03848755359649658
1 0.3213872015476227 0.5102062821388245 0.00822383165359497 0.036020368337631226
1 0.380598783493042 0.49762317538261414 0.015131860971450806 0.022697746753692627
0 0.8473832607269287 0.5116865634918213 0.028618931770324707 0.04687580466270447
1 0.025658344849944115 0.5279697775840759 0.012829173356294632 0.03602039813995361
1 0.5052720308303833 0.49293625354766846 0.006085216999053955 0.01875007152557373
1 0.5046141147613525 0.5121800303459167 0.012829184532165527 0.03947439789772034
1 0.6045609712600708 0.49565011262893677 0.012061655521392822 0.04662907123565674
1 0.0636163204908371 0.512721598148346 0.004605341702699661 0.010061144828796387
0 0.8473832607269287 0.5131669044494629 0.027632057666778564 0.04391521215438843
2 0.9946632385253906 0.4771465063095093 0.010673463344573975 0.028125494718551636
0 0.4618501663208008 0.5477069616317749 0.1269758641719818 0.07598817348480225
1 0.2694126069545746 0.5190880298614502 0.015131831169128418 0.03947436809539795
0 0.027586352080106735 0.5908551216125488 0.05517270416021347 0.10449749231338501
