0 0.421553373336792 0.5644851326942444 0.04671132564544678 0.057978272438049316
0 0.5049430727958679 0.5348799228668213 0.01644769310951233 0.017763495445251465
0 0.496143639087677 0.5200219750404358 0.005486398935317993 0.0058858394622802734
0 0.2626691460609436 0.6619362831115723 0.16217389702796936 0.17627745866775513
0 0.4983639717102051 0.5876747369766235 0.07105386257171631 0.0962187647819519
0 0.4743503928184509 0.5250091552734375 0.004276365041732788 0.004934251308441162
0 0.3730328679084778 0.5634967088699341 0.04177704453468323 0.04095470905303955
1 0.5786285400390625 0.5398120880126953 0.009868621826171875 0.031086087226867676
0 0.44430625438690186 0.5394841432571411 0.019627422094345093 0.024671494960784912
0 0.47007399797439575 0.5324106216430664 0.011513382196426392 0.012829184532165527
1 0.5565899014472961 0.5353716611862183 0.004737377166748047 0.009967327117919922
1 0.5598787069320679 0.5388261079788208 0.006907999515533447 0.011595189571380615
0 0.5102063417434692 0.5200748443603516 0.0325663685798645 0.022697746753692627
1 0.5534640550613403 0.5317946672439575 0.006907999515533447 0.019244015216827393
