0 0.3605338931083679 0.5324108600616455 0.006908804178237915 0.01134955883026123
0 0.28355759382247925 0.5299434661865234 0.010526478290557861 0.00592118501663208
0 0.307242214679718 0.5358646512031555 0.012500226497650146 0.010855436325073242
0 0.24276740849018097 0.5467200875282288 0.02664521336555481 0.018750309944152832
0 0.30000823736190796 0.5246806144714355 0.016229718923568726 0.011843442916870117
0 0.36933350563049316 0.5277231931686401 0.010032951831817627 0.012829124927520752
0 0.29737362265586853 0.5437595248222351 0.016776621341705322 0.02615177631378174
0 0.3273083567619324 0.5417857766151428 0.065132737159729 0.038980960845947266
0 0.47566622495651245 0.574845552444458 0.054606229066848755 0.06661301851272583
0 0.3937568962574005 0.5299434661865234 0.008552789688110352 0.010855436325073242
0 0.48487693071365356 0.5225419998168945 0.03388217091560364 0.06167870759963989
0 0.11118615418672562 0.5398120880126953 0.025987297296524048 0.01578974723815918
0 0.15888436138629913 0.5358646512031555 0.027303099632263184 0.009868621826171875
0 0.17796443402767181 0.5343846082687378 0.010197699069976807 0.012336909770965576
0 0.19638502597808838 0.5368515253067017 0.010526493191719055 0.011842310428619385
0 0.1671081781387329 0.5654704570770264 0.058553650975227356 0.05871814489364624
0 0.45099472999572754 0.5250091552734375 0.005921155214309692 0.008881747722625732
0 0.14024393260478973 0.533890962600708 0.01765507459640503 0.008224546909332275
0 0.9786355495452881 0.5965564846992493 0.04111909866333008 0.11595594882965088
0 0.1828979253768921 0.5338909029960632 0.00921069085597992 0.00789487361907959
0 0.22088593244552612 0.6185171008110046 0.11250482499599457 0.14211034774780273
0 0.2230302095413208 0.5457332134246826 0.02532939612865448 0.0098685622215271
0 0.2687547206878662 0.5309303402900696 0.02138194441795349 0.03700721263885498
0 0.9154765605926514 0.5417858362197876 0.16776609420776367 0.18158215284347534
1 0.7655508518218994 0.5317211151123047 0.01045900583267212 0.02575671672821045
0 0.27796539664268494 0.5447463989257812 0.011842310428619385 0.02319115400314331
1 0.15608879923820496 0.5338912010192871 0.006908014416694641 0.013569891452789307
0 0.5829049348831177 0.5250092148780823 0.08783048391342163 0.16579237580299377
0 0.4592185616493225 0.5259960293769836 0.009868621826171875 0.012829184532165527
1 0.2888208329677582 0.5570821166038513 0.020395100116729736 0.05822467803955078
0 0.5450752973556519 0.5279697179794312 0.006579101085662842 0.014802873134613037
0 0.5329040884971619 0.5259960889816284 0.020066142082214355 0.025164902210235596
0 0.7585659027099609 0.6725447177886963 0.23553043603897095 0.23733967542648315
1 0.2603658437728882 0.5521513819694519 0.014474749565124512 0.04367482662200928
0 0.06447481364011765 0.5447463989257812 0.027303114533424377 0.011842310428619385
