0 0.4480341672897339 0.3118475675582886 0.027632057666778564 0.03700721263885498
0 0.38553309440612793 0.34762120246887207 0.01611870527267456 0.030592650175094604
0 0.3128344416618347 0.4248429536819458 0.06085631251335144 0.07450789213180542
0 0.5414568781852722 0.4090532064437866 0.04736924171447754 0.0577312707901001
0 0.6108659505844116 0.525502622127533 0.09473848342895508 0.11299538612365723
0 0.49310076236724854 0.3456474840641022 0.011513352394104004 0.025411605834960938
0 0.4126717448234558 0.3199891149997711 0.016447633504867554 0.020724058151245117
0 0.5105352997779846 0.35946351289749146 0.03223744034767151 0.03700721263885498
1 0.3822435140609741 0.5363580584526062 0.05098775029182434 0.11447569727897644
0 0.3651379942893982 0.36957883834838867 0.0424349308013916 0.0577312707901001
0 0.5243512392044067 0.38191458582878113 0.03848749399185181 0.05526411533355713
0 0.5829049348831177 0.3683452308177948 0.020395100116729736 0.03602033853530884
0 0.37591123580932617 0.30641984939575195 0.005838900804519653 0.013816028833389282
0 0.48717960715293884 0.33799928426742554 0.01644766330718994 0.02072402834892273
0 0.5690889358520508 0.33799928426742554 0.028125524520874023 0.02146419882774353
0 0.5786285400390625 0.4771465063095093 0.08552777767181396 0.09917938709259033
0 0.2694126069545746 0.4731990694999695 0.08355408906936646 0.10608735680580139
0 0.5059298872947693 0.34885478019714355 0.031250566244125366 0.03700724244117737
0 0.3845462501049042 0.3648912310600281 0.01611870527267456 0.04144808650016785
0 0.3975399136543274 0.3310912847518921 0.025000423192977905 0.029852479696273804
0 0.5138248205184937 0.3683452308177948 0.02927684783935547 0.03922766447067261
