0 0.1496736705303192 0.4958968460559845 0.03782960772514343 0.03207296133041382
0 0.586363673210144 0.47258853912353516 0.009210705757141113 0.009868592023849487
0 0.5973788499832153 0.46579763293266296 0.009210646152496338 0.011842310428619385
0 0.43125754594802856 0.4707319140434265 0.01611870527267456 0.009868592023849487
0 0.5171142816543579 0.4801070988178253 0.008552730083465576 0.03799408674240112
0 0.6021491289138794 0.48084789514541626 0.011184394359588623 0.014802873134613037
0 0.5394808053970337 0.4593859612941742 0.011184394359588623 0.00789487361907959
0 0.4996798038482666 0.5309303402900696 0.05263248085975647 0.058718085289001465
0 0.5789093971252441 0.48810499906539917 0.00969552993774414 0.013556450605392456
0 0.5631720423698425 0.46234768629074097 0.005263209342956543 0.00493428111076355
0 0.2335582673549652 0.5348824858665466 0.09177790582180023 0.09424450993537903
0 0.27796536684036255 0.48306766152381897 0.02138194441795349 0.016776621341705322
0 0.5720494985580444 0.457902729511261 0.00789487361907959 0.005921155214309692
0 0.5221580266952515 0.46185052394866943 0.008772075176239014 0.005592256784439087
0 0.45856064558029175 0.4628370404243469 0.009868592023849487 0.006907999515533447
0 0.6056027412414551 0.4727056622505188 0.009210646152496338 0.01085546612739563
0 0.5674440860748291 0.4880019426345825 0.015460789203643799 0.017763465642929077
0 0.6121817827224731 0.46777135133743286 0.007236957550048828 0.00789487361907959
0 0.5322461128234863 0.4707319140434265 0.016776621341705322 0.02615177631378174
0 0.36448007822036743 0.4727056622505188 0.012500196695327759 0.009868592023849487
0 0.39869117736816406 0.47566622495651245 0.011842310428619385 0.013816028833389282
0 0.380598783493042 0.47566622495651245 0.012500196695327759 0.013816028833389282
0 0.35658520460128784 0.5018180012702942 0.05263248085975647 0.05181014537811279
0 0.5197451114654541 0.4620972275733948 0.014885365962982178 0.01085546612739563
0 0.5921156406402588 0.457902729511261 0.007236957550048828 0.00493428111076355
0 0.11513359844684601 0.5126734375953674 0.06579063087701797 0.0577312707901001
0 0.5363229513168335 0.46323394775390625 0.00973731279373169 0.005921155214309692
0 0.5013905167579651 0.4880019426345825 0.030987530946731567 0.04490208625793457
0 0.5523122549057007 0.505765438079834 0.030592620372772217 0.03404664993286133
0 0.5796154141426086 0.468758225440979 0.005263209342956543 0.009868592023849487
0 0.5432114601135254 0.4815879166126251 0.020066142082214355 0.02911233901977539
0 0.5714843273162842 0.4567767381668091 0.004416942596435547 0.00493428111076355
0 0.3832850456237793 0.4712306261062622 0.011710435152053833 0.01085546612739563
0 0.573365330696106 0.46974506974220276 0.008552730083465576 0.012829184532165527
0 0.24272622168064117 0.5044597387313843 0.0209406316280365 0.02122431993484497
0 0.34869033098220825 0.486028254032135 0.024671465158462524 0.02417805790901184
0 0.024835960939526558 0.8718903064727783 0.049671921879053116 0.22451049089431763
0 0.3500061333179474 0.4707319140434265 0.01611870527267456 0.005921155214309692
0 0.4103134870529175 0.4750087857246399 0.011403769254684448 0.01085546612739563
0 0.26020193099975586 0.4880019426345825 0.025987297296524048 0.025164932012557983
