0 0.5105352401733398 0.4983639717102051 0.018750309944152832 0.024178028106689453
0 0.5729418396949768 0.5315312147140503 0.04876518249511719 0.08363190293312073
0 0.5046141147613525 0.49293625354766846 0.033224254846572876 0.03947436809539795
0 0.5470490455627441 0.5171142816543579 0.05690884590148926 0.06118530035018921
0 0.32796627283096313 0.5072457194328308 0.027961015701293945 0.03947436809539795
0 0.47402143478393555 0.49688369035720825 0.017763465642929077 0.022697776556015015
1 0.012417980469763279 0.5482003688812256 0.024835960939526558 0.09177792072296143
0 0.6597843170166016 0.5783217549324036 0.11185312271118164 0.11809468269348145
0 0.6329058408737183 0.5452398061752319 0.12829166650772095 0.11447569727897644
1 0.5746811032295227 0.4944165349006653 0.01019752025604248 0.022697776556015015
0 0.5174432992935181 0.5097128748893738 0.03486901521682739 0.05082324147224426
0 0.34836137294769287 0.503298282623291 0.01282915472984314 0.028125524520874023
0 0.4825742244720459 0.4993508458137512 0.017763465642929077 0.016776591539382935
1 0.2036219835281372 0.5279697179794312 0.01085546612739563 0.03799408674240112
0 0.4477052092552185 0.4954034090042114 0.025329381227493286 0.022697776556015015
0 0.24819611012935638 0.528205156326294 0.05772837996482849 0.06685888767242432
0 0.29901838302612305 0.5185946226119995 0.04079020023345947 0.03947439789772034
0 0.32204508781433105 0.5121800303459167 0.0289478600025177 0.03700724244117737
