0 0.27961015701293945 0.5215551853179932 0.059869468212127686 0.048356086015701294
1 0.2674388885498047 0.6942555904388428 0.06217215955257416 0.32368987798690796
0 0.9889885783195496 0.5415390133857727 0.02202284336090088 0.06019878387451172
0 0.42533639073371887 0.480929434299469 0.007236957550048828 0.013816028833389282
1 0.2516491413116455 0.6804395318031311 0.12171266973018646 0.33750593662261963
0 0.5802733302116394 0.5644835233688354 0.25099125504493713 0.15098947286605835
1 0.5088905096054077 0.47763991355895996 0.004605352878570557 0.013816028833389282
0 0.47778090834617615 0.47023850679397583 0.006923675537109375 0.007189959287643433
0 0.02055956982076168 0.579779863357544 0.04111913964152336 0.0690801739692688
0 0.24737274646759033 0.5146471858024597 0.03223741054534912 0.03750064969062805
0 0.42040205001831055 0.48372554779052734 0.012829184532165527 0.016776591539382935
0 0.522344708442688 0.48336371779441833 0.014802873134613037 0.020724058151245117
0 0.5402765274047852 0.49276232719421387 0.01578974723815918 0.020288735628128052
0 0.44112613797187805 0.4771465063095093 0.025000452995300293 0.016776621341705322
1 0.307242214679718 0.4904690980911255 0.009210705757141113 0.026645183563232422
0 0.5654703974723816 0.4939231276512146 0.035855889320373535 0.022204309701919556
0 0.44474464654922485 0.4771465063095093 0.01356932520866394 0.017763495445251465
0 0.1389278769493103 0.5409634113311768 0.13870856165885925 0.06727087497711182
1 0.9667932391166687 0.5106997489929199 0.023026704788208008 0.03750064969062805
0 0.3233609199523926 0.4966370463371277 0.03174400329589844 0.04070797562599182
0 0.4648107588291168 0.4746793508529663 0.011842310428619385 0.013816028833389282
0 0.4023096561431885 0.48553481698036194 0.01282915472984314 0.01924377679824829
1 0.9628458023071289 0.6177740097045898 0.04967188835144043 0.22747105360031128
0 0.500008761882782 0.4786267876625061 0.017434507608413696 0.013816028833389282
0 0.4849115312099457 0.4657716751098633 0.011184394359588623 0.01625719666481018
0 0.38191458582878113 0.488495409488678 0.020395100116729736 0.02072402834892273
0 0.22796452045440674 0.5245157480239868 0.036842748522758484 0.033059775829315186
1 0.17895053327083588 0.5010780096054077 0.016118615865707397 0.04440915584564209
0 0.2763206362724304 0.5015712976455688 0.025493890047073364 0.014309465885162354
0 0.03922766074538231 0.5407989621162415 0.07845532149076462 0.08733704686164856
