1 0.8223828077316284 0.5437595248222351 0.01019752025604248 0.07154726982116699
0 0.4095466136932373 0.5335619449615479 0.033735960721969604 0.030592679977416992
1 0.6763275861740112 0.508232593536377 0.009210646152496338 0.011348903179168701
1 0.1309233456850052 0.5694178342819214 0.022039860486984253 0.09671217203140259
0 0.499162882566452 0.4961082935333252 0.010479509830474854 0.015296310186386108
0 0.4245140552520752 0.5699112415313721 0.07549488544464111 0.08536332845687866
0 0.5759968757629395 0.52303546667099 0.011842310428619385 0.03157949447631836
1 0.574844241142273 0.5089738368988037 0.005921125411987305 0.019740015268325806
1 0.9448356628417969 0.569726288318634 0.027817130088806152 0.10738265514373779
0 0.6082342863082886 0.5109110474586487 0.058741629123687744 0.08353042602539062
1 0.6634984612464905 0.5250091552734375 0.011932015419006348 0.037007272243499756
0 0.4665340185165405 0.5494900345802307 0.02656671404838562 0.057047247886657715
1 0.6774790287017822 0.5279698371887207 0.013158142566680908 0.0471225380897522
1 0.0050165350548923016 0.6394848823547363 0.010033070109784603 0.043421804904937744
1 0.1631607562303543 0.56843101978302 0.01611870527267456 0.07006698846817017
1 0.7713950872421265 0.5388252139091492 0.018750309944152832 0.08289620280265808
1 0.33910760283470154 0.5417916774749756 0.01611870527267456 0.048367857933044434
1 0.6908015608787537 0.5210617780685425 0.009210705757141113 0.04736927151679993
1 0.01611870341002941 0.787513792514801 0.03223740682005882 0.23931336402893066
1 0.23191195726394653 0.7832286357879639 0.12993647158145905 0.43354272842407227
1 0.9623435735702515 0.7885006666183472 0.0753127932548523 0.4130006432533264
1 0.7596187591552734 0.533890962600708 0.014605522155761719 0.06029719114303589
1 0.7756714820861816 0.5388252139091492 0.02203989028930664 0.08289620280265808
1 0.8062641024589539 0.5822470188140869 0.04079020023345947 0.11348885297775269
1 0.37369072437286377 0.5338909029960632 0.010197550058364868 0.03947436809539795
1 0.005838918033987284 0.935049295425415 0.011677836067974567 0.03207296133041382
1 0.8463963866233826 0.5516543388366699 0.02203989028930664 0.08783048391342163
1 0.6714832782745361 0.5247399806976318 0.00804448127746582 0.03826332092285156
0 0.48125842213630676 0.5023114085197449 0.03125053644180298 0.04144808650016785
1 0.09556093066930771 0.573365330696106 0.024178043007850647 0.10238665342330933
1 0.7263284921646118 0.5042851567268372 0.007565915584564209 0.011348873376846313
1 0.47520577907562256 0.512179970741272 0.24967539310455322 0.08033043146133423
1 0.725670576095581 0.531423807144165 0.014473915100097656 0.06266552209854126
1 0.6967227458953857 0.5274763107299805 0.013487040996551514 0.05477064847946167
1 0.6386176943778992 0.5155442953109741 0.00924062728881836 0.03449517488479614
1 0.6509989500045776 0.5171142816543579 0.008717119693756104 0.03663751482963562
1 0.6404716968536377 0.5289895534515381 0.009210646152496338 0.037007272243499756
0 0.2553391456604004 0.5482861995697021 0.13076595962047577 0.15560191869735718
