0 0.5184301137924194 0.5319172143936157 0.020066142082214355 0.019737184047698975
0 0.6299452781677246 0.5279697775840759 0.04046124219894409 0.021710872650146484
0 0.49310073256492615 0.5319172143936157 0.030592620372772217 0.04588896036148071
0 0.6154713034629822 0.520568311214447 0.01743447780609131 0.017763495445251465
0 0.5282987356185913 0.5299434661865234 0.015460789203643799 0.018750309944152832
0 0.508232593536377 0.5348777770996094 0.00789487361907959 0.021710872650146484
0 0.7404735088348389 0.5447463989257812 0.07664602994918823 0.06167870759963989
0 0.46974506974220276 0.5398120880126953 0.03190845251083374 0.0439152717590332
0 0.41579675674438477 0.537838339805603 0.06250110268592834 0.03207296133041382
0 0.4404682517051697 0.5329040288925171 0.03388217091560364 0.02713865041732788
0 0.6088922023773193 0.5546149611473083 0.04671138525009155 0.05279695987701416
0 0.7858690023422241 0.5556018352508545 0.13158124685287476 0.06661301851272583
0 0.2786232829093933 0.5654704570770264 0.04539552330970764 0.04588896036148071
0 0.5289566516876221 0.5240223407745361 0.04605346918106079 0.023191213607788086
