0 0.6588931083679199 0.5250091552734375 0.013158082962036133 0.013322651386260986
0 0.41250723600387573 0.5437595248222351 0.023355692625045776 0.018750309944152832
0 0.5559307932853699 0.5363580584526062 0.013815999031066895 0.012335777282714844
0 0.465797483921051 0.5383318662643433 0.024890869855880737 0.024836421012878418
0 0.7644870281219482 0.5324106216430664 0.007565915584564209 0.015296339988708496
0 0.3437560200691223 0.5704047679901123 0.05361935496330261 0.05871814489364624
0 0.5279697179794312 0.5324106216430664 0.01842135190963745 0.011348903179168701
0 0.9981172680854797 0.5042851567268372 0.0037654638290405273 0.024671465158462524
0 0.5105352401733398 0.5279697179794312 0.006250143051147461 0.003947436809539795
0 0.45987647771835327 0.5333974957466125 0.01315811276435852 0.012335777282714844
0 0.48948225378990173 0.5921156406402588 0.09342271089553833 0.1154625415802002
0 0.5092194080352783 0.5393186211585999 0.022697746753692627 0.02368462085723877
0 0.9072526693344116 0.5333974957466125 0.05559307336807251 0.0577312707901001
0 0.6493535041809082 0.5240223407745361 0.0062500834465026855 0.012335717678070068
0 0.6753407716751099 0.5146471261978149 0.0049343109130859375 0.003947436809539795
0 0.5855365991592407 0.5250091552734375 0.013158142566680908 0.012335717678070068
0 0.6417875289916992 0.5240223407745361 0.01776343584060669 0.013322591781616211
1 0.5921149253845215 0.550173282623291 0.013486981391906738 0.04046112298965454
0 0.835211992263794 0.5190880298614502 0.02401357889175415 0.009375214576721191
0 0.8868576288223267 0.5116865634918213 0.01578974723815918 0.009375154972076416
0 0.39112526178359985 0.540305495262146 0.02138197422027588 0.012335717678070068
0 0.5483648777008057 0.5373449325561523 0.019079267978668213 0.015296339988708496
0 0.4782978296279907 0.531423807144165 0.008881717920303345 0.011348903179168701
0 0.4921138882637024 0.5333974957466125 0.008881717920303345 0.007401466369628906
0 0.4398103356361389 0.5551084280014038 0.03223741054534912 0.03898090124130249
0 0.4131651222705841 0.5753390192985535 0.04868507385253906 0.05032980442047119
0 0.41809943318367004 0.5324106216430664 0.03223741054534912 0.027632057666778564
0 0.9755839705467224 0.5116865634918213 0.048832058906555176 0.025658339262008667
