0 0.5184301137924194 0.7105387449264526 0.20131930708885193 0.273360013961792
1 0.4444180130958557 0.5977891683578491 0.02253246307373047 0.042679011821746826
0 0.24901752173900604 0.5383318066596985 0.02664521336555481 0.020724058151245117
0 0.5727074146270752 0.5250091552734375 0.02565830945968628 0.0310860276222229
0 0.5138248205184937 0.5181012153625488 0.010526478290557861 0.014309465885162354
0 0.09868593513965607 0.5551084280014038 0.01611870527267456 0.017270028591156006
1 0.7207362651824951 0.5245157480239868 0.010526478290557861 0.03503352403640747
0 0.5204038619995117 0.5215551853179932 0.011184394359588623 0.015296339988708496
0 0.607905387878418 0.5407989025115967 0.04079020023345947 0.04539555311203003
1 0.2060564160346985 0.6270508170127869 0.03697533905506134 0.15128672122955322
0 0.6296162605285645 0.5309303402900696 0.021053016185760498 0.025658369064331055
1 0.3580646514892578 0.5504212975502014 0.013487070798873901 0.06069183349609375
1 0.8401463031768799 0.5718849897384644 0.021053016185760498 0.07993561029434204
1 0.3048743009567261 0.5865422487258911 0.021744638681411743 0.07105755805969238
1 0.38105231523513794 0.6159858107566833 0.03244355320930481 0.13957953453063965
1 0.8184353709220886 0.5501124858856201 0.01578974723815918 0.06667488813400269
1 0.8644894361495972 0.5293514728546143 0.011184394359588623 0.04243505001068115
1 0.7503879070281982 0.5772576928138733 0.03918212652206421 0.11485934257507324
0 0.4970480799674988 0.5128381848335266 0.011513382196426392 0.016283035278320312
1 0.5105352401733398 0.5560952425003052 0.03223741054534912 0.03157949447631836
1 0.39031535387039185 0.5484281778335571 0.014144986867904663 0.06251388788223267
1 0.5322461128234863 0.5718849897384644 0.021053016185760498 0.03157949447631836
1 0.7763293981552124 0.5245157480239868 0.010526478290557861 0.03157949447631836
0 0.5347460508346558 0.5046799778938293 0.013158142566680908 0.017270058393478394
0 0.23980683088302612 0.5383317470550537 0.014802888035774231 0.01381605863571167
0 0.9472939968109131 0.9043656587600708 0.10541194677352905 0.19126874208450317
1 0.45263952016830444 0.5886616706848145 0.024671465158462524 0.04835611581802368
0 0.19375339150428772 0.5383318066596985 0.019408226013183594 0.010855436325073242
0 0.1671081781387329 0.5477069616317749 0.02763207256793976 0.020724058151245117
1 0.8452454209327698 0.5198717713356018 0.01578974723815918 0.02416360378265381
1 0.5233644247055054 0.5615229606628418 0.026316285133361816 0.037007272243499756
1 0.21480639278888702 0.6169520616531372 0.040023237466812134 0.15148323774337769
0 0.46960383653640747 0.5173256397247314 0.010056644678115845 0.006907999515533447
1 0.3692166805267334 0.5245157480239868 0.010526478290557861 0.01578974723815918
0 0.47961366176605225 0.5111931562423706 0.021053016185760498 0.031086087226867676
0 0.5233644247055054 0.5210617780685425 0.011513352394104004 0.014309465885162354
1 0.3695451021194458 0.5526410937309265 0.01578974723815918 0.05506706237792969
1 0.6914594769477844 0.5245157480239868 0.010526537895202637 0.03157949447631836
0 0.5404700040817261 0.5097128748893738 0.010526478290557861 0.008388280868530273
1 0.7487635016441345 0.5261931419372559 0.004605293273925781 0.030099332332611084
0 0.19737187027931213 0.5467201471328735 0.005592212080955505 0.016776621341705322
0 0.5003377199172974 0.5407989025115967 0.02664521336555481 0.0310860276222229
0 0.5279697775840759 0.5225420594215393 0.005592226982116699 0.01578974723815918
1 0.2921103835105896 0.6843869686126709 0.0730275809764862 0.2368462085723877
0 0.21754693984985352 0.5422792434692383 0.013049080967903137 0.015296101570129395
0 0.18585851788520813 0.5462266802787781 0.02927681803703308 0.020724058151245117
1 0.6868541240692139 0.5185946226119995 0.007236957550048828 0.022697746753692627
1 0.4204021096229553 0.637511134147644 0.031250566244125366 0.1401340365409851
0 0.36250558495521545 0.5255028009414673 0.012763023376464844 0.017270028591156006
1 0.7342233657836914 0.5210617780685425 0.006907999515533447 0.030592620372772217
1 0.39763790369033813 0.540305495262146 0.010526508092880249 0.041646480560302734
1 0.7207362651824951 0.5975433588027954 0.03454011678695679 0.12631797790527344
1 0.20724046230316162 0.5585623979568481 0.019408240914344788 0.05181014537811279
1 0.5924445986747742 0.6024776697158813 0.03157949447631836 0.09473848342895508
0 0.06842225044965744 0.5590558052062988 0.03782960772514343 0.026151716709136963
1 0.8807379007339478 0.585109293460846 0.038684189319610596 0.09177672863006592
0 0.33092620968818665 0.5272297263145447 0.021053016185760498 0.02047717571258545
2 0.556917667388916 0.5190880298614502 0.00592118501663208 0.020230650901794434
0 0.47402143478393555 0.5309303402900696 0.0190792977809906 0.024178028106689453
1 0.9362006187438965 0.6069185137748718 0.03289526700973511 0.11151516437530518
0 0.5345488786697388 0.5136603116989136 0.013158142566680908 0.011348843574523926
1 0.26963362097740173 0.611193060874939 0.030208170413970947 0.1316583752632141
0 0.503298282623291 0.5181012153625488 0.017105579376220703 0.014309465885162354
1 0.7994571924209595 0.5533624887466431 0.01958566904067993 0.0691179633140564
1 0.6598799228668213 0.6261622905731201 0.0690801739692688 0.1766478419303894
1 0.931989312171936 0.5886616110801697 0.04486781358718872 0.1209878921508789
1 0.3746775984764099 0.5324106216430664 0.010526508092880249 0.030592620372772217
0 0.5384962558746338 0.5309303402900696 0.027632057666778564 0.03404664993286133
1 0.6914594769477844 0.6202411651611328 0.04276394844055176 0.14309459924697876
0 0.14473937451839447 0.5521478652954102 0.02401357889175415 0.01924377679824829
0 0.818764328956604 0.7386642694473267 0.27829432487487793 0.256089985370636
0 0.5013245344161987 0.5240223407745361 0.017105549573898315 0.008388280868530273
1 0.7276443243026733 0.5245157480239868 0.00822383165359497 0.03503352403640747
0 0.4676612913608551 0.5156338214874268 0.010526478290557861 0.005427896976470947
0 0.48844003677368164 0.5311769247055054 0.02110806107521057 0.02417808771133423
0 0.30208802223205566 0.5332331657409668 0.017434507608413696 0.016776621341705322
