0 0.03190845251083374 0.5482003688812256 0.00921068899333477 0.011842310428619385
0 0.8569228649139404 0.5225419998168945 0.04901403188705444 0.02565830945968628
0 0.040790148079395294 0.5457332134246826 0.006085839122533798 0.009622037410736084
0 0.7480393648147583 0.5195814371109009 0.04605346918106079 0.03207296133041382
0 0.16776609420776367 0.5383318066596985 0.00789487361907959 0.010362029075622559
0 0.7769873142242432 0.5245157480239868 0.035526931285858154 0.024178028106689453
0 0.554286003112793 0.5329744815826416 0.01936131715774536 0.01564878225326538
0 0.02960578165948391 0.5457332134246826 0.012171264737844467 0.011842310428619385
0 0.1881611943244934 0.5398120880126953 0.016118690371513367 0.011842310428619385
0 0.09572535753250122 0.542772650718689 0.008552782237529755 0.010362029075622559
0 0.9854525327682495 0.5151405930519104 0.0290948748588562 0.012829184532165527
