0 0.37796714901924133 0.5264894962310791 0.020066142082214355 0.02565830945968628
0 0.35888785123825073 0.5294500589370728 0.02664521336555481 0.025658369064331055
0 0.8223828077316284 0.5067522525787354 0.031250596046447754 0.0310860276222229
0 0.41842836141586304 0.508232593536377 0.007565915584564209 0.011348843574523926
0 0.4243495464324951 0.5111931562423706 0.011513382196426392 0.011348843574523926
0 0.7283022403717041 0.5921156406402588 0.12927860021591187 0.14506834745407104
0 0.5907998085021973 0.5324106216430664 0.04572451114654541 0.05427730083465576
0 0.4403037428855896 0.508972704410553 0.01315811276435852 0.011348843574523926
0 0.2977026104927063 0.5437594652175903 0.028125524520874023 0.027138590812683105
0 0.49671924114227295 0.5218018889427185 0.023684650659561157 0.025658369064331055
0 0.3068035840988159 0.5389897227287292 0.03421112895011902 0.03174400329589844
0 0.5727074146270752 0.5294500589370728 0.013651549816131592 0.044161975383758545
0 0.9157145023345947 0.7401444911956787 0.16857099533081055 0.2847089171409607
0 0.6361953616142273 0.5565886497497559 0.06447482109069824 0.06710642576217651
0 0.8852128982543945 0.5111931562423706 0.051316678524017334 0.03404664993286133
0 0.9542930126190186 0.5195814371109009 0.09112000465393066 0.07549473643302917
0 0.4500078558921814 0.5111931562423706 0.01315811276435852 0.011348843574523926
0 0.16760168969631195 0.5694178342819214 0.07401445508003235 0.05847138166427612
0 0.5631677508354187 0.5240223407745361 0.01907932758331299 0.025658369064331055
