0 0.4743503928184509 0.5319172143936157 0.003289550542831421 0.0049343109130859375
0 0.6355373859405518 0.537838339805603 0.011184394359588623 0.011842310428619385
0 0.6519851088523865 0.5279697179794312 0.027961015701293945 0.014802873134613037
0 0.2440832257270813 0.5388252139091492 0.011184409260749817 0.014802932739257812
0 0.7312628030776978 0.5358646512031555 0.03322422504425049 0.013815999031066895
0 0.8256723284721375 0.5289566516876221 0.02138197422027588 0.01578974723815918
0 0.48356109857559204 0.5309303402900696 0.00789487361907959 0.005921125411987305
0 0.4655783772468567 0.5282983779907227 0.00921088457107544 0.015132009983062744
0 0.9309373497962952 0.5348777770996094 0.035855889320373535 0.030099213123321533
0 0.7450788021087646 0.5309303998947144 0.0098685622215271 0.011842310428619385
0 0.7240258455276489 0.5309303998947144 0.020724058151245117 0.011842310428619385
1 0.3151370882987976 0.5477069616317749 0.006907999515533447 0.024671494960784912
0 0.7059359550476074 0.5207866430282593 0.01396089792251587 0.012280821800231934
0 0.36645376682281494 0.5565887093544006 0.033224254846572876 0.038980960845947266
0 0.8335672616958618 0.5348777770996094 0.016776621341705322 0.010855436325073242
0 0.48356109857559204 0.538331925868988 0.01019752025604248 0.012829184532165527
0 0.5204038619995117 0.5398120880126953 0.014473915100097656 0.016776621341705322
0 0.953964114189148 0.520568311214447 0.03125053644180298 0.01578974723815918
0 0.5720494985580444 0.5269829034805298 0.03980332612991333 0.01578974723815918
0 0.5575755834579468 0.5437595248222351 0.029276788234710693 0.01578974723815918
0 0.9539640545845032 0.5348777770996094 0.027303099632263184 0.021710872650146484
