0 0.3615194857120514 0.536358118057251 0.019408226013183594 0.024671494960784912
0 0.1361865997314453 0.6098790764808655 0.17927944660186768 0.1574040651321411
0 0.4529684782028198 0.5294500589370728 0.0055921971797943115 0.01578974723815918
0 0.3763223886489868 0.536358118057251 0.01940825581550598 0.027632057666778564
0 0.3937568962574005 0.5407989025115967 0.012829184532165527 0.030592620372772217
0 0.38717782497406006 0.5407989025115967 0.012829184532165527 0.030592620372772217
0 0.5460622310638428 0.5393186807632446 0.010526478290557861 0.030099213123321533
0 0.2723731994628906 0.5822470188140869 0.04967191815376282 0.06759989261627197
0 0.5404700040817261 0.5279697775840759 0.03125053644180298 0.041448116302490234
0 0.5125089883804321 0.5284632444381714 0.019408226013183594 0.01924377679824829
0 0.5261298418045044 0.5288565754890442 0.0071713924407958984 0.024178028106689453
0 0.3062553405761719 0.5669506788253784 0.0460534393787384 0.0537838339805603
0 0.5289566516876221 0.5294500589370728 0.006579101085662842 0.027138590812683105
0 0.3266504406929016 0.5477069616317749 0.03223741054534912 0.027632057666778564
0 0.5450752973556519 0.5368515253067017 0.013158142566680908 0.03404664993286133
0 0.45494216680526733 0.533890962600708 0.007565915584564209 0.011348903179168701
0 0.5269829034805298 0.5294500589370728 0.011513352394104004 0.027138590812683105
0 0.48487693071365356 0.5200748443603516 0.022039860486984253 0.024671494960784912
0 0.3421112298965454 0.5407989025115967 0.03486904501914978 0.024671494960784912
0 0.508232593536377 0.5649769902229309 0.07598817348480225 0.05131673812866211
0 0.42890870571136475 0.5465786457061768 0.03717148303985596 0.04292804002761841
0 0.508232593536377 0.6962293386459351 0.165134459733963 0.219082772731781
0 0.4937586188316345 0.5536280870437622 0.04276391863822937 0.052797019481658936
0 0.4957323670387268 0.5215551853179932 0.02203989028930664 0.015296339988708496
0 0.2230302095413208 0.5778061747550964 0.08552782237529755 0.13371944427490234
0 0.44222140312194824 0.534385085105896 0.02664521336555481 0.03651398420333862
0 0.5611940622329712 0.5422792434692383 0.03980332612991333 0.046875834465026855
0 0.4861927032470703 0.5407989025115967 0.027632087469100952 0.037007272243499756
0 0.4552711248397827 0.5299434661865234 0.00822383165359497 0.01776343584060669
0 0.40099385380744934 0.537838339805603 0.012829184532165527 0.02911233901977539
0 0.5782995820045471 0.5551084280014038 0.049342989921569824 0.052797019481658936
0 0.3567507266998291 0.5963090658187866 0.08881679177284241 0.10164588689804077
