0 0.024013577029109 0.5250091552734375 0.04111913964152336 0.02319115400314331
0 0.5407989025115967 0.5289566516876221 0.022697746753692627 0.02713865041732788
0 0.4996798038482666 0.500831127166748 0.001973748207092285 0.0029605627059936523
0 0.5157985091209412 0.500831127166748 0.001973748207092285 0.0029605627059936523
0 0.42928382754325867 0.5205683708190918 0.013158142566680908 0.011842310428619385
0 0.49310073256492615 0.5106997489929199 0.0026316046714782715 0.003947436809539795
0 0.48191750049591064 0.500831127166748 0.002631634473800659 0.0029605627059936523
0 0.4671134352684021 0.5047786235809326 0.006579041481018066 0.003947436809539795
0 0.4771707355976105 0.5009720325469971 0.0025377273559570312 0.00296059250831604
0 0.48158738017082214 0.5126734375953674 0.003289520740509033 0.0049343109130859375
0 0.41184931993484497 0.5067522525787354 0.003289520740509033 0.003947436809539795
0 0.250333309173584 0.5250091552734375 0.02138194441795349 0.03898090124130249
0 0.5151405930519104 0.5166208744049072 0.00789487361907959 0.013815999031066895
0 0.4884953796863556 0.5106997489929199 0.00789487361907959 0.011842310428619385
0 0.4248075485229492 0.5214046239852905 0.009868592023849487 0.0105552077293396
0 0.34671658277511597 0.5329040288925171 0.041119128465652466 0.04588896036148071
0 0.20691151916980743 0.5467200875282288 0.08980420231819153 0.08289623260498047
0 0.08783048391342163 0.6074119806289673 0.17566096782684326 0.1626909375190735
0 0.449678897857666 0.5126734375953674 0.006579071283340454 0.0049343109130859375
0 0.45099472999572754 0.5368515253067017 0.026645183563232422 0.03207296133041382
0 0.4384945034980774 0.5146471261978149 0.008552759885787964 0.0098685622215271
0 0.4572448432445526 0.5199097394943237 0.01436460018157959 0.013486981391906738
0 0.46185019612312317 0.500831127166748 0.003289520740509033 0.003947466611862183
0 0.49803513288497925 0.5329040288925171 0.022697776556015015 0.02319115400314331
0 0.06283139437437057 0.7798603773117065 0.12352494895458221 0.39968007802963257
0 0.5016535520553589 0.500831127166748 0.0019736886024475098 0.0029605627059936523
0 0.3325716257095337 0.5126734375953674 0.009210675954818726 0.00789487361907959
0 0.491784930229187 0.500831127166748 0.0019737184047698975 0.0029605627059936523
0 0.44309985637664795 0.5146471261978149 0.006579041481018066 0.0098685622215271
0 0.3079001307487488 0.5146471858024597 0.020066142082214355 0.012829184532165527
0 0.508232593536377 0.5126734972000122 0.003289520740509033 0.003947436809539795
0 0.4750083088874817 0.500831127166748 0.0026316046714782715 0.0029605627059936523
0 0.4013228118419647 0.5250091552734375 0.022697746753692627 0.02713865041732788
0 0.46842923760414124 0.5185946226119995 0.00789487361907959 0.011842310428619385
0 0.4996798038482666 0.5126734972000122 0.0032894909381866455 0.003947436809539795
0 0.0690801590681076 0.5250091552734375 0.02993473783135414 0.012829124927520752
