0 0.5621808767318726 0.4919493794441223 0.023026704788208008 0.03157946467399597
0 0.5417858362197876 0.4791202247142792 0.010526478290557861 0.020230591297149658
0 0.4388234615325928 0.4904690980911255 0.01644766330718994 0.023191183805465698
0 0.4727056622505188 0.47763994336128235 0.013487070798873901 0.012829184532165527
0 0.5437594652175903 0.48306766152381897 0.007565915584564209 0.018750309944152832
0 0.39424967765808105 0.5062588453292847 0.015460819005966187 0.03898093104362488
0 0.23585939407348633 0.6937621235847473 0.24342530965805054 0.2511557340621948
0 0.47196584939956665 0.4672779142856598 0.010526508092880249 0.012829184532165527
1 0.6299452781677246 0.5023114681243896 0.018092453479766846 0.05625098943710327
1 0.6917276382446289 0.5290079116821289 0.01923471689224243 0.06814354658126831
0 0.9095466136932373 0.6172804832458496 0.18090671300888062 0.22944480180740356
1 0.11499239504337311 0.5506676435470581 0.024953462183475494 0.07711607217788696
0 0.5062588453292847 0.47171878814697266 0.007565915584564209 0.009868592023849487
0 0.3973753750324249 0.4978705644607544 0.03454005718231201 0.04490211606025696
0 0.5506675243377686 0.48750853538513184 0.01644766330718994 0.024671494960784912
0 0.46777135133743286 0.47615963220596313 0.006579071283340454 0.0074014365673065186
0 0.9821630716323853 0.5151405930519104 0.03567391633987427 0.03157949447631836
0 0.41382303833961487 0.49639028310775757 0.01644766330718994 0.038980960845947266
0 0.48323214054107666 0.4791202247142792 0.013487100601196289 0.014309465885162354
0 0.5687599182128906 0.4820808172225952 0.017434537410736084 0.011348873376846313
0 0.514811635017395 0.47763994336128235 0.018421411514282227 0.012829184532165527
1 0.7809346914291382 0.5333974957466125 0.02171093225479126 0.0789487361907959
0 0.49836498498916626 0.4691288471221924 0.0049343109130859375 0.005921155214309692
0 0.5013245940208435 0.480600506067276 0.014473944902420044 0.01578974723815918
1 0.2411198914051056 0.532906174659729 0.01776301860809326 0.07599025964736938
1 0.3536001443862915 0.4896944761276245 0.00822383165359497 0.016565263271331787
1 0.6313327550888062 0.5017828345298767 0.008576273918151855 0.04743996262550354
1 0.7986801862716675 0.5313318967819214 0.01877117156982422 0.08339017629623413
0 0.4398103356361389 0.486028254032135 0.020066142082214355 0.027632057666778564
0 0.3755328059196472 0.5104038119316101 0.035526931285858154 0.04638242721557617
0 0.42237579822540283 0.4978705644607544 0.008552759885787964 0.027632027864456177
1 0.3289531171321869 0.5042851567268372 0.013618826866149902 0.04914537072181702
1 0.6831371784210205 0.4959462285041809 0.010987043380737305 0.054227858781814575
0 0.4342181086540222 0.4904690980911255 0.014473944902420044 0.023191183805465698
1 0.6850752830505371 0.5274757146835327 0.01950007677078247 0.06777709722518921
0 0.42171791195869446 0.5000912547111511 0.005427539348602295 0.023191183805465698
0 0.3585584759712219 0.5188916325569153 0.050396114587783813 0.04944238066673279
0 0.4572448432445526 0.480600506067276 0.007565915584564209 0.02615177631378174
1 0.3213872015476227 0.5052719712257385 0.005263268947601318 0.04144808650016785
0 0.5465230345726013 0.4798119068145752 0.006973981857299805 0.0172712504863739
0 0.43125754594802856 0.4919494092464447 0.012500226497650146 0.024671494960784912
1 0.7707403898239136 0.5217203497886658 0.01469278335571289 0.07056167721748352
0 0.44474464654922485 0.47349584102630615 0.023026734590530396 0.03898093104362488
0 0.8187179565429688 0.7231577634811401 0.3272632956504822 0.28449946641921997
0 0.5881681442260742 0.4919494092464447 0.029934704303741455 0.04046124219894409
0 0.5648125410079956 0.4820808172225952 0.022039830684661865 0.020230621099472046
1 0.5870170593261719 0.4959791302680969 0.010526537895202637 0.03388229012489319
1 0.6709314584732056 0.4903702735900879 0.010921180248260498 0.0289154052734375
0 0.531259298324585 0.4845479726791382 0.01743447780609131 0.023191183805465698
1 0.19145071506500244 0.5269829034805298 0.01710556447505951 0.06759986281394958
1 0.14550471305847168 0.5389899611473083 0.018750324845314026 0.08914721012115479
1 0.3459812104701996 0.4902046322822571 0.00822383165359497 0.02231845259666443
0 0.48323214054107666 0.468758225440979 0.006579041481018066 0.004440873861312866
0 0.44671833515167236 0.486028254032135 0.007565915584564209 0.024671465158462524
0 0.5437595248222351 0.4791202247142792 0.009539604187011719 0.02171093225479126
0 0.423362672328949 0.4919494092464447 0.015460789203643799 0.027632057666778564
1 0.6111948490142822 0.49096253514289856 0.00822383165359497 0.028125464916229248
1 0.2426183521747589 0.5312061309814453 0.018750324845314026 0.07472777366638184
