0 0.5250091552734375 0.500831127166748 0.009210646152496338 0.02220436930656433
0 0.40658605098724365 0.4954034090042114 0.01842138171195984 0.03157949447631836
0 0.3845462203025818 0.4828256368637085 0.02302590012550354 0.0069047510623931885
0 0.5378382205963135 0.4973773658275604 0.028125464916229248 0.04070788621902466
0 0.542772650718689 0.5077391266822815 0.026645183563232422 0.036020368337631226
0 0.26414936780929565 0.500831127166748 0.05164565145969391 0.020724058151245117
0 0.6799460649490356 0.5161274671554565 0.011842310428619385 0.03996780514717102
0 0.5602071285247803 0.5161274671554565 0.033224284648895264 0.04292836785316467
0 0.5894839763641357 0.5353711843490601 0.059869468212127686 0.06365245580673218
0 0.4654686748981476 0.4963902533054352 0.014802873134613037 0.01776343584060669
0 0.3957306146621704 0.4884953796863556 0.013816028833389282 0.022204339504241943
0 0.08092246949672699 0.5215551853179932 0.09013316035270691 0.07154729962348938
0 0.2575702965259552 0.4963902533054352 0.03388218581676483 0.01776343584060669
0 0.6733670234680176 0.5077391266822815 0.03125053644180298 0.03700721263885498
0 0.526324987411499 0.500831127166748 0.009210705757141113 0.0246715247631073
0 0.6569193601608276 0.5269829034805298 0.05164569616317749 0.06908014416694641
0 0.31447917222976685 0.4993508458137512 0.05526414513587952 0.027632087469100952
0 0.5222126841545105 0.5028076767921448 0.008716821670532227 0.023684591054916382
0 0.4782978594303131 0.5422792434692383 0.06546169519424438 0.0828961730003357
0 0.2171090543270111 0.5161274671554565 0.05230353772640228 0.0439152717590332
0 0.5174432396888733 0.4993508458137512 0.01644766330718994 0.022204309701919556
0 0.1886599063873291 0.5089749693870544 0.04424270987510681 0.041939884424209595
0 0.47369250655174255 0.4954034090042114 0.011842310428619385 0.015296339988708496
0 0.3098738491535187 0.4924428462982178 0.03223741054534912 0.02911236882209778
0 0.026645204052329063 0.52303546667099 0.05329040810465813 0.046875834465026855
0 0.37730923295021057 0.4954034090042114 0.02927684783935547 0.03454005718231201
0 0.449349969625473 0.5023114085197449 0.02960580587387085 0.03898093104362488
0 0.24474114179611206 0.49639028310775757 0.03125055134296417 0.024671465158462524
0 0.06250109523534775 0.5753390192985535 0.1250021904706955 0.11447572708129883
0 0.3513219356536865 0.4954034090042114 0.03782960772514343 0.03305980563163757
0 0.6891567707061768 0.5092194676399231 0.010197579860687256 0.03157952427864075
0 0.29539990425109863 0.4939231276512146 0.011842310428619385 0.024671465158462524
1 0.571720540523529 0.4944165349006653 0.004276394844055176 0.006414562463760376
0 0.4305996298789978 0.500831127166748 0.013816028833389282 0.019243717193603516
0 0.3687564730644226 0.5546149611473083 0.06611958146095276 0.08980417251586914
0 0.14342355728149414 0.5161274671554565 0.05065878480672836 0.056744396686553955
0 0.4977060556411743 0.48010706901550293 0.01842138171195984 0.008388310670852661
0 0.42402058839797974 0.4939231276512146 0.0055921971797943115 0.015296339988708496
0 0.4940876066684723 0.5077391266822815 0.03684276342391968 0.04687580466270447
0 0.27961015701293945 0.602971076965332 0.17566096782684326 0.20131933689117432
