0 0.3131633996963501 0.4833965301513672 0.06480374932289124 0.02615174651145935
0 0.5434305667877197 0.5353712439537048 0.07664608955383301 0.08141592144966125
0 0.3155757188796997 0.3812565803527832 0.029605776071548462 0.03996780514717102
0 0.39912980794906616 0.4829031229019165 0.04528585076332092 0.0656261146068573
0 0.4842190146446228 0.4692516326904297 0.041448116302490234 0.05279695987701416
0 0.328185498714447 0.47319918870925903 0.059211522340774536 0.0345400869846344
0 0.48882436752319336 0.44260644912719727 0.038816481828689575 0.05279698967933655
0 0.5186768174171448 0.5147705674171448 0.05797800421714783 0.06513270735740662
0 0.09506744891405106 0.5906352996826172 0.15033157169818878 0.15789753198623657
0 0.4363563060760498 0.3949905037879944 0.04243496060371399 0.04292839765548706
0 0.269412636756897 0.5115220546722412 0.1075676679611206 0.07450786232948303
0 0.5782995820045471 0.5618311166763306 0.09280586242675781 0.10325008630752563
0 0.2898077070713043 0.5139070749282837 0.12368637323379517 0.0705605149269104
0 0.392112135887146 0.3903028964996338 0.04046124219894409 0.04292836785316467
