0 0.5361936092376709 0.5185946226119995 0.02138197422027588 0.030099213123321533
0 0.5062588453292847 0.4958968162536621 0.001973748207092285 0.00296059250831604
0 0.4305996298789978 0.5087260007858276 0.01118442416191101 0.011842310428619385
0 0.4904690980911255 0.5028048753738403 0.002631634473800659 0.003947436809539795
0 0.491784930229187 0.4958968162536621 0.002631634473800659 0.00296059250831604
0 0.4723767042160034 0.4998442828655243 0.006579071283340454 0.003947436809539795
0 0.4842190146446228 0.4978705644607544 0.0019737184047698975 0.00296059250831604
0 0.4789557456970215 0.5028048753738403 0.005263268947601318 0.004934251308441162
0 0.41842836141586304 0.500831127166748 0.002631634473800659 0.003947466611862183
0 0.31086069345474243 0.5018180012702942 0.01315811276435852 0.011842280626296997
0 0.14704205095767975 0.5146471261978149 0.029934734106063843 0.030099213123321533
0 0.511522114276886 0.5087260007858276 0.007236957550048828 0.013815999031066895
0 0.4842190146446228 0.5028048753738403 0.007894903421401978 0.011842310428619385
0 0.33322951197624207 0.5047786235809326 0.006579041481018066 0.003947436809539795
0 0.428668737411499 0.516899824142456 0.009868592023849487 0.011413276195526123
0 0.350006103515625 0.520568311214447 0.03717169165611267 0.0458889901638031
0 0.2289513647556305 0.537838339805603 0.07927769422531128 0.07401448488235474
0 0.13158124685287476 0.5866879224777222 0.0710538774728775 0.12779825925827026
0 0.4516526460647583 0.505765438079834 0.002631634473800659 0.0049343109130859375
0 0.2940838038921356 0.5116866827011108 0.016776621341705322 0.02417808771133423
0 0.449678897857666 0.5269829034805298 0.025987297296524048 0.031086087226867676
0 0.4417840540409088 0.5087260007858276 0.008552789688110352 0.009868621826171875
0 0.4559290111064911 0.5174102783203125 0.013289690017700195 0.015394985675811768
0 0.4684292674064636 0.4978705644607544 0.002631634473800659 0.003947436809539795
0 0.4963902533054352 0.5250091552734375 0.022697746753692627 0.02319115400314331
0 0.0971234068274498 0.6685972213745117 0.1942468136548996 0.4361918270587921
0 0.508232593536377 0.4939231276512146 0.0019736886024475098 0.00296059250831604
0 0.3727039098739624 0.5087260007858276 0.016776591539382935 0.03009924292564392
0 0.4944165349006653 0.4919493794441223 0.0019737184047698975 0.00296059250831604
0 0.4457314908504486 0.5067522525787354 0.003289520740509033 0.004934251308441162
0 0.35888832807540894 0.5093839168548584 0.010965079069137573 0.015460848808288574
0 0.5069167613983154 0.5047786235809326 0.002631664276123047 0.003947436809539795
0 0.4789557456970215 0.4958968162536621 0.0019737184047698975 0.00296059250831604
0 0.5062588453292847 0.5028048753738403 0.0026316046714782715 0.003947436809539795
0 0.4039544463157654 0.5146471261978149 0.022697776556015015 0.025164902210235596
0 0.4651397168636322 0.5087260007858276 0.008552789688110352 0.011842310428619385
0 0.4996798038482666 0.5028048753738403 0.0032894909381866455 0.003947436809539795
