1 0.23783311247825623 0.5235289335250854 0.00822383165359497 0.01924377679824829
1 0.26283353567123413 0.5210617780685425 0.00822383165359497 0.01924377679824829
1 0.5750100612640381 0.5023114085197449 0.010526537895202637 0.028125494718551636
0 0.3579009771347046 0.5353711843490601 0.05065879225730896 0.016776621341705322
0 0.7121834754943848 0.6523140668869019 0.18947702646255493 0.2304316759109497
0 0.2401357740163803 0.570898175239563 0.05789574980735779 0.060691893100738525
1 0.25230705738067627 0.5235289335250854 0.007565930485725403 0.012335717678070068
0 0.7809346914291382 0.48701509833335876 0.005592167377471924 0.016776621341705322
1 0.8260012865066528 0.5190880298614502 0.00822383165359497 0.028125524520874023
1 0.6486955881118774 0.4919493794441223 0.004605352878570557 0.023684591054916382
1 0.5983657836914062 0.49639028310775757 0.006907999515533447 0.032566338777542114
1 0.6667879819869995 0.4840545356273651 0.007565975189208984 0.01825690269470215
0 0.29704466462135315 0.5531346797943115 0.051645636558532715 0.04983639717102051
1 0.05263249948620796 0.542772650718689 0.010526500642299652 0.01578974723815918
1 0.4052702486515045 0.5131669044494629 0.005263268947601318 0.01924377679824829
0 0.1363510638475418 0.7597907185554504 0.2727021276950836 0.4804185628890991
0 0.32928207516670227 0.6123462319374084 0.13421285152435303 0.16825950145721436
1 0.39277002215385437 0.5121800303459167 0.00822383165359497 0.02368462085723877
0 0.4766530692577362 0.6069185137748718 0.18125313520431519 0.2881629467010498
0 0.37730923295021057 0.5269829034805298 0.026645183563232422 0.012335777282714844
1 0.3536246120929718 0.5210617780685425 0.010526478290557861 0.023684680461883545
0 0.38717782497406006 0.5585623979568481 0.025658339262008667 0.03602039813995361
0 0.1674371361732483 0.5240223407745361 0.08750152587890625 0.08437648415565491
0 0.7644870281219482 0.4786267876625061 0.033224284648895264 0.04144808650016785
0 0.40033596754074097 0.5338909029960632 0.010197550058364868 0.020724058151245117
1 0.3513219356536865 0.5166208744049072 0.006907999515533447 0.02368462085723877
0 0.07368549704551697 0.5723784565925598 0.10855453461408615 0.02368462085723877
0 0.25296497344970703 0.5447463989257812 0.04967191815376282 0.037007272243499756
0 0.07171177864074707 0.5393186211585999 0.026645205914974213 0.02368462085723877
1 0.09901489317417145 0.542772650718689 0.008223824203014374 0.012335777282714844
1 0.24934646487236023 0.5235289335250854 0.007565915584564209 0.012335717678070068
0 0.3917831778526306 0.5324106216430664 0.02664521336555481 0.017763495445251465
0 0.1996745467185974 0.605438232421875 0.11118614673614502 0.09375166893005371
1 0.5480359196662903 0.5190880298614502 0.012171268463134766 0.043915241956710815
0 0.11875207722187042 0.5353711843490601 0.022039860486984253 0.022204339504241943
0 0.05888260900974274 0.5462266206741333 0.03223740682005882 0.016776621341705322
0 0.6344434022903442 0.533396303653717 0.11403602361679077 0.06101858615875244
1 0.05855365842580795 0.5482003688812256 0.010526496917009354 0.012335717678070068
