0 0.6108659505844116 0.5462266206741333 0.11052823066711426 0.1460551619529724
0 0.3477034568786621 0.5393186807632446 0.04243496060371399 0.0690801739692688
1 0.875673234462738 0.5338909029960632 0.028618931770324707 0.07105386257171631
0 0.23191195726394653 0.5847141742706299 0.11776520311832428 0.11743628978729248
0 0.526324987411499 0.5077391862869263 0.011184394359588623 0.01529628038406372
1 0.2828996777534485 0.4998442828655243 0.015131860971450806 0.019737184047698975
0 0.4723765254020691 0.5235286951065063 0.011842340230941772 0.02368462085723877
0 0.3062553405761719 0.5477069616317749 0.08289620280265808 0.09227132797241211
0 0.46185019612312317 0.5215551853179932 0.01578974723815918 0.03700721263885498
1 0.3305978775024414 0.5023114085197449 0.008552759885787964 0.01578974723815918
0 0.5667862296104431 0.5146471858024597 0.02927684783935547 0.0784553587436676
0 0.5519833564758301 0.525502622127533 0.004605352878570557 0.013815999031066895
1 0.32763731479644775 0.500831127166748 0.007565915584564209 0.012829184532165527
1 0.7559342980384827 0.5210617780685425 0.020066142082214355 0.07401445508003235
0 0.47928470373153687 0.503298282623291 0.004605352878570557 0.006908029317855835
0 0.49869292974472046 0.4978705644607544 0.038487523794174194 0.03700724244117737
0 0.5299434661865234 0.5102063417434692 0.01578974723815918 0.006907999515533447
0 0.5207327604293823 0.5200749039649963 0.011842310428619385 0.013815999031066895
0 0.4727056324481964 0.5047786235809326 0.007236957550048828 0.003947436809539795
0 0.48125842213630676 0.503298282623291 0.0026316046714782715 0.006908029317855835
0 0.49869292974472046 0.5200749039649963 0.038487523794174194 0.04292836785316467
0 0.4773109555244446 0.5047785639762878 0.0019737184047698975 0.006908059120178223
0 0.4388234615325928 0.5200749039649963 0.04243496060371399 0.04539552330970764
0 0.8190022706985474 0.8061730861663818 0.3619953989982605 0.38765376806259155
0 0.5509964823722839 0.52303546667099 0.011184453964233398 0.02615177631378174
0 0.5355356931686401 0.5240223407745361 0.028618931770324707 0.03157949447631836
0 0.47007399797439575 0.5116865634918213 0.013816028833389282 0.01776343584060669
1 0.3552693724632263 0.5111931562423706 0.011513352394104004 0.024178028106689453
0 0.47369250655174255 0.5062588453292847 0.003618478775024414 0.003947436809539795
0 0.2611887753009796 0.5161274671554565 0.028618916869163513 0.02368462085723877
1 0.20691151916980743 0.5181012153625488 0.018092423677444458 0.0325663685798645
0 0.707578182220459 0.5477069616317749 0.0901331901550293 0.1075676679611206
0 0.4204021096229553 0.5215551853179932 0.01118442416191101 0.02615177631378174
1 0.6753407716751099 0.49096253514289856 0.008552789688110352 0.012829184532165527
0 0.25493866205215454 0.5171142816543579 0.016447648406028748 0.01924377679824829
2 0.2555965781211853 0.508232593536377 0.018092408776283264 0.041448116302490234
0 0.46645551919937134 0.52303546667099 0.009210675954818726 0.03305983543395996
0 0.549351692199707 0.5161274671554565 0.012829124927520752 0.015296339988708496
1 0.7720530033111572 0.5338909029960632 0.02368462085723877 0.0809224545955658
