1 0.7552763819694519 0.6241885423660278 0.027961015701293945 0.21414846181869507
1 0.8690941333770752 0.49688369035720825 0.0026316046714782715 0.003947436809539795
1 0.9833418130874634 0.6434323191642761 0.03331643342971802 0.2526359558105469
1 0.7754082679748535 0.6107672452926636 0.03914541006088257 0.20970767736434937
1 0.7986981868743896 0.6167870759963989 0.06710648536682129 0.2205631136894226
0 0.9425822496414185 0.6032530665397644 0.0959133505821228 0.11052823066711426
1 0.784224271774292 0.5171142816543579 0.012829184532165527 0.059704989194869995
0 0.31842660903930664 0.52303546667099 0.04506656527519226 0.042928338050842285
0 0.23618729412555695 0.508232831954956 0.05537441372871399 0.03963962197303772
0 0.23465147614479065 0.5503389835357666 0.08816032111644745 0.07516634464263916
0 0.9532732963562012 0.5033475756645203 0.059869468212127686 0.03350386023521423
0 0.1483989953994751 0.5122417211532593 0.023396804928779602 0.030037611722946167
0 0.01652989536523819 0.6542877554893494 0.03305979073047638 0.10806107521057129
0 0.05822470411658287 0.565963864326477 0.11447568982839584 0.08832389116287231
1 0.8496859073638916 0.6113593578338623 0.06118530035018921 0.2151353359222412
0 0.9335765838623047 0.583727240562439 0.13284677267074585 0.1419103741645813
0 0.39869117736816406 0.4924428462982178 0.003618478775024414 0.012335747480392456
0 0.9813406467437744 0.5106997489929199 0.03731870651245117 0.022204339504241943
0 0.4023096561431885 0.48158738017082214 0.004605323076248169 0.003947436809539795
0 0.9980437755584717 0.4881253242492676 0.003618478775024414 0.027262002229690552
0 0.7812636494636536 0.4993508458137512 0.01644766330718994 0.020724058151245117
0 0.3201369643211365 0.5026075839996338 0.03039535880088806 0.024573057889938354
0 0.12368637323379517 0.5149432420730591 0.03802698850631714 0.03483617305755615
0 0.2638204097747803 0.500831127166748 0.01842138171195984 0.02220436930656433
0 0.9023184776306152 0.5106997489929199 0.07565921545028687 0.03602033853530884
0 0.3411606252193451 0.5027500987052917 0.022551655769348145 0.030702322721481323
0 0.165134459733963 0.5146471858024597 0.0404612272977829 0.0345400869846344
0 0.8681073188781738 0.5075981616973877 0.02589327096939087 0.017669498920440674
0 0.9786355495452881 0.6380046010017395 0.019408226013183594 0.05279695987701416
0 0.19276653230190277 0.5092194080352783 0.03223741054534912 0.03602033853530884
1 0.8463963866233826 0.6153068542480469 0.061185240745544434 0.22154992818832397
0 0.37994086742401123 0.48553478717803955 0.03782960772514343 0.06513270735740662
0 0.40494129061698914 0.5106997489929199 0.01644766330718994 0.033059775829315186
0 0.3884936571121216 0.5259960889816284 0.0460534393787384 0.051316678524017334
0 0.5778878331184387 0.5456125736236572 0.3421112596988678 0.5338909029960632
0 0.4079018831253052 0.49096253514289856 0.010197550058364868 0.010855436325073242
1 0.8466387987136841 0.635433554649353 0.05708205699920654 0.21440815925598145
