0 0.3865199089050293 0.5699113011360168 0.029605776071548462 0.041448116302490234
0 0.13344493508338928 0.6056035757064819 0.1309233456850052 0.07450789213180542
0 0.676327645778656 0.6633180379867554 0.10720586776733398 0.11496913433074951
0 0.36809855699539185 0.5782995820045471 0.03421112895011902 0.041448116302490234
0 0.5220485925674438 0.565963864326477 0.026645183563232422 0.017763495445251465
0 0.8164616823196411 0.6069175601005554 0.12309449911117554 0.06759989261627197
0 0.4980350434780121 0.5644835233688354 0.025987327098846436 0.033059775829315186
0 0.6717222929000854 0.5768193006515503 0.07204073667526245 0.038980960845947266
0 0.27204424142837524 0.61629319190979 0.08256730437278748 0.07968872785568237
0 0.5736942291259766 0.5866879224777222 0.04704028367996216 0.0537838339805603
0 0.06373466551303864 0.6315898895263672 0.12746933102607727 0.06759989261627197
0 0.19835874438285828 0.5921156406402588 0.06447480618953705 0.041448116302490234
0 0.630932092666626 0.56843101978302 0.05065882205963135 0.03750067949295044
0 0.5450752973556519 0.5605361461639404 0.026645243167877197 0.03454011678695679
0 0.6345505714416504 0.5506675243377686 0.014802932739257812 0.008388280868530273
0 0.2480306625366211 0.5782996416091919 0.04440867900848389 0.03750067949295044
0 0.49079805612564087 0.6380046010017395 0.061843156814575195 0.07352101802825928
0 0.7250126600265503 0.5812602043151855 0.09506744146347046 0.060691893100738525
