0 0.5332330465316772 0.5047785639762878 0.006579101085662842 0.0246715247631073
1 0.7684345245361328 0.5264894962310791 0.012500226497650146 0.03848749399185181
0 0.5588094592094421 0.49972087144851685 0.006825804710388184 0.011225461959838867
1 0.19474025070667267 0.5432660579681396 0.03519797325134277 0.08832389116287231
1 0.23991696536540985 0.5597137212753296 0.02828994393348694 0.1041136384010315
0 0.540360689163208 0.501818060874939 0.009210705757141113 0.017763495445251465
1 0.7875137329101562 0.5097128748893738 0.012500226497650146 0.03552690148353577
1 0.37388044595718384 0.541574239730835 0.021710902452468872 0.0699964165687561
0 0.684551477432251 0.5023114085197449 0.043421804904937744 0.015296310186386108
1 0.2944130301475525 0.5472135543823242 0.013816028833389282 0.08141595125198364
0 0.6868542432785034 0.5383318066596985 0.043421804904937744 0.046875834465026855
0 0.5184301137924194 0.5023114681243896 0.028618931770324707 0.04835611581802368
0 0.6190897822380066 0.5116865634918213 0.02138197422027588 0.02615174651145935
0 0.6431033611297607 0.5215551853179932 0.02401357889175415 0.03157949447631836
0 0.7434340715408325 0.5536280870437622 0.06085634231567383 0.062172114849090576
1 0.30099210143089294 0.5511609315872192 0.03125053644180298 0.08536332845687866
1 0.49902188777923584 0.5590558052062988 0.032566338777542114 0.08141595125198364
0 0.5092194080352783 0.5383317470550537 0.017434537410736084 0.0537838339805603
0 0.6450117826461792 0.5275751352310181 0.020395100116729736 0.0377964973449707
1 0.8404752016067505 0.5472135543823242 0.019079267978668213 0.07056039571762085
1 0.8207383155822754 0.513331413269043 0.012500226497650146 0.03782948851585388
1 0.7917904257774353 0.5230355262756348 0.01644766330718994 0.035526931285858154
1 0.6102080345153809 0.5097128748893738 0.008552789688110352 0.024671465158462524
0 0.5056009292602539 0.5131669044494629 0.027632057666778564 0.016776621341705322
1 0.5697468519210815 0.5018180012702942 0.004605352878570557 0.01578974723815918
0 0.6046162843704224 0.5081093311309814 0.01504969596862793 0.021834194660186768
0 0.5826859474182129 0.4993508458137512 0.01096498966217041 0.008388280868530273
0 0.5960630774497986 0.497870534658432 0.009210705757141113 0.006907999515533447
1 0.48915329575538635 0.5037916898727417 0.008552789688110352 0.024671494960784912
1 0.7009991407394409 0.5600427389144897 0.04046124219894409 0.08832389116287231
0 0.4842190146446228 0.5491872429847717 0.057237863540649414 0.07598817348480225
1 0.8861997127532959 0.5195814371109009 0.008552789688110352 0.03848749399185181
0 0.5358645915985107 0.5023114681243896 0.011184394359588623 0.01924377679824829
0 0.5736942291259766 0.4993508458137512 0.01578974723815918 0.022204309701919556
1 0.7292890548706055 0.5018180012702942 0.0098685622215271 0.022697806358337402
0 0.6314587593078613 0.5195815563201904 0.016447603702545166 0.03157949447631836
1 0.326979398727417 0.5511609315872192 0.021710902452468872 0.08141595125198364
1 0.34671658277511597 0.5333974957466125 0.021710902452468872 0.07746842503547668
0 0.6253398656845093 0.5146471261978149 0.022039830684661865 0.024671494960784912
0 0.6661300659179688 0.5299434661865234 0.03881645202636719 0.04835611581802368
1 0.787513792514801 0.5106997489929199 0.014473915100097656 0.028618961572647095
0 0.753631591796875 0.5590558052062988 0.06085634231567383 0.062172114849090576
0 0.7102097868919373 0.5422792434692383 0.04967188835144043 0.04983639717102051
1 0.5289566516876221 0.560042679309845 0.029934704303741455 0.08141589164733887
1 0.9835701584815979 0.5620161890983582 0.028454303741455078 0.09868574142456055
0 0.5646482110023499 0.4993508458137512 0.008223891258239746 0.01159563660621643
0 0.6273136138916016 0.5176077485084534 0.00822383165359497 0.02615177631378174
