1 0.6381690502166748 0.5225420594215393 0.01578974723815918 0.10016623139381409
1 0.3784615099430084 0.49367445707321167 0.005263268947601318 0.02911236882209778
1 0.5467200875282288 0.4771465063095093 0.0029605627059936523 0.010362029075622559
1 0.3361901044845581 0.4954034090042114 0.010526508092880249 0.040461212396621704
0 0.516621470451355 0.4808463752269745 0.011842310428619385 0.010855436325073242
1 0.27171528339385986 0.5042851567268372 0.013487100601196289 0.04736927151679993
0 0.42961278557777405 0.5131669044494629 0.02401357889175415 0.023684680461883545
0 0.4460604190826416 0.5077391862869263 0.017434507608413696 0.022204339504241943
0 0.5299434661865234 0.5215551853179932 0.06250107288360596 0.08141589164733887
1 0.5931024551391602 0.48750853538513184 0.00822383165359497 0.02368462085723877
1 0.6639375686645508 0.5357014536857605 0.029276788234710693 0.10526558756828308
1 0.36176425218582153 0.48689496517181396 0.005263268947601318 0.012335747480392456
1 0.5375094413757324 0.4751727879047394 0.004605352878570557 0.012335717678070068
1 0.13076503574848175 0.5305581092834473 0.01578974723815918 0.06624197959899902
1 0.049511782824993134 0.525746762752533 0.01940823346376419 0.06981775164604187
1 0.5617418885231018 0.518925666809082 0.01578974723815918 0.06529825925827026
1 0.395400732755661 0.49343109130859375 0.00822383165359497 0.02911236882209778
1 0.34671658277511597 0.49639028310775757 0.01118442416191101 0.040461212396621704
1 0.11829520761966705 0.5340439081192017 0.013487070798873901 0.07378703355789185
0 0.5174447894096375 0.48331353068351746 0.01019752025604248 0.009868621826171875
1 0.37928295135498047 0.4919493794441223 0.005263268947601318 0.025658339262008667
1 0.2845444679260254 0.5042851567268372 0.015789777040481567 0.049342989921569824
1 0.25263628363609314 0.5156338214874268 0.020230576395988464 0.057484447956085205
1 0.13289706408977509 0.5279697775840759 0.018750332295894623 0.06759989261627197
1 0.3822435140609741 0.4954034090042114 0.010526508092880249 0.030592650175094604
1 0.34863537549972534 0.5205275416374207 0.013487070798873901 0.0363081693649292
1 0.36776959896087646 0.4954034090042114 0.010526508092880249 0.03157949447631836
1 0.19868463277816772 0.518925666809082 0.01820094883441925 0.07055908441543579
2 0.4227047562599182 0.4954034090042114 0.00822383165359497 0.02911233901977539
1 0.07730398327112198 0.5595492124557495 0.0345400832593441 0.10904794931411743
1 0.5617448687553406 0.5186756253242493 0.01578974723815918 0.06702247262001038
0 0.4829031825065613 0.4746793508529663 0.010197550058364868 0.016776621341705322
1 0.7236968278884888 0.5235289335250854 0.026974141597747803 0.0976991057395935
1 0.3928065598011017 0.49518412351608276 0.011184394359588623 0.03333389759063721
1 0.5960630774497986 0.5235289335250854 0.013487100601196289 0.08388251066207886
1 0.60211580991745 0.5016206502914429 0.011579155921936035 0.02200692892074585
1 0.5822473764419556 0.48750853538513184 0.004605352878570557 0.02911233901977539
1 0.6434322595596313 0.5121800303459167 0.011184394359588623 0.06759989261627197
1 0.040461234748363495 0.5595492720603943 0.032237403094768524 0.1273048222064972
1 0.35280391573905945 0.4998442530632019 0.00822383165359497 0.030592650175094604
