1 0.6088922023773193 0.47961366176605225 0.00822383165359497 0.0212174654006958
1 0.058553654700517654 0.5077391266822815 0.013487078249454498 0.043915241956710815
1 0.3434489965438843 0.48698219656944275 0.010526478290557861 0.04046124219894409
0 0.5233644247055054 0.47023850679397583 0.013815999031066895 0.01085546612739563
1 0.3032947778701782 0.4919494092464447 0.011184394359588623 0.04046124219894409
0 0.469087153673172 0.4924428164958954 0.017434537410736084 0.01776343584060669
0 0.48125842213630676 0.488495409488678 0.011842310428619385 0.017763465642929077
0 0.5335619449615479 0.5102062821388245 0.0578957200050354 0.07598814368247986
1 0.6358664035797119 0.5077391862869263 0.005921125411987305 0.06661301851272583
1 0.369414359331131 0.47961366176605225 0.004605352878570557 0.020614326000213623
1 0.5450752973556519 0.46826475858688354 0.004605352878570557 0.012335747480392456
1 0.1530863344669342 0.5128589272499084 0.01578974723815918 0.06433212757110596
1 0.0825672298669815 0.5028597116470337 0.015533886849880219 0.050604015588760376
1 0.5164563655853271 0.4707319140434265 0.004605352878570557 0.012335747480392456
1 0.3500061333179474 0.48750853538513184 0.00822383165359497 0.03207290172576904
1 0.5680637955665588 0.5054811239242554 0.019408226013183594 0.06414586305618286
1 0.39638853073120117 0.4840545058250427 0.008223801851272583 0.029408425092697144
1 0.3557080030441284 0.48750853538513184 0.010965079069137573 0.04013228416442871
1 0.14112088084220886 0.5120903253555298 0.013487085700035095 0.0680035948753357
0 0.5223845839500427 0.4731990694999695 0.01019752025604248 0.009868621826171875
1 0.31491780281066895 0.48750853538513184 0.010526508092880249 0.031908392906188965
1 0.28671178221702576 0.4967094659805298 0.01578974723815918 0.051810115575790405
1 0.011796938255429268 0.5246008038520813 0.012670368887484074 0.08721792697906494
1 0.1516473889350891 0.5110697746276855 0.01615983247756958 0.06112357974052429
1 0.3811744749546051 0.4840545058250427 0.00822383165359497 0.030592650175094604
1 0.5990236401557922 0.47961366176605225 0.013487100601196289 0.02368462085723877
1 0.3539614677429199 0.5033743381500244 0.013487070798873901 0.03795301914215088
1 0.2477622926235199 0.5017727613449097 0.018421709537506104 0.06414586305618286
2 0.4446686804294586 0.48211878538131714 0.00822383165359497 0.023684650659561157
1 0.11217324435710907 0.5595492720603943 0.03569153696298599 0.1228640079498291
1 0.5667862296104431 0.5077391862869263 0.01578974723815918 0.06414586305618286
0 0.488495409488678 0.46525484323501587 0.010197550058364868 0.016776621341705322
1 0.6809329986572266 0.5077391266822815 0.02631622552871704 0.0809224545955658
1 0.38973116874694824 0.4840545058250427 0.013487100601196289 0.0388164222240448
1 0.6381690502166748 0.5077391266822815 0.01578974723815918 0.059704989194869995
1 0.5983657240867615 0.5138512849807739 0.013487100601196289 0.07450789213180542
1 0.5826103687286377 0.4876263737678528 0.010526478290557861 0.023868709802627563
1 0.0029605780728161335 0.5190880298614502 0.0046053435653448105 0.03602039813995361
1 0.5878392457962036 0.4759625196456909 0.004605352878570557 0.023684650659561157
1 0.06866910308599472 0.554984986782074 0.034786928445100784 0.13445964455604553
1 0.3634932041168213 0.48750853538513184 0.00822383165359497 0.032566338777542114
