0 0.5769838094711304 0.533890962600708 0.05855363607406616 0.030099213123321533
0 0.09547864645719528 0.5886616110801697 0.19095729291439056 0.12681138515472412
0 0.5016534924507141 0.533890962600708 0.03717169165611267 0.030099213123321533
0 0.5446367263793945 0.537838339805603 0.016776561737060547 0.025164902210235596
0 0.653958797454834 0.6365243196487427 0.1171073317527771 0.12385088205337524
0 0.38520410656929016 0.5625098943710327 0.041119158267974854 0.04588896036148071
0 0.4789557456970215 0.5215551853179932 0.030592620372772217 0.014802932739257812
0 0.841791033744812 0.5817536115646362 0.2230302095413208 0.12089025974273682
0 0.6240240931510925 0.5467200875282288 0.05592203140258789 0.050823211669921875
0 0.4092176556587219 0.5393186807632446 0.04243496060371399 0.017270028591156006
0 0.4138230085372925 0.5496806502342224 0.030592650175094604 0.04194152355194092
0 0.45658692717552185 0.5358645915985107 0.02335566282272339 0.019737184047698975
0 0.24868856370449066 0.5565886497497559 0.14506831765174866 0.07993561029434204
0 0.34737449884414673 0.5457332134246826 0.06052738428115845 0.03404664993286133
0 0.4782978296279907 0.533890962600708 0.02730312943458557 0.028125464916229248
0 0.5782995820045471 0.5437595248222351 0.04309284687042236 0.028125524520874023
0 0.5296145677566528 0.5368515253067017 0.029276788234710693 0.02615177631378174
