0 0.5437594652175903 0.5637431144714355 0.01611870527267456 0.022697806358337402
0 0.5689657926559448 0.5883530974388123 0.016530096530914307 0.03713059425354004
0 0.5361936092376709 0.5605361461639404 0.022039830684661865 0.026645243167877197
0 0.7809346914291382 0.7184336185455322 0.27434688806533813 0.25460970401763916
0 0.560865044593811 0.5822470188140869 0.028947889804840088 0.033059775829315186
0 0.4230337142944336 0.5669506788253784 0.017763465642929077 0.02417808771133423
0 0.5190880298614502 0.5565886497497559 0.008552789688110352 0.01381605863571167
1 0.33322951197624207 0.5847141742706299 0.011513352394104004 0.042928338050842285
0 0.5948112607002258 0.608795166015625 0.03328895568847656 0.04499918222427368
0 0.5886620283126831 0.59174644947052 0.04704064130783081 0.0463828444480896
1 0.5852075815200806 0.5664572715759277 0.00789487361907959 0.021710872650146484
0 0.5463911294937134 0.5758324861526489 0.024671494960784912 0.033059775829315186
0 0.058637361973524094 0.6821655035018921 0.11727472394704819 0.23043113946914673
0 0.4305996298789978 0.5644835233688354 0.004276394844055176 0.01924377679824829
0 0.522377610206604 0.5620164275169373 0.011184394359588623 0.013815999031066895
1 0.3537333607673645 0.5856999158859253 0.008114337921142578 0.030264556407928467
0 0.8620129227638245 0.8277606964111328 0.2759741544723511 0.34447866678237915
0 0.5072457194328308 0.5694178342819214 0.02269768714904785 0.031086266040802002
0 0.40206265449523926 0.584591269493103 0.02680981159210205 0.03305983543395996
0 0.9651397466659546 0.6537942886352539 0.0697205662727356 0.06118530035018921
0 0.4154677987098694 0.579779863357544 0.018750309944152832 0.026645183563232422
0 0.41579774022102356 0.6191304326057434 0.043914735317230225 0.05945754051208496
0 0.4213889539241791 0.5718849897384644 0.01611870527267456 0.020230591297149658
