0 0.730604887008667 0.5166208744049072 0.008552789688110352 0.011842310428619385
0 0.827646017074585 0.5166208744049072 0.02401357889175415 0.021710872650146484
0 0.7358681559562683 0.5146471261978149 0.007236957550048828 0.0098685622215271
0 0.7465745210647583 0.5166205763816833 0.00756603479385376 0.009868621826171875
0 0.8276460766792297 0.5329040288925171 0.02598726749420166 0.02713865041732788
0 0.7572500705718994 0.5176076889038086 0.0098685622215271 0.011842310428619385
0 0.8204090595245361 0.5106997489929199 0.00592118501663208 0.010855495929718018
0 0.3898094594478607 0.537838339805603 0.03980332612991333 0.02615177631378174
0 0.9855436086654663 0.5146471261978149 0.01611870527267456 0.0098685622215271
0 0.01883256621658802 0.574845552444458 0.03766513243317604 0.03207296133041382
