0 0.5470490455627441 0.5319172143936157 0.01809239387512207 0.0049343109130859375
0 0.9454113245010376 0.5319172143936157 0.037829577922821045 0.024178028106689453
0 0.3727039098739624 0.5506675243377686 0.017434507608413696 0.01578974723815918
0 0.4424419403076172 0.538825273513794 0.00789487361907959 0.011842310428619385
0 0.5907998085021973 0.5329040288925171 0.00789487361907959 0.012829124927520752
0 0.37994086742401123 0.5447463989257812 0.010526508092880249 0.012829124927520752
0 0.2667809724807739 0.5787930488586426 0.04802714288234711 0.056744396686553955
1 0.35888785123825073 0.542772650718689 0.003289520740509033 0.012335777282714844
0 0.41184931993484497 0.5388252139091492 0.00789487361907959 0.010855436325073242
0 0.4457314610481262 0.5447463989257812 0.009868592023849487 0.011842310428619385
0 0.46777135133743286 0.5457332134246826 0.016776621341705322 0.016776621341705322
0 0.002467148471623659 0.6646497845649719 0.004934296943247318 0.04983639717102051
0 0.06315899640321732 0.6335636973381042 0.12631799280643463 0.14950919151306152
0 0.7611975073814392 0.5348777770996094 0.019408226013183594 0.012829184532165527
0 0.5023114681243896 0.5398120880126953 0.016776621341705322 0.011842310428619385
0 0.22006963193416595 0.5985301733016968 0.06513270735740662 0.07401448488235474
0 0.6954069137573242 0.5388252139091492 0.027303099632263184 0.009868621826171875
