0 0.5730363130569458 0.5393186807632446 0.011842310428619385 0.03454011678695679
0 0.7065913081169128 0.6069185137748718 0.22171437740325928 0.2689191997051239
0 0.08889958262443542 0.6468863487243652 0.17779916524887085 0.19293099641799927
0 0.5463911294937134 0.5255025625228882 0.009210705757141113 0.022204339504241943
0 0.4536263644695282 0.5215551853179932 0.011842310428619385 0.017763495445251465
0 0.5335619449615479 0.5171142816543579 0.011842310428619385 0.003947436809539795
0 0.5483648777008057 0.5284631848335266 0.007236957550048828 0.02615177631378174
1 0.19177967309951782 0.5368515253067017 0.014144986867904663 0.056744396686553955
1 0.9088974595069885 0.5792864561080933 0.02368462085723877 0.10658085346221924
1 0.21381953358650208 0.5407989025115967 0.018092423677444458 0.07401448488235474
0 0.526324987411499 0.5062588453292847 0.011842310428619385 0.015296310186386108
1 0.1404629945755005 0.5482003688812256 0.026645198464393616 0.09671220183372498
1 0.9098843336105347 0.5649769902229309 0.028618931770324707 0.11102163791656494
0 0.46645551919937134 0.525502622127533 0.02105298638343811 0.024671435356140137
1 0.8177774548530579 0.5521478652954102 0.01809239387512207 0.08240276575088501
0 0.009457401931285858 0.7283022403717041 0.018914803862571716 0.14901572465896606
0 0.44704729318618774 0.5269829034805298 0.021053016185760498 0.020724058151245117
1 0.8878445029258728 0.5694178342819214 0.02368462085723877 0.11398226022720337
1 0.04934296756982803 0.5240223407745361 0.028618916869163513 0.05279698967933655
1 0.9648195505142212 0.5565887093544006 0.026645243167877197 0.11792972683906555
1 0.13289706408977509 0.5634967088699341 0.008552789688110352 0.024178028106689453
0 0.5704047083854675 0.536358118057251 0.01644766330718994 0.033059775829315186
1 0.2460569441318512 0.5482003688812256 0.023684635758399963 0.06957358121871948
1 0.9914647340774536 0.5792864561080933 0.01611870527267456 0.11792969703674316
0 0.4741867184638977 0.500831127166748 0.005099564790725708 0.0076493024826049805
0 0.49507445096969604 0.5131669044494629 0.03486904501914978 0.057731300592422485
0 0.5299434661865234 0.5116865634918213 0.01578974723815918 0.01381605863571167
0 0.469087153673172 0.503298282623291 0.011842310428619385 0.015296339988708496
1 0.16250284016132355 0.5166208744049072 0.01611870527267456 0.043915241956710815
0 0.5434316396713257 0.5263289213180542 0.003948032855987549 0.01300138235092163
0 0.9338979125022888 0.5699112415313721 0.12039685249328613 0.06463927030563354
1 0.09013316035270691 0.5210617780685425 0.023684628307819366 0.06118530035018921
1 0.9526482820510864 0.5368515253067017 0.01151341199874878 0.02713865041732788
0 0.4095466136932373 0.5116865634918213 0.013816028833389282 0.006907999515533447
1 0.19934558868408203 0.5393186807632446 0.011513367295265198 0.06957358121871948
0 0.47731098532676697 0.500831127166748 0.003618478775024414 0.005427718162536621
0 0.4996798038482666 0.5324106216430664 0.03684273362159729 0.04292839765548706
0 0.47204774618148804 0.500831127166748 0.002631634473800659 0.012335747480392456
0 0.42961278557777405 0.5363580584526062 0.05065876245498657 0.03157949447631836
0 0.44704729318618774 0.6236951351165771 0.13881823420524597 0.17812812328338623
0 0.5638256669044495 0.5324106216430664 0.023026704788208008 0.033059775829315186
0 0.5299434661865234 0.5324106216430664 0.027632057666778564 0.03157949447631836
0 0.46382391452789307 0.5077391862869263 0.014802902936935425 0.01924377679824829
0 0.44342881441116333 0.5146471261978149 0.011842310428619385 0.006907999515533447
1 0.2592150568962097 0.5452398061752319 0.01611870527267456 0.07401442527770996
0 0.46448183059692383 0.5047785639762878 0.01118442416191101 0.006908059120178223
0 0.1250021904706955 0.5422792434692383 0.12039685249328613 0.07056045532226562
0 0.5934314727783203 0.5363580584526062 0.04605346918106079 0.05230355262756348
0 0.3983622193336487 0.536358118057251 0.033224254846572876 0.04292839765548706
1 0.8536333441734314 0.5610295534133911 0.02368462085723877 0.136680006980896
0 0.041448093950748444 0.536358118057251 0.08289618790149689 0.06463927030563354
0 0.43158650398254395 0.5161274671554565 0.033224284648895264 0.008388280868530273
0 0.5592203140258789 0.5284632444381714 0.023026704788208008 0.033059775829315186
0 0.4572463929653168 0.5173629522323608 0.011842310428619385 0.01381605863571167
