0 0.5204038619995117 0.8108857870101929 0.35415151715278625 0.3782283663749695
1 0.9542930126190186 0.6281360387802124 0.04276394844055176 0.11348885297775269
1 0.3401375412940979 0.5718849897384644 0.010526508092880249 0.06414586305618286
0 0.534548819065094 0.5324106216430664 0.01414501667022705 0.019737184047698975
0 0.5023114681243896 0.5240223407745361 0.009539663791656494 0.008388280868530273
0 0.10164651274681091 0.5634967088699341 0.00460534542798996 0.014309465885162354
1 0.7283022403717041 0.542772650718689 0.012171268463134766 0.04736924171447754
0 0.5072457194328308 0.5269829034805298 0.007236957550048828 0.008388280868530273
1 0.8431068658828735 0.5166208744049072 0.005921125411987305 0.029288530349731445
0 0.5470750331878662 0.5355991125106812 0.01948446035385132 0.024633824825286865
1 0.5743521451950073 0.6069185137748718 0.02927684783935547 0.05181014537811279
0 0.6250109672546387 0.5407989025115967 0.026645243167877197 0.0310860276222229
1 0.33601298928260803 0.5649769902229309 0.01578974723815918 0.06069183349609375
1 0.7552763819694519 0.540305495262146 0.010526537895202637 0.04835611581802368
1 0.5322461128234863 0.5560952425003052 0.010526478290557861 0.01578974723815918
1 0.7463946342468262 0.6774789690971375 0.051645636558532715 0.19934558868408203
1 0.8588974475860596 0.6394845247268677 0.03750038146972656 0.16258466243743896
1 0.6323457956314087 0.5792864561080933 0.023708999156951904 0.08227485418319702
1 0.9191856980323792 0.5517067909240723 0.01578974723815918 0.05803567171096802
0 0.4900931715965271 0.5166913866996765 0.008646756410598755 0.011560320854187012
1 0.9654774069786072 0.5787930488586426 0.0480271577835083 0.1263180375099182
1 0.37277698516845703 0.5630033016204834 0.018896520137786865 0.06510531902313232
0 0.5279697775840759 0.5171144008636475 0.013487100601196289 0.024178028106689453
1 0.9887421131134033 0.638498067855835 0.02251577377319336 0.09572535753250122
0 0.17097339034080505 0.5560952425003052 0.018421366810798645 0.022204339504241943
1 0.8325803279876709 0.5190880298614502 0.00822383165359497 0.03700721263885498
0 0.15376217663288116 0.5605361461639404 0.02476513385772705 0.02368462085723877
1 0.9049382209777832 0.542772114276886 0.020678579807281494 0.06186497211456299
1 0.9174503087997437 0.607905387878418 0.03750067949295044 0.11842310428619385
1 0.5585623979568481 0.6024776697158813 0.038158535957336426 0.0675998330116272
0 0.4470474421977997 0.5353711843490601 0.024342596530914307 0.02171105146408081
1 0.3579496741294861 0.540305495262146 0.010526508092880249 0.01578974723815918
0 0.4730346202850342 0.5240223407745361 0.021710902452468872 0.0325663685798645
0 0.5081888437271118 0.5279697179794312 0.007565915584564209 0.011348903179168701
1 0.3500061333179474 0.5668939352035522 0.019408226013183594 0.06222891807556152
1 0.6760057806968689 0.5245157480239868 0.010526537895202637 0.024188756942749023
0 0.534548819065094 0.5210617780685425 0.009539604187011719 0.006907999515533447
0 0.491784930229187 0.5467200875282288 0.025658369064331055 0.027138590812683105
1 0.03388217091560364 0.5990236401557922 0.022039858624339104 0.061185240745544434
0 0.5259960293769836 0.5309303998947144 0.008552789688110352 0.014309465885162354
1 0.6881699562072754 0.7144861817359924 0.04769819974899292 0.24474108219146729
1 0.6730381846427917 0.5324106216430664 0.008026480674743652 0.026645183563232422
0 0.3095448911190033 0.5422792434692383 0.01611870527267456 0.01578974723815918
1 0.3829014301300049 0.5560952425003052 0.010526508092880249 0.03157949447631836
1 0.1381603181362152 0.6236951351165771 0.029276825487613678 0.15296322107315063
0 0.040461234748363495 0.5728719234466553 0.030592642724514008 0.027632057666778564
1 0.5379040837287903 0.6011453866958618 0.03223741054534912 0.06182670593261719
0 0.29293274879455566 0.5426492691040039 0.01883256435394287 0.017270028591156006
0 0.4656660556793213 0.5422792434692383 0.021710902452468872 0.02713865041732788
1 0.6036289930343628 0.6148133873939514 0.026316285133361816 0.09227132797241211
1 0.042763907462358475 0.6473797559738159 0.05559308081865311 0.1746741533279419
0 0.5181013345718384 0.5240223407745361 0.010197699069976807 0.011348903179168701
1 0.7276449799537659 0.6695840358734131 0.046381354331970215 0.19268447160720825
1 0.09309373050928116 0.6518206596374512 0.07269863784313202 0.20625358819961548
0 0.4944987893104553 0.5264894962310791 0.014885097742080688 0.011348903179168701
1 0.6217085123062134 0.5815561413764954 0.020230770111083984 0.07978761196136475
1 0.6065895557403564 0.6044514179229736 0.03223741054534912 0.09572535753250122
1 0.36034467816352844 0.5630033016204834 0.011466443538665771 0.06040996313095093
0 0.5138248205184937 0.533890962600708 0.01611870527267456 0.017270028591156006
0 0.11398229002952576 0.5644834637641907 0.023520104587078094 0.020724058151245117
0 0.878131628036499 0.8397263288497925 0.24373674392700195 0.32054734230041504
0 0.5015712976455688 0.5411690473556519 0.018339157104492188 0.025658369064331055
1 0.7358680963516235 0.542772650718689 0.00822383165359497 0.04736924171447754
0 0.4595475196838379 0.5264894962310791 0.009539633989334106 0.008388340473175049
0 0.49046915769577026 0.5309303402900696 0.01019752025604248 0.007894754409790039
0 0.2772136330604553 0.5477069616317749 0.02316799759864807 0.019243717193603516
1 0.5368515253067017 0.6148133873939514 0.03454011678695679 0.041448116302490234
