0 0.09111897647380829 0.49096253514289856 0.041448093950748444 0.026892125606536865
0 0.07434340566396713 0.5570821166038513 0.14868681132793427 0.11447569727897644
0 0.17566096782684326 0.48701512813568115 0.017434507608413696 0.009868592023849487
0 0.2963867783546448 0.5023114681243896 0.017434507608413696 0.024671494960784912
0 0.20723992586135864 0.49429333209991455 0.013816043734550476 0.019243746995925903
0 0.28717607259750366 0.4978705644607544 0.01842138171195984 0.02368462085723877
0 0.1444104164838791 0.48553481698036194 0.010197550058364868 0.006907999515533447
0 0.31382128596305847 0.503298282623291 0.02927684783935547 0.03602039813995361
0 0.17006877064704895 0.5077391266822815 0.016447648406028748 0.036020368337631226
0 0.153621107339859 0.5077391266822815 0.035855889320373535 0.04687580466270447
0 0.026645202189683914 0.48948225378990173 0.044079720973968506 0.027632057666778564
0 0.2723731994628906 0.4939231276512146 0.01118442416191101 0.016776591539382935
0 0.2861892282962799 0.48701509833335876 0.019408226013183594 0.005427718162536621
0 0.3892824649810791 0.4975743889808655 0.04967191815376282 0.03305980563163757
0 0.20608916878700256 0.4978705644607544 0.006085619330406189 0.019243746995925903
0 0.2491268515586853 0.488495409488678 0.015351295471191406 0.012335747480392456
1 0.9312663078308105 0.7837220430374146 0.13552868366241455 0.4325558543205261
1 0.25296494364738464 0.49293625354766846 0.007565915584564209 0.01578974723815918
1 0.5289566516876221 0.7803914546966553 0.13487079739570618 0.43921715021133423
0 0.41809791326522827 0.5332003831863403 0.08223840594291687 0.09148192405700684
0 0.20340219140052795 0.4978705644607544 0.0059212446212768555 0.020724058151245117
0 0.2788424491882324 0.4960613250732422 0.00822383165359497 0.02072402834892273
0 0.10855452716350555 0.5092194080352783 0.046053431928157806 0.027632057666778564
1 0.1250021904706955 0.488495409488678 0.009210683405399323 0.016776591539382935
0 0.35482972860336304 0.4995155334472656 0.023465245962142944 0.02680954337120056
0 0.084540955722332 0.5023114085197449 0.035855889320373535 0.009868592023849487
0 0.1940823495388031 0.4978705644607544 0.021053001284599304 0.02615177631378174
0 0.18816065788269043 0.5029035806655884 0.01618453860282898 0.02615174651145935
0 0.21618740260601044 0.4939231276512146 0.007236957550048828 0.016776591539382935
0 0.1305943876504898 0.48701512813568115 0.018421374261379242 0.013816028833389282
0 0.349677175283432 0.49639028310775757 0.017434537410736084 0.020724058151245117
0 0.13519972562789917 0.5185946226119995 0.028618916869163513 0.04835611581802368
0 0.3733603358268738 0.5284631848335266 0.03642001748085022 0.06506237387657166
0 0.32566356658935547 0.5116865634918213 0.03388217091560364 0.03700718283653259
0 0.19309547543525696 0.5023114681243896 0.008223816752433777 0.022204339504241943
0 0.17903292179107666 0.5047785639762878 0.01620100438594818 0.02911233901977539
0 0.9640157222747803 0.5501741170883179 0.07196855545043945 0.09424501657485962
