1 0.5552728772163391 0.5220485925674438 0.01019752025604248 0.05773124098777771
0 0.4851118326187134 0.5060473680496216 0.018045395612716675 0.029676228761672974
1 0.5806022882461548 0.5126734375953674 0.009539663791656494 0.05032980442047119
0 0.9955679178237915 0.4880019724369049 0.008864223957061768 0.024671494960784912
0 0.19967518746852875 0.5482001304626465 0.07508334517478943 0.02787882089614868
0 0.27599167823791504 0.5743521451950073 0.08026456832885742 0.08240276575088501
0 0.09144897013902664 0.5551084280014038 0.1421077400445938 0.07204073667526245
0 0.3829014301300049 0.5003377199172974 0.025987297296524048 0.010362029075622559
0 0.1710556149482727 0.5393186807632446 0.04309286177158356 0.019737184047698975
0 0.20323443412780762 0.609026312828064 0.12114353477954865 0.11075210571289062
0 0.9671221971511841 0.48158738017082214 0.035526931285858154 0.028618931770324707
0 0.4687581956386566 0.5250091552734375 0.02401357889175415 0.046382367610931396
0 0.2542261779308319 0.5409634113311768 0.05422234535217285 0.028207838535308838
0 0.32796627283096313 0.5437594652175903 0.059869468212127686 0.03799408674240112
0 0.2634914517402649 0.5210617780685425 0.022697746753692627 0.018750369548797607
0 0.303952693939209 0.5279697775840759 0.03782960772514343 0.018750309944152832
0 0.7707371711730957 0.4727056622505188 0.0480271577835083 0.036020368337631226
0 0.52303546667099 0.5077391862869263 0.056908875703811646 0.10065966844558716
0 0.32977575063705444 0.512179970741272 0.017105579376220703 0.008388102054595947
1 0.6486955881118774 0.5383318066596985 0.025329411029815674 0.08338963985443115
1 0.5835628509521484 0.52303546667099 0.01578974723815918 0.06463930010795593
0 0.4789557456970215 0.5176077485084534 0.012500226497650146 0.04095467925071716
0 0.380927711725235 0.5259960293769836 0.027303099632263184 0.05674442648887634
0 0.8988639116287231 0.47295239567756653 0.036924660205841064 0.019860506057739258
0 0.9894000291824341 0.486028254032135 0.02120000123977661 0.025658339262008667
1 0.28487342596054077 0.5190880298614502 0.006250113248825073 0.015296339988708496
0 0.6802750825881958 0.5126734375953674 0.04046124219894409 0.03898093104362488
0 0.360861599445343 0.536358118057251 0.054935187101364136 0.043421804904937744
0 0.3480324149131775 0.5067522525787354 0.012500226497650146 0.012335717678070068
0 0.1901349127292633 0.5324106216430664 0.006908014416694641 0.007401466369628906
0 0.3562091290950775 0.6305327415466309 0.13538771867752075 0.14965015649795532
1 0.31974244117736816 0.5116865634918213 0.0019737184047698975 0.012335717678070068
0 0.4282969832420349 0.5383317470550537 0.07138285040855408 0.09572535753250122
0 0.08964043855667114 0.6607012748718262 0.17928087711334229 0.24461621046066284
