0 0.3914933204650879 0.5012955069541931 0.008281856775283813 0.003947466611862183
0 0.5311182737350464 0.4995623230934143 0.004605352878570557 0.009868621826171875
0 0.39507269859313965 0.4978705644607544 0.007236957550048828 0.003947436809539795
0 0.5354344844818115 0.4883056581020355 0.00609821081161499 0.004364967346191406
0 0.40263861417770386 0.49688369035720825 0.008552759885787964 0.006908029317855835
0 0.4960610568523407 0.5324105024337769 0.044244349002838135 0.04786264896392822
0 0.2570556700229645 0.5037930607795715 0.018915489315986633 0.01381734013557434
0 0.35461145639419556 0.49885740876197815 0.01611870527267456 0.0098685622215271
0 0.46748924255371094 0.4978705644607544 0.008552789688110352 0.01000988483428955
0 0.1261381059885025 0.5309319496154785 0.050168149173259735 0.04293030500411987
0 0.5365221500396729 0.500831127166748 0.011842310428619385 0.014802902936935425
0 0.5490227937698364 0.49885740876197815 0.012500226497650146 0.011842310428619385
0 0.32796627283096313 0.500831127166748 0.008552789688110352 0.003947466611862183
0 0.02861892245709896 0.5329040288925171 0.05329040810465813 0.03799408674240112
0 0.14309461414813995 0.5077391266822815 0.03782961517572403 0.015789717435836792
0 0.26864585280418396 0.5383312702178955 0.09123025834560394 0.08388200402259827
0 0.3598747253417969 0.49293625354766846 0.019408226013183594 0.018750309944152832
0 0.41053348779678345 0.4978705644607544 0.00789487361907959 0.009868621826171875
0 0.4965782165527344 0.49918633699417114 0.02915152907371521 0.04100164771080017
0 0.548072338104248 0.5170596837997437 0.02869194746017456 0.03119570016860962
0 0.4537907838821411 0.5015713572502136 0.010690897703170776 0.011102050542831421
0 0.5210617780685425 0.4978705644607544 0.016776621341705322 0.02615177631378174
0 0.10551171749830246 0.7603751420974731 0.21102343499660492 0.28914976119995117
0 0.38915154337882996 0.49293625354766846 0.013158142566680908 0.016776591539382935
