1 0.5787928104400635 0.45056331157684326 0.007565915584564209 0.015419870615005493
0 0.88701331615448 0.7431374788284302 0.22597330808639526 0.5137250423431396
0 0.6795049905776978 0.5356998443603516 0.06666666269302368 0.08092153072357178
0 0.4269811511039734 0.4939231276512146 0.025000452995300293 0.02911236882209778
0 0.5750100612640381 0.4840545058250427 0.019408226013183594 0.013816028833389282
0 0.7120147943496704 0.5546138286590576 0.07680940628051758 0.1013980507850647
0 0.5556018352508545 0.46333047747612 0.01743447780609131 0.02368462085723877
0 0.5858654975891113 0.4978705644607544 0.021053016185760498 0.020724058151245117
1 0.3210590183734894 0.49392426013946533 0.015131831169128418 0.03133377432823181
0 0.4480341672897339 0.5171142816543579 0.0460534393787384 0.0537838339805603
1 0.6105369925498962 0.5023114085197449 0.010526537895202637 0.043915241956710815
1 0.4424419403076172 0.4539553225040436 0.0055921971797943115 0.01578974723815918
1 0.6485075950622559 0.49328869581222534 0.008552789688110352 0.018679827451705933
1 0.6998704671859741 0.4924428462982178 0.01240605115890503 0.019032150506973267
1 0.6756695508956909 0.49096253514289856 0.010526478290557861 0.01578974723815918
0 0.4727056324481964 0.4554356038570404 0.003618478775024414 0.008388280868530273
0 0.5118507146835327 0.49014097452163696 0.07752209901809692 0.13158094882965088
0 0.5713915824890137 0.4786267876625061 0.02927684783935547 0.0345400869846344
0 0.4628370404243469 0.460863322019577 0.017434507608413696 0.020724058151245117
0 0.6440902352333069 0.5269829034805298 0.041448116302490234 0.0577312707901001
1 0.2983604669570923 0.5309303402900696 0.0190792977809906 0.08092248439788818
1 0.5937603712081909 0.4656742811203003 0.006825745105743408 0.02491822838783264
0 0.3477034568786621 0.48010706901550293 0.03125053644180298 0.02072402834892273
0 0.5125089883804321 0.5215551853179932 0.07533028721809387 0.06217217445373535
0 0.46448180079460144 0.457902729511261 0.011842310428619385 0.017763465642929077
0 0.33684802055358887 0.5422792434692383 0.06908014416694641 0.07056045532226562
0 0.5161274671554565 0.5615229606628418 0.08190932869911194 0.10213994979858398
0 0.5483648777008057 0.47171878814697266 0.0026316046714782715 0.0029605627059936523
0 0.5769838094711304 0.5146471858024597 0.04769819974899292 0.052303582429885864
0 0.45263952016830444 0.47566622495651245 0.025000423192977905 0.033059775829315186
0 0.357901006937027 0.52303546667099 0.06085634231567383 0.07746848464012146
0 0.4608633518218994 0.46629106998443604 0.017434507608413696 0.02072402834892273
1 0.6361953020095825 0.4954034090042114 0.013158142566680908 0.03552696108818054
0 0.7802767753601074 0.5738587379455566 0.13158124685287476 0.15444350242614746
0 0.0013980508083477616 0.7598817348480225 0.0027961016166955233 0.062172114849090576
0 0.43783658742904663 0.4840545058250427 0.022039860486984253 0.02072402834892273
