0 0.42994174361228943 0.5560952425003052 0.00822383165359497 0.027632057666778564
0 0.3085576891899109 0.5679378509521484 0.045560091733932495 0.04218834638595581
0 0.5822470188140869 0.5768193006515503 0.04440867900848389 0.042928338050842285
0 0.6661300659179688 0.5605361461639404 0.04967188835144043 0.03602033853530884
0 0.48520585894584656 0.5521478056907654 0.04046124219894409 0.02615177631378174
0 0.6134976148605347 0.5560952425003052 0.03881651163101196 0.027632057666778564
0 0.0537838377058506 0.6434323191642761 0.1075676754117012 0.1578974723815918
0 0.36809855699539185 0.5713915824890137 0.022039860486984253 0.042928338050842285
0 0.5516543984413147 0.5605361461639404 0.028618931770324707 0.03454011678695679
0 0.2944130599498749 0.5743521451950073 0.035855889320373535 0.03157949447631836
0 0.5266539454460144 0.5605361461639404 0.002631664276123047 0.003947436809539795
0 0.3246767520904541 0.5630033016204834 0.030592650175094604 0.024671494960784912
0 0.591457724571228 0.5477069616317749 0.034211158752441406 0.019243717193603516
0 0.2269776463508606 0.5743521451950073 0.10526500642299652 0.09819251298904419
0 0.5358646512031555 0.5506675243377686 0.01743447780609131 0.024671494960784912
0 0.6006684303283691 0.5407989025115967 0.012829124927520752 0.008388340473175049
0 0.34507182240486145 0.5560952425003052 0.02401357889175415 0.022204339504241943
0 0.49079805612564087 0.5921156406402588 0.07368549704551697 0.08585673570632935
0 0.4039544463157654 0.5605361461639404 0.05625098943710327 0.07598817348480225
0 0.6411296129226685 0.5546149611473083 0.051645636558532715 0.03996777534484863
