0 0.3763223886489868 0.5102062821388245 0.017434507608413696 0.010855436325073242
1 0.46382391452789307 0.5630033016204834 0.027961015701293945 0.09819251298904419
0 0.165134459733963 0.6212279796600342 0.24737274646759033 0.13125228881835938
1 0.03659603372216225 0.7909678220748901 0.0731920674443245 0.41645461320877075
0 0.3348742723464966 0.5353711843490601 0.011184394359588623 0.029112398624420166
1 0.4723767042160034 0.8461409211158752 0.18355587124824524 0.3077181577682495
0 0.37907010316848755 0.5190880298614502 0.01644766330718994 0.017763495445251465
1 0.6924463510513306 0.5630033016204834 0.024671494960784912 0.11595600843429565
0 0.5516543984413147 0.5383317470550537 0.061843156814575195 0.08585673570632935
1 0.9049500226974487 0.5185946226119995 0.01611870527267456 0.04736927151679993
0 0.4752500057220459 0.5106997489929199 0.006579071283340454 0.022204339504241943
0 0.49854931235313416 0.5146471858024597 0.025987327098846436 0.0345400869846344
1 0.7885006666183472 0.503298282623291 0.010197579860687256 0.012829184532165527
0 0.36612480878829956 0.5116865634918213 0.01282915472984314 0.0098685622215271
1 0.6542877554893494 0.5161274671554565 0.017105579376220703 0.035526931285858154
1 0.6720512509346008 0.5644835829734802 0.02138197422027588 0.0942450761795044
1 0.8598834276199341 0.505765438079834 0.010197579860687256 0.011348843574523926
1 0.3075711727142334 0.7732043266296387 0.16480553150177002 0.4445801377296448
0 0.24901750683784485 0.5491872429847717 0.03585587441921234 0.03454005718231201
0 0.45066577196121216 0.5131669044494629 0.01282915472984314 0.01529628038406372
1 0.6345505714416504 0.570898175239563 0.0365138053894043 0.08783048391342163
1 0.6253398656845093 0.570898175239563 0.024671494960784912 0.10065966844558716
0 0.44145506620407104 0.5116865634918213 0.013816028833389282 0.010855495929718018
1 0.15613314509391785 0.5316929221153259 0.012829169631004333 0.019243717193603516
0 0.4194957911968231 0.5077391266822815 0.019408226013183594 0.03700721263885498
1 0.6559325456619263 0.5669506788253784 0.028947889804840088 0.09671217203140259
0 0.457573801279068 0.5269829034805298 0.03125053644180298 0.03305983543395996
1 0.1974632292985916 0.517196536064148 0.013633280992507935 0.018119871616363525
1 0.3907963037490845 0.5171142816543579 0.005921155214309692 0.020230591297149658
0 0.4618501663208008 0.5092194080352783 0.023026734590530396 0.01381605863571167
0 0.3862423598766327 0.5193655490875244 0.00822383165359497 0.016776621341705322
0 0.39994120597839355 0.5171142816543579 0.017434507608413696 0.01776343584060669
1 0.3618484437465668 0.5171142816543579 0.003728151321411133 0.018750369548797607
0 0.31464678049087524 0.5329040884971619 0.04144808650016785 0.04440867900848389
0 0.2131616175174713 0.5491872429847717 0.0710538774728775 0.05970501899719238
1 0.6125106811523438 0.5210617780685425 0.010197579860687256 0.043421804904937744
1 0.28553131222724915 0.5210617780685425 0.006907999515533447 0.01529628038406372
1 0.8727126121520996 0.5018180012702942 0.010197579860687256 0.019243746995925903
1 0.8802785873413086 0.7965512275695801 0.08322513103485107 0.40689754486083984
0 0.4322444200515747 0.5102062821388245 0.008223801851272583 0.010855436325073242
0 0.48158735036849976 0.5106997489929199 0.013816028833389282 0.022204339504241943
1 0.3907963037490845 0.7287956476211548 0.09769907593727112 0.407572865486145
0 0.4039544463157654 0.5171142816543579 0.01282915472984314 0.016776621341705322
1 0.3016499876976013 0.5437595248222351 0.022039860486984253 0.04194152355194092
1 0.014473937451839447 0.8019789457321167 0.028947874903678894 0.3960420489311218
1 0.8503438234329224 0.8102439045906067 0.08750152587890625 0.3795121908187866
1 0.457902729511261 0.503298282623291 0.005921155214309692 0.010362029075622559
0 0.8480324149131775 0.5852075815200806 0.303935170173645 0.16480547189712524
0 0.1615159809589386 0.5491872429847717 0.07368549704551697 0.03157949447631836
0 0.28125491738319397 0.5467200875282288 0.03881645202636719 0.03996777534484863
1 0.07516605406999588 0.568677544593811 0.02039504051208496 0.04465514421463013
0 0.5029045343399048 0.5182582139968872 0.028618931770324707 0.033059775829315186
1 0.596392035484314 0.5235289335250854 0.012390553951263428 0.04473763704299927
0 0.36809855699539185 0.5213437080383301 0.00822383165359497 0.010855436325073242
1 0.5792864561080933 0.5161274671554565 0.008552789688110352 0.028125464916229248
0 0.41020452976226807 0.5185946226119995 0.0055921971797943115 0.012335717678070068
1 0.2539518177509308 0.7110321521759033 0.07138283550739288 0.3172752857208252
1 0.4782978296279907 0.6587285995483398 0.0671064555644989 0.1480289101600647
0 0.48500847816467285 0.5131669044494629 0.011184394359588623 0.016776621341705322
0 0.30428165197372437 0.5422792434692383 0.02642589807510376 0.03404664993286133
