0 0.5360293388366699 0.5166208744049072 0.0037828683853149414 0.005921125411987305
0 0.09112001210451126 0.5926090478897095 0.09506745636463165 0.08388304710388184
0 0.4743503928184509 0.5018180012702942 0.01118442416191101 0.01875033974647522
0 0.6161291599273682 0.5067522525787354 0.0098685622215271 0.004934251308441162
0 0.5296145677566528 0.5758324265480042 0.05855363607406616 0.06069183349609375
0 0.5217196941375732 0.5319172143936157 0.026645243167877197 0.03404664993286133
0 0.5907998085021973 0.5146471261978149 0.011184453964233398 0.01381605863571167
0 0.4345470666885376 0.5185946226119995 0.002631634473800659 0.010855436325073242
0 0.9648195505142212 0.5146471858024597 0.029934704303741455 0.01578974723815918
0 0.5102063417434692 0.5037916898727417 0.011184394359588623 0.015789717435836792
0 0.7842240333557129 0.5141539573669434 0.027631819248199463 0.010855317115783691
0 0.4052702486515045 0.5205683708190918 0.00789487361907959 0.011842310428619385
0 0.18750327825546265 0.5250091552734375 0.06184318661689758 0.0730275809764862
0 0.3898094594478607 0.5185946226119995 0.024671494960784912 0.02615177631378174
0 0.035444699227809906 0.6365243196487427 0.07088939845561981 0.11792969703674316
0 0.8049482703208923 0.5116865634918213 0.020066142082214355 0.010855495929718018
0 0.3631642460823059 0.5106997489929199 0.022697746753692627 0.021710902452468872
0 0.4592185616493225 0.5106997489929199 0.005263268947601318 0.00789487361907959
0 0.637511134147644 0.5037916898727417 0.005263268947601318 0.0029605627059936523
0 0.27599167823791504 0.5575755834579468 0.06315900385379791 0.06365245580673218
0 0.8131721019744873 0.5126734375953674 0.011184394359588623 0.00789487361907959
0 0.13783136010169983 0.5348777770996094 0.06381690502166748 0.0636523962020874
0 0.3227030038833618 0.5398120880126953 0.05526414513587952 0.05871814489364624
0 0.5256670713424683 0.5087260007858276 0.009210646152496338 0.009868621826171875
0 0.4789557456970215 0.5176076889038086 0.018750309944152832 0.025164902210235596
0 0.5450752973556519 0.5156340599060059 0.013158142566680908 0.018750369548797607
0 0.4131651222705841 0.5225419998168945 0.016776621341705322 0.016776621341705322
0 0.36645376682281494 0.5185946226119995 0.016118675470352173 0.0098685622215271
0 0.6013263463973999 0.5077391862869263 0.01611870527267456 0.0098685622215271
0 0.42796802520751953 0.5185946226119995 0.008552789688110352 0.011842310428619385
0 0.3884936273097992 0.5319172143936157 0.02401357889175415 0.025164902210235596
0 0.8654756546020508 0.5126734375953674 0.041119158267974854 0.013815999031066895
0 0.3707301616668701 0.5319172143936157 0.017434507608413696 0.01578974723815918
