0 0.22514913976192474 0.5061492919921875 0.029971420764923096 0.01683145761489868
0 0.4977060556411743 0.5093838572502136 0.006908029317855835 0.010362029075622559
0 0.4358628988265991 0.5052720308303833 0.006908029317855835 0.006414592266082764
0 0.707578182220459 0.5506675243377686 0.0424349308013916 0.038980960845947266
0 0.5345488786697388 0.5087260007858276 0.006907999515533447 0.010362029075622559
0 0.39819759130477905 0.5042850971221924 0.010526418685913086 0.010362029075622559
0 0.013816030696034431 0.5363580584526062 0.025987297296524048 0.05032980442047119
0 0.4878374934196472 0.5079858303070068 0.006908029317855835 0.0029605627059936523
0 0.25888609886169434 0.6207345724105835 0.21678011119365692 0.24276739358901978
0 0.542772650718689 0.5106997489929199 0.006908059120178223 0.010362029075622559
0 0.4227047562599182 0.5087260007858276 0.006908029317855835 0.003947436809539795
0 0.3493482172489166 0.5013245344161987 0.025329411029815674 0.025658339262008667
0 0.5310713052749634 0.4954034090042114 0.0019736886024475098 0.0029605627059936523
0 0.14704203605651855 0.5220485925674438 0.042434945702552795 0.031086087226867676
0 0.4921138882637024 0.5116865634918213 0.008881717920303345 0.010362029075622559
0 0.5075746774673462 0.4981446862220764 0.0031067728996276855 0.003070235252380371
0 0.3713880777359009 0.5087260007858276 0.011513352394104004 0.006414592266082764
0 0.5299434661865234 0.5166208744049072 0.011513352394104004 0.017270028591156006
0 0.5444173812866211 0.4954034090042114 0.006907999515533447 0.0029605627059936523
0 0.5875102877616882 0.5551084280014038 0.04736924171447754 0.04934293031692505
0 0.4536263644695282 0.5106997489929199 0.011513352394104004 0.014309465885162354
0 0.4338891804218292 0.5176076889038086 0.020724058151245117 0.024671494960784912
0 0.5174432992935181 0.5106997489929199 0.006907999515533447 0.010362029075622559
0 0.4783889353275299 0.4982425272464752 0.012120664119720459 0.017270028591156006
0 0.5072457194328308 0.5116865634918213 0.006908059120178223 0.010362029075622559
