0 0.47517508268356323 0.32221102714538574 0.034541040658950806 0.03379938006401062
0 0.41217827796936035 0.36020368337631226 0.016447633504867554 0.030592650175094604
0 0.3460586965084076 0.43865901231765747 0.05625098943710327 0.06908014416694641
0 0.5620185136795044 0.41941630840301514 0.04654651880264282 0.05378386378288269
0 0.6246819496154785 0.5299434661865234 0.08914631605148315 0.10460707545280457
0 0.5156363248825073 0.35798487067222595 0.009703755378723145 0.024671494960784912
0 0.4365231990814209 0.33257269859313965 0.016447633504867554 0.021463632583618164
0 0.533234715461731 0.37180089950561523 0.030263662338256836 0.03651416301727295
1 0.34836137294769287 0.5388252139091492 0.044079720973968506 0.1095413863658905
0 0.3927726745605469 0.3829028904438019 0.03996744751930237 0.05600374937057495
0 0.5463911294937134 0.39474374055862427 0.035855889320373535 0.05082324147224426
0 0.6054402589797974 0.37994229793548584 0.02121812105178833 0.03453901410102844
0 0.400173544883728 0.3214714527130127 0.006579071283340454 0.013075321912765503
0 0.5110309720039368 0.3495965600013733 0.01644766330718994 0.020724058151245117
0 0.5891567468643188 0.3510768413543701 0.027632057666778564 0.023684650659561157
0 0.5960630178451538 0.48553481698036194 0.07993561029434204 0.09523195028305054
0 0.30822908878326416 0.48158735036849976 0.07631713151931763 0.09671220183372498
0 0.5289566516876221 0.36020368337631226 0.03026372194290161 0.0345400869846344
0 0.41135793924331665 0.3779682517051697 0.015295982360839844 0.03848859667778015
0 0.4227071702480316 0.344169557094574 0.02401357889175415 0.027632057666778564
0 0.5355356931686401 0.37944743037223816 0.02927684783935547 0.03848749399185181
