0 0.4417840540409088 0.500831127166748 0.00789487361907959 0.009868592023849487
0 0.5634967088699341 0.5136603116989136 0.02927684783935547 0.03996780514717102
0 0.4457314908504486 0.500831127166748 0.003289520740509033 0.005921125411987305
0 0.5450753569602966 0.5047785639762878 0.00789487361907959 0.010855436325073242
0 0.38323038816452026 0.5028048753738403 0.017434537410736084 0.011842310428619385
0 0.49310073256492615 0.500831127166748 0.00789487361907959 0.009868592023849487
0 0.45077550411224365 0.500831127166748 0.005921155214309692 0.00789487361907959
0 0.5388252139091492 0.5289566516876221 0.03782963752746582 0.03996783494949341
0 0.5184301137924194 0.500831127166748 0.00789487361907959 0.00789487361907959
0 0.5141537189483643 0.5758324265480042 0.1289496123790741 0.09473848342895508
0 0.46250808238983154 0.500831127166748 0.008552759885787964 0.010855436325073242
0 0.5340549945831299 0.5082323551177979 0.017599046230316162 0.01332235336303711
0 0.5003377199172974 0.4985285997390747 0.005921155214309692 0.005921155214309692
0 0.12478236854076385 0.520568311214447 0.04528573900461197 0.031086087226867676
0 0.6546167135238647 0.500831127166748 0.00789487361907959 0.003947466611862183
0 0.8342251181602478 0.5067523121833801 0.0424349308013916 0.015789777040481567
0 0.7011641263961792 0.5015715956687927 0.008881568908691406 0.010362237691879272
