0 0.5296145677566528 0.5126734375953674 0.006579101085662842 0.006908059120178223
0 0.026645204052329063 0.5477069616317749 0.029276829212903976 0.03799408674240112
0 0.5776417255401611 0.5916222333908081 0.08585673570632935 0.10263341665267944
0 0.4733635187149048 0.5176077485084534 0.009210705757141113 0.013815999031066895
0 0.23026718199253082 0.5329040288925171 0.025987297296524048 0.018750369548797607
0 0.09506745636463165 0.5457332134246826 0.055264122784137726 0.033059775829315186
0 0.4996798038482666 0.5100417733192444 0.025329381227493286 0.04095467925071716
0 0.33322951197624207 0.5250091552734375 0.011184394359588623 0.011842310428619385
0 0.2861892282962799 0.5299434661865234 0.02335566282272339 0.016776621341705322
0 0.12960752844810486 0.542772650718689 0.02532939612865448 0.02615177631378174
0 0.0500008761882782 0.5457332134246826 0.0460534393787384 0.03404664993286133
0 0.42237579822540283 0.5156340599060059 0.007894903421401978 0.00592118501663208
0 0.4516526460647583 0.5087260007858276 0.041119158267974854 0.07500132918357849
0 0.32007139921188354 0.5250091552734375 0.011184394359588623 0.01381605863571167
0 0.5204038619995117 0.5126734972000122 0.007236957550048828 0.008881747722625732
0 0.48356109857559204 0.5156340599060059 0.007236957550048828 0.008881747722625732
0 0.361190527677536 0.5215551853179932 0.011184394359588623 0.009868621826171875
0 0.49595168232917786 0.5556018352508545 0.04605346918106079 0.053125858306884766
0 0.41053348779678345 0.5146471261978149 0.007127314805984497 0.0044408440589904785
0 0.41491949558258057 0.5146471261978149 0.007236987352371216 0.006907999515533447
0 0.2036219835281372 0.5319172143936157 0.02664521336555481 0.02615177631378174
0 0.4319154620170593 0.5215551853179932 0.005921155214309692 0.003947436809539795
0 0.42928382754325867 0.5126734972000122 0.004605352878570557 0.003947436809539795
0 0.3805987536907196 0.5126734375953674 0.003947436809539795 0.0029605627059936523
0 0.3657958507537842 0.5205683708190918 0.005921155214309692 0.006907999515533447
0 0.37730923295021057 0.5176077485084534 0.008552789688110352 0.009868621826171875
0 0.3052684962749481 0.5225420594215393 0.020724058151245117 0.01578974723815918
0 0.3493482172489166 0.5225419998168945 0.010526478290557861 0.0098685622215271
0 0.4013228118419647 0.5338909029960632 0.027303099632263184 0.031086087226867676
