0 0.5194169878959656 0.7771517038345337 0.26579415798187256 0.3656314015388489
0 0.19835874438285828 0.5477069616317749 0.029605790972709656 0.022204339504241943
0 0.5621808767318726 0.5264894962310791 0.02171093225479126 0.028618931770324707
0 0.5102061629295349 0.5195814371109009 0.009868502616882324 0.013322412967681885
1 0.7241355180740356 0.5306017398834229 0.011184394359588623 0.04309314489364624
1 0.6381690502166748 0.636030912399292 0.03223741054534912 0.14309459924697876
0 0.5157984495162964 0.52303546667099 0.011184394359588623 0.016776561737060547
1 0.8388304710388184 0.5046141147613525 0.00822383165359497 0.03157946467399597
0 0.5907998085021973 0.537838339805603 0.03519797325134277 0.03996783494949341
1 0.23148944973945618 0.6319422721862793 0.037265583872795105 0.14006292819976807
0 0.62599778175354 0.5309303402900696 0.026645183563232422 0.028618931770324707
1 0.34688079357147217 0.5551085472106934 0.013487100601196289 0.060691893100738525
1 0.8085668087005615 0.5886616706848145 0.03223741054534912 0.07993561029434204
1 0.32352569699287415 0.6494029760360718 0.04440879821777344 0.1655457615852356
1 0.437836617231369 0.5955696105957031 0.024671494960784912 0.09227138757705688
1 0.8036972284317017 0.556424617767334 0.017478466033935547 0.06967246532440186
1 0.8803999423980713 0.5332937240600586 0.011184394359588623 0.044850170612335205
1 0.9595562815666199 0.5753390192985535 0.03454005718231201 0.11595594882965088
0 0.49258896708488464 0.5149761438369751 0.011074721813201904 0.017270028591156006
1 0.06447481364011765 0.6000105142593384 0.06315900385379791 0.12631797790527344
1 0.37994086742401123 0.5491872429847717 0.014144986867904663 0.06858670711517334
1 0.6486955881118774 0.6360308527946472 0.05329042673110962 0.17566096782684326
0 0.530190110206604 0.5063823461532593 0.013158082962036133 0.017270058393478394
0 0.21437789499759674 0.5446972250938416 0.015493810176849365 0.016480684280395508
1 0.5421147346496582 0.5822470188140869 0.02927684783935547 0.03602039813995361
0 0.18355584144592285 0.5467200875282288 0.02138194441795349 0.020724058151245117
0 0.15493692457675934 0.5536280870437622 0.01842138171195984 0.02368462085723877
0 0.04572448506951332 0.5679375529289246 0.04375077039003372 0.031086087226867676
1 0.8600484132766724 0.5224840641021729 0.01578974723815918 0.02575993537902832
1 0.6006684303283691 0.5990236401557922 0.029276788234710693 0.10904800891876221
1 0.21480639278888702 0.6281359791755676 0.02631625533103943 0.1731938123703003
0 0.4641527533531189 0.5194829702377319 0.011184394359588623 0.006907999515533447
1 0.3598744571208954 0.5245157480239868 0.010526478290557861 0.01578974723815918
0 0.475300669670105 0.5162918567657471 0.022478431463241577 0.03185319900512695
0 0.5184301137924194 0.5250091552734375 0.011513352394104004 0.017270028591156006
1 0.35621508955955505 0.556958794593811 0.01578974723815918 0.054832398891448975
1 0.6914594769477844 0.5245157480239868 0.010526537895202637 0.03157949447631836
0 0.5375094413757324 0.5141538381576538 0.009210765361785889 0.009375274181365967
1 0.7546553611755371 0.528737485408783 0.007712066173553467 0.035033345222473145
0 0.13750240206718445 0.5536280870437622 0.02861892431974411 0.01924377679824829
0 0.49671921133995056 0.5422792434692383 0.027632057666778564 0.031086087226867676
1 0.26776784658432007 0.7120190858840942 0.07894875109195709 0.26645201444625854
0 0.11677835881710052 0.5560952425003052 0.01578974723815918 0.022204339504241943
1 0.6842225193977356 0.520568311214447 0.008552789688110352 0.030592679977416992
1 0.5023114085197449 0.5881681442260742 0.02368462085723877 0.022697746753692627
0 0.3499237298965454 0.5287100076675415 0.013651609420776367 0.017270028591156006
1 0.744749903678894 0.5304368734359741 0.007565915584564209 0.04391521215438843
1 0.3859083652496338 0.540305495262146 0.010526478290557861 0.04835611581802368
1 0.8588966131210327 0.5955696105957031 0.03454005718231201 0.1115151047706604
1 0.17270039021968842 0.607905387878418 0.02927681803703308 0.13717347383499146
1 0.7411313652992249 0.6764920949935913 0.051645636558532715 0.21168136596679688
0 0.05822470039129257 0.5630033016204834 0.02598729357123375 0.02615177631378174
1 0.8564833402633667 0.5978729724884033 0.03157949447631836 0.08355432748794556
0 0.31332749128341675 0.5316706895828247 0.018585950136184692 0.019737184047698975
2 0.5496807098388672 0.5210617780685425 0.00592118501663208 0.020230591297149658
0 0.469745010137558 0.5329041481018066 0.021601319313049316 0.025658369064331055
1 0.9215619564056396 0.6064258813858032 0.03042733669281006 0.08042740821838379
0 0.5289566516876221 0.5166208744049072 0.01151341199874878 0.011348843574523926
1 0.31650984287261963 0.6325804591178894 0.03295105695724487 0.1448277235031128
0 0.4996798038482666 0.5195814371109009 0.01414501667022705 0.011348903179168701
1 0.7927770614624023 0.5630033016204834 0.02236884832382202 0.08042901754379272
1 0.9332399964332581 0.5990236401557922 0.051645636558532715 0.10362029075622559
1 0.915147602558136 0.5886616706848145 0.03223741054534912 0.1115151047706604
1 0.36908483505249023 0.5531349182128906 0.009539812803268433 0.05871850252151489
0 0.5309303402900696 0.5309303402900696 0.025658369064331055 0.03256630897521973
1 0.8401463031768799 0.6044514179229736 0.03223741054534912 0.09572535753250122
0 0.8578187227249146 0.8156392574310303 0.2843624949455261 0.34885478019714355
0 0.5013245940208435 0.5371805429458618 0.023684650659561157 0.02713865041732788
1 0.7312628030776978 0.531423807144165 0.00822383165359497 0.04391521215438843
0 0.4634949564933777 0.5166208744049072 0.010526478290557861 0.005921125411987305
0 0.48454785346984863 0.533890962600708 0.022039741277694702 0.02713865041732788
0 0.28757041692733765 0.5371478796005249 0.017434507608413696 0.018355846405029297
