0 0.38717782497406006 0.4958968162536621 0.011842310428619385 0.005921155214309692
0 0.5315882563591003 0.4958968162536621 0.005263209342956543 0.010855436325073242
0 0.5348777770996094 0.49423691630363464 0.005263209342956543 0.006504178047180176
0 0.49946051836013794 0.5309303402900696 0.03892609477043152 0.044573068618774414
0 0.42573094367980957 0.4939231276512146 0.008289635181427002 0.0053289830684661865
0 0.33322951197624207 0.49885740876197815 0.011842310428619385 0.006907999515533447
0 0.3166179955005646 0.500831127166748 0.009539663791656494 0.00789487361907959
0 0.46817341446876526 0.4964450001716614 0.008808612823486328 0.010636121034622192
0 0.5395218133926392 0.4989153742790222 0.012268006801605225 0.014802902936935425
0 0.32007139921188354 0.5028048753738403 0.02401357889175415 0.02417805790901184
0 0.013569316826760769 0.5299434661865234 0.027138633653521538 0.04490208625793457
0 0.29474198818206787 0.500831127166748 0.020066142082214355 0.009868592023849487
0 0.5529701709747314 0.49843448400497437 0.015272796154022217 0.015648692846298218
0 0.3797764182090759 0.49565011262893677 0.008881717920303345 0.005181014537811279
0 0.23553043603897095 0.542772650718689 0.10987035930156708 0.10065963864326477
0 0.3618484437465668 0.49293625354766846 0.019408226013183594 0.016776591539382935
0 0.426652193069458 0.486028254032135 0.007236987352371216 0.00493428111076355
0 0.49869298934936523 0.49688369035720825 0.027960866689682007 0.040954917669296265
0 0.5496806502342224 0.5107488036155701 0.028618931770324707 0.031086087226867676
0 0.45507386326789856 0.5002388954162598 0.011184394359588623 0.011842310428619385
0 0.523693323135376 0.49639028310775757 0.016776621341705322 0.026151806116104126
0 0.36645376682281494 0.4978705644607544 0.011842340230941772 0.0049343109130859375
0 0.1305689513683319 0.7023023366928101 0.2610624432563782 0.22747117280960083
0 0.43454617261886597 0.49074244499206543 0.00818738341331482 0.01326790452003479
