0 0.4131651222705841 0.4455670118331909 0.03881645202636719 0.03454005718231201
0 0.5921156406402588 0.4554356038570404 0.057237863540649414 0.027632057666778564
0 0.35066401958465576 0.43865901231765747 0.007236987352371216 0.02072402834892273
0 0.576654851436615 0.45247501134872437 0.028618931770324707 0.02368462085723877
0 0.4733635485172272 0.4302706718444824 0.03684276342391968 0.022204309701919556
1 0.38948050141334534 0.4667844772338867 0.008552789688110352 0.04144808650016785
0 0.9944165349006653 0.5023114681243896 0.011166930198669434 0.06365245580673218
0 0.5220485925674438 0.4263232350349426 0.037829577922821045 0.019243746995925903
0 0.34145334362983704 0.4579027593135834 0.02401357889175415 0.027632057666778564
0 0.3358611464500427 0.44112613797187805 0.011184394359588623 0.022204339504241943
0 0.3977043032646179 0.4287903904914856 0.025987297296524048 0.019243746995925903
0 0.44277089834213257 0.4263232350349426 0.038816481828689575 0.019243746995925903
0 0.3634932041168213 0.4263232350349426 0.03223741054534912 0.019243746995925903
0 0.446389377117157 0.4786267876625061 0.04243496060371399 0.04440867900848389
0 0.6296162605285645 0.45839619636535645 0.014144957065582275 0.017270058393478394
0 0.03996780514717102 0.4899756908416748 0.07993561029434204 0.10806110501289368
1 0.1519763469696045 0.4667844772338867 0.01611870527267456 0.08536335825920105
