0 0.4784134030342102 0.5120866894721985 0.007236987352371216 0.026551872491836548
1 0.7207362651824951 0.5274763107299805 0.014473974704742432 0.035526931285858154
0 0.5036571025848389 0.5053168535232544 0.009300410747528076 0.012874007225036621
0 0.537838339805603 0.6281359791755676 0.32763728499412537 0.16480553150177002
1 0.153621107339859 0.570898175239563 0.029934734106063843 0.112995445728302
1 0.37994086742401123 0.5264894962310791 0.015131831169128418 0.030592620372772217
0 0.4861927032470703 0.5074987411499023 0.009210675954818726 0.018244236707687378
0 0.4861927032470703 0.5123698115348816 0.0031630098819732666 0.011994123458862305
1 0.7756714820861816 0.5176077485084534 0.012500226497650146 0.03996780514717102
1 0.3110800087451935 0.5352067351341248 0.01644766330718994 0.06340575218200684
0 0.4954034090042114 0.5062588453292847 0.003618478775024414 0.003947436809539795
0 0.6317448019981384 0.5104384422302246 0.041448116302490234 0.016776621341705322
0 0.6365243196487427 0.5452398061752319 0.04506653547286987 0.04983639717102051
0 0.462985098361969 0.5108806490898132 0.029605776071548462 0.05553552508354187
0 0.5644835233688354 0.5176077485084534 0.02167433500289917 0.0253293514251709
0 0.5902976989746094 0.5269829034805298 0.025173544883728027 0.03576064109802246
0 0.6947489976882935 0.5543145537376404 0.06531870365142822 0.051166415214538574
1 0.5845496654510498 0.5551084280014038 0.02171093225479126 0.06365245580673218
1 0.07533026486635208 0.5541214942932129 0.02368462085723877 0.0902976393699646
0 0.4519816040992737 0.5383317470550537 0.02138194441795349 0.03996783494949341
1 0.34502121806144714 0.5311201810836792 0.01260143518447876 0.04501599073410034
0 0.5937265157699585 0.5318156480789185 0.021019160747528076 0.03625982999801636
1 0.7967244386672974 0.5566164255142212 0.019079267978668213 0.07102614641189575
1 0.7373155355453491 0.51227867603302 0.012105464935302734 0.03098735213279724
1 0.7435437440872192 0.5333974957466125 0.019079267978668213 0.03256630897521973
1 0.6493535041809082 0.5077391862869263 0.00592118501663208 0.018750369548797607
0 0.44836312532424927 0.5200748443603516 0.02861890196800232 0.01924377679824829
0 0.5521478652954102 0.5139070153236389 0.017434537410736084 0.02368462085723877
0 0.5009956359863281 0.5056356191635132 0.004319697618484497 0.0098685622215271
1 0.4269811511039734 0.5097128748893738 0.008552789688110352 0.022697806358337402
1 0.2707284092903137 0.5649769902229309 0.021710902452468872 0.09917938709259033
1 0.40428340435028076 0.5195814371109009 0.008552759885787964 0.03996783494949341
0 0.423362672328949 0.5506675243377686 0.05822467803955078 0.0636523962020874
0 0.48094141483306885 0.5092194080352783 0.010538458824157715 0.022661864757537842
0 0.5266539454460144 0.5023114681243896 0.02138197422027588 0.01924377679824829
1 0.6955165863037109 0.5105352401733398 0.008881747722625732 0.027961015701293945
0 0.5791807174682617 0.5258374214172363 0.01930248737335205 0.031738102436065674
1 0.9240293502807617 0.6755052804946899 0.0746724009513855 0.2689191699028015
1 0.22434602677822113 0.574845552444458 0.029934734106063843 0.09523195028305054
1 0.2536228597164154 0.5511609315872192 0.02434253692626953 0.08832389116287231
0 0.5700757503509521 0.5200749039649963 0.01842135190963745 0.02615177631378174
0 0.6154333353042603 0.5339478254318237 0.03887975215911865 0.04995030164718628
1 0.7934349775314331 0.5245157480239868 0.012500226497650146 0.03996777534484863
0 0.707578182220459 0.5674441456794739 0.06381690502166748 0.06661295890808105
0 0.661524772644043 0.5506675243377686 0.05263251066207886 0.05674445629119873
1 0.8523175716400146 0.5649769902229309 0.03190845251083374 0.08931076526641846
1 0.9477139711380005 0.5699113011360168 0.027632057666778564 0.10411369800567627
0 0.5109239816665649 0.5047785639762878 0.010107815265655518 0.013412326574325562
0 0.5736942291259766 0.52303546667099 0.007236957550048828 0.024671435356140137
