1 0.784224271774292 0.5235288739204407 0.012829184532165527 0.07006701827049255
1 0.9635037183761597 0.6177740097045898 0.04835611581802368 0.219082772731781
1 0.9837735891342163 0.6434323191642761 0.03220599889755249 0.25155508518218994
1 0.7651445865631104 0.6106002330780029 0.03562802076339722 0.21266818046569824
1 0.8894892334938049 0.5235288739204407 0.023026704788208008 0.04194152355194092
1 0.7977113723754883 0.620241105556488 0.05000084638595581 0.2077338695526123
0 0.9399280548095703 0.6036293506622314 0.07807183265686035 0.10263329744338989
0 0.38292551040649414 0.5028400421142578 0.021170347929000854 0.023367226123809814
0 0.35066401958465576 0.4993508458137512 0.020395100116729736 0.02615177631378174
0 0.36127352714538574 0.5079239010810852 0.028742074966430664 0.03207269310951233
0 0.953964114189148 0.5023114085197449 0.059869468212127686 0.03305980563163757
0 0.14901575446128845 0.5131665468215942 0.0230267196893692 0.031085968017578125
0 0.32928207516670227 0.5176077485084534 0.0424349308013916 0.041448116302490234
1 0.869998574256897 0.49688369035720825 0.0026316046714782715 0.003947436809539795
0 0.307242214679718 0.5116865634918213 0.022039860486984253 0.030592650175094604
1 0.7576619386672974 0.6190097332000732 0.027386963367462158 0.1709812879562378
0 0.22849947214126587 0.5261193513870239 0.05629195272922516 0.05655926465988159
0 0.06225438043475151 0.6034644842147827 0.12450876086950302 0.17171353101730347
1 0.9888330698013306 0.5338909029960632 0.019408226013183594 0.04736924171447754
0 0.9489387273788452 0.5496805906295776 0.10212254524230957 0.07829040288925171
1 0.8802785873413086 0.5644835829734802 0.0365138053894043 0.13371947407722473
0 0.9813406467437744 0.5106997489929199 0.03731870651245117 0.022204339504241943
0 0.9984873533248901 0.48627495765686035 0.0030252933502197266 0.022204309701919556
0 0.7796188592910767 0.4978705644607544 0.014802873134613037 0.017763495445251465
0 0.3753355145454407 0.4939231276512146 0.01381605863571167 0.015296339988708496
0 0.12289685010910034 0.5146471858024597 0.03842181712388992 0.03483608365058899
0 0.26283353567123413 0.500831127166748 0.020395100116729736 0.02220436930656433
0 0.899357795715332 0.5106997489929199 0.081004798412323 0.0345400869846344
0 0.38619112968444824 0.49310025572776794 0.013487011194229126 0.015460312366485596
0 0.165134459733963 0.5131669044494629 0.04342181980609894 0.033059775829315186
0 0.8681073188781738 0.5066583156585693 0.025266706943511963 0.01704290509223938
0 0.03972109034657478 0.5161274671554565 0.07944218069314957 0.0345400869846344
0 0.193260058760643 0.5092194080352783 0.032402098178863525 0.03602033853530884
1 0.9871883392333984 0.5363580584526062 0.018750309944152832 0.06759989261627197
0 0.4059281349182129 0.4840545058250427 0.013816028833389282 0.0444086492061615
0 0.5780771374702454 0.5447605848312378 0.3421112298965454 0.5338909029960632
1 0.9068151712417603 0.5768194794654846 0.051865577697753906 0.11743628978729248
1 0.848223865032196 0.6343860626220703 0.05544686317443848 0.22006970643997192
0 0.2289513647556305 0.4978705644607544 0.018421366810798645 0.005427718162536621
0 0.24737274646759033 0.5023114085197449 0.020395100116729736 0.017763465642929077
