0 0.4457314908504486 0.523158848285675 0.00789487361907959 0.009868621826171875
0 0.08766600489616394 0.622708261013031 0.17533200979232788 0.1016465425491333
0 0.44309985637664795 0.5437595248222351 0.02690836787223816 0.03148078918457031
0 0.3079001307487488 0.5432660579681396 0.023355633020401 0.02911233901977539
0 0.2609913945198059 0.5329040288925171 0.013552874326705933 0.012237012386322021
0 0.37599343061447144 0.5329040288925171 0.017434507608413696 0.019737184047698975
0 0.7519868612289429 0.5827404260635376 0.1881611943244934 0.09868592023849487
0 0.279445618391037 0.5457332134246826 0.02993464469909668 0.037007272243499756
1 0.2917814254760742 0.5713915824890137 0.03157949447631836 0.0804290771484375
0 0.3233608603477478 0.5388252139091492 0.013816028833389282 0.028618931770324707
0 0.0195335503667593 0.5501506328582764 0.014473937451839447 0.011842310428619385
0 0.1269759088754654 0.570898175239563 0.06315899640321732 0.05477064847946167
0 0.06579062342643738 0.5778061747550964 0.06315900385379791 0.031086087226867676
0 0.04309286177158356 0.5546149611473083 0.031250547617673874 0.020724058151245117
0 0.08364823460578918 0.5595492720603943 0.010714493691921234 0.007612943649291992
0 0.00455474341288209 0.5622820854187012 0.0065790629014372826 0.00592118501663208
0 0.16020017862319946 0.560865044593811 0.01677660644054413 0.012829124927520752
0 0.4743503928184509 0.523810863494873 0.0020677149295806885 0.0033835172653198242
0 0.2596755623817444 0.5505688190460205 0.02440829575061798 0.02911233901977539
0 0.9077373743057251 0.5876747369766235 0.18452519178390503 0.11595600843429565
0 0.46842923760414124 0.5269829034805298 0.00789487361907959 0.011842310428619385
0 0.3365190625190735 0.5381673574447632 0.02094334363937378 0.025164902210235596
0 0.19704292714595795 0.5664572715759277 0.0460534393787384 0.040954649448394775
0 0.23553043603897095 0.5556018352508545 0.04111914336681366 0.042928338050842285
0 0.4799426198005676 0.5289566516876221 0.022697776556015015 0.011842310428619385
0 0.3508833050727844 0.5342199206352234 0.01480284333229065 0.021710872650146484
0 0.4164546728134155 0.5565886497497559 0.041119128465652466 0.04588896036148071
