1 0.006085632834583521 0.6537943482398987 0.012171265669167042 0.09227132797241211
0 0.4967850148677826 0.46939969062805176 0.010197579860687256 0.013816028833389282
0 0.4295828938484192 0.4760250747203827 0.006579071283340454 0.01031714677810669
1 0.00707249203696847 0.6814264059066772 0.01414498407393694 0.046875834465026855
1 0.511522114276886 0.47369247674942017 0.005921125411987305 0.017763465642929077
0 0.4741859436035156 0.4675246477127075 0.009210675954818726 0.01085546612739563
0 0.4473762512207031 0.5190880298614502 0.12368634343147278 0.07204076647758484
0 0.28421550989151 0.500831127166748 0.03782960772514343 0.03305980563163757
0 0.5868524312973022 0.5146471858024597 0.12368637323379517 0.06908014416694641
0 0.4243495464324951 0.47624194622039795 0.011842340230941772 0.015296339988708496
0 0.3532956540584564 0.5284631848335266 0.14473938941955566 0.07352101802825928
0 0.522344708442688 0.476998507976532 0.014802873134613037 0.02072402834892273
0 0.5346247553825378 0.4903552234172821 0.01457512378692627 0.016776621341705322
1 0.32237404584884644 0.47961366176605225 0.01315811276435852 0.019737184047698975
0 0.09309373050928116 0.5422792434692383 0.17072667181491852 0.08042901754379272
0 0.4473762512207031 0.47171878814697266 0.013816028833389282 0.017763465642929077
0 0.02861892245709896 0.5245157480239868 0.05723784491419792 0.06513270735740662
0 0.8819233179092407 0.5383317470550537 0.05526411533355713 0.062172114849090576
0 0.33947962522506714 0.48306766152381897 0.027632057666778564 0.01924377679824829
0 0.40691500902175903 0.4786267876625061 0.011184394359588623 0.017763465642929077
1 0.44277089834213257 0.5738587379455566 0.07269865274429321 0.16875293850898743
0 0.4825742244720459 0.46629106998443604 0.01282915472984314 0.017763465642929077
0 0.38804131746292114 0.4844245910644531 0.02076515555381775 0.021279126405715942
1 0.03388217091560364 0.49342969059944153 0.00789487361907959 0.012829184532165527
0 0.9059281349182129 0.6740249395370483 0.18814367055892944 0.201812744140625
0 0.2611887753009796 0.5131669044494629 0.037829622626304626 0.027632057666778564
1 0.30099213123321533 0.48948222398757935 0.021710902452468872 0.03355321288108826
0 0.307242214679718 0.4924428462982178 0.014802873134613037 0.013816028833389282
