0 0.48915329575538635 0.5146471261978149 0.008552789688110352 0.00592118501663208
0 0.8809574842453003 0.8118475675582886 0.23808503150939941 0.37630486488342285
0 0.3253346383571625 0.5457332134246826 0.05855363607406616 0.06266558170318604
0 0.4618501663208008 0.5348777770996094 0.0345400869846344 0.014802932739257812
0 0.41184931993484497 0.5319172143936157 0.01315811276435852 0.014802873134613037
0 0.43553391098976135 0.5340759754180908 0.026192903518676758 0.027385354042053223
0 0.4079018831253052 0.6345505714416504 0.2440831959247589 0.1884901523590088
0 0.8510017395019531 0.605438232421875 0.1595422625541687 0.09868597984313965
0 0.8503438234329224 0.5644835829734802 0.12237060070037842 0.054770708084106445
0 0.5190880298614502 0.5388252139091492 0.027303099632263184 0.031086087226867676
0 0.37401971220970154 0.5457332134246826 0.015460789203643799 0.030099213123321533
0 0.35658520460128784 0.5457332134246826 0.02072402834892273 0.04588896036148071
0 0.4996798038482666 0.5259960889816284 0.01315811276435852 0.014802873134613037
0 0.40066492557525635 0.5358646512031555 0.039145439863204956 0.018750309944152832
0 0.3816952705383301 0.5361936092376709 0.017215222120285034 0.01578974723815918
0 0.6368532180786133 0.5585623979568481 0.0690801739692688 0.0577312707901001
