1 0.5404700040817261 0.45839619636535645 0.007565915584564209 0.027138620615005493
0 0.32928207516670227 0.45247501134872437 0.051645636558532715 0.036020368337631226
0 0.6062605977058411 0.5738587379455566 0.07368552684783936 0.09769904613494873
0 0.15263424813747406 0.533890962600708 0.12598904967308044 0.07450789213180542
0 0.5713915824890137 0.5630033016204834 0.030263662338256836 0.0690801739692688
0 0.21250373125076294 0.5023114085197449 0.10394920408725739 0.03996777534484863
0 0.483749121427536 0.4590293765068054 0.09981399774551392 0.06386426091194153
0 0.40099388360977173 0.503298282623291 0.06250110268592834 0.08980420231819153
0 0.5575755834579468 0.4801070988178253 0.05888265371322632 0.04835611581802368
0 0.8502528667449951 0.742118239402771 0.29949432611465454 0.2595440149307251
0 0.692775309085846 0.6276425719261169 0.1555948257446289 0.17516756057739258
0 0.27725571393966675 0.4429466724395752 0.019940227270126343 0.02531719207763672
0 0.28520235419273376 0.4978705644607544 0.10296231508255005 0.06069186329841614
0 0.5750100612640381 0.56843101978302 0.028618931770324707 0.07450789213180542
0 0.6292873620986938 0.5960630774497986 0.08092242479324341 0.1228640079498291
0 0.1674371361732483 0.503298282623291 0.09934385120868683 0.02911233901977539
