0 0.07368549704551697 0.472328245639801 0.03030235692858696 0.02615177631378174
0 0.18021568655967712 0.6761884689331055 0.1598711609840393 0.21274405717849731
1 0.8394335508346558 0.5398943424224854 0.022259175777435303 0.04745149612426758
0 0.09276477992534637 0.7974147796630859 0.18552955985069275 0.4051705002784729
1 0.2241816520690918 0.4723355770111084 0.012664690613746643 0.022821128368377686
0 0.2519780993461609 0.5674441456794739 0.013816013932228088 0.02368462085723877
1 0.25460970401763916 0.5037916898727417 0.012500211596488953 0.06118530035018921
1 0.24507007002830505 0.5030516386032104 0.016118690371513367 0.06809329986572266
1 0.714815080165863 0.508232593536377 0.006908059120178223 0.012335717678070068
0 0.7465211749076843 0.5530967116355896 0.04668605327606201 0.049001336097717285
1 0.702643871307373 0.5250091552734375 0.011513352394104004 0.030099213123321533
0 0.20728746056556702 0.4956148564815521 0.06767036020755768 0.039826810359954834
1 0.7498487234115601 0.5250091552734375 0.018092751502990723 0.030099213123321533
0 0.7642239332199097 0.5630033016204834 0.06934326887130737 0.056744396686553955
1 0.7911322712898254 0.5178896188735962 0.0057332515716552734 0.010502934455871582
0 0.7286311388015747 0.5477069616317749 0.023026764392852783 0.04440867900848389
0 0.7508354187011719 0.5245157480239868 0.016611993312835693 0.015296220779418945
0 0.7806057929992676 0.565963864326477 0.04243499040603638 0.041448116302490234
0 0.8164616823196411 0.5857009887695312 0.044956982135772705 0.0690801739692688
0 0.47599518299102783 0.588168203830719 0.4595475196838379 0.7608685493469238
0 0.7188454270362854 0.5306837558746338 0.057566285133361816 0.03676062822341919
0 0.10230442136526108 0.4840545058250427 0.08914639055728912 0.04252457618713379
0 0.7515921592712402 0.5214565992355347 0.019868671894073486 0.01500016450881958
1 0.18125316500663757 0.5324106216430664 0.021710917353630066 0.08388304710388184
0 0.881753146648407 0.5960969924926758 0.11556458473205566 0.112621009349823
0 0.013625036925077438 0.47262609004974365 0.027250073850154877 0.04326272010803223
0 0.7914612293243408 0.5666217803955078 0.06951874494552612 0.07746845483779907
0 0.7195307016372681 0.6286296844482422 0.05888265371322632 0.1786215901374817
0 0.9508302211761475 0.6281360387802124 0.0983394980430603 0.15098947286605835
