0 0.6253398656845093 0.509712815284729 0.020723998546600342 0.011842310428619385
0 0.34276914596557617 0.520568311214447 0.009210675954818726 0.009868621826171875
0 0.08059351146221161 0.5447463989257812 0.03717169910669327 0.028125464916229248
0 0.0365137979388237 0.5457332134246826 0.05592203140258789 0.04292839765548706
0 0.35263776779174805 0.5094661712646484 0.011842310428619385 0.01578974723815918
0 0.1289496272802353 0.537838339805603 0.04539553076028824 0.03207296133041382
0 0.30526870489120483 0.5188765525817871 0.00667300820350647 0.010996401309967041
0 0.491784930229187 0.5840562582015991 0.07664608955383301 0.09671223163604736
0 0.46974503993988037 0.5149761438369751 0.010526508092880249 0.013158142566680908
0 0.49507445096969604 0.5116865634918213 0.029934734106063843 0.0537838339805603
0 0.3733617961406708 0.5156340599060059 0.009210705757141113 0.0098685622215271
0 0.2555965781211853 0.5259960293769836 0.013816043734550476 0.01578974723815918
0 0.38125666975975037 0.5156340599060059 0.008552789688110352 0.008881747722625732
0 0.44704729318618774 0.5077391862869263 0.0424349308013916 0.0750012993812561
0 0.15230530500411987 0.5398120880126953 0.015460804104804993 0.023191213607788086
0 0.40066492557525635 0.509712815284729 0.01118442416191101 0.011842310428619385
0 0.2753337621688843 0.5250091552734375 0.010526478290557861 0.01381605863571167
0 0.4782978296279907 0.5156340599060059 0.007236987352371216 0.010855495929718018
0 0.4052702486515045 0.520568311214447 0.019408226013183594 0.023191213607788086
0 0.3286241888999939 0.5195814371109009 0.009210675954818726 0.011842310428619385
0 0.4631659984588623 0.5457332134246826 0.035855889320373535 0.04292839765548706
0 0.2865181565284729 0.5250091552734375 0.02072402834892273 0.01529628038406372
0 0.41250723600387573 0.5126734375953674 0.007236987352371216 0.0029605627059936523
0 0.47976845502853394 0.5145890712738037 0.005882441997528076 0.008997857570648193
0 0.1861874759197235 0.537838339805603 0.027961015701293945 0.019737184047698975
0 0.35658520460128784 0.5156340599060059 0.013816028833389282 0.01381605863571167
0 0.3213872015476227 0.5225419998168945 0.00789487361907959 0.0098685622215271
0 0.5490227937698364 0.5156340599060059 0.011842310428619385 0.01381605863571167
0 0.511522114276886 0.5116865634918213 0.008552789688110352 0.010855495929718018
0 0.38915154337882996 0.5156340599060059 0.008552789688110352 0.0098685622215271
0 0.2421094924211502 0.5299434661865234 0.025329381227493286 0.019737184047698975
0 0.3041720688343048 0.5220485925674438 0.015460789203643799 0.013158082962036133
0 0.21283267438411713 0.5329040288925171 0.025329381227493286 0.018750369548797607
