0 0.38586199283599854 0.5146471858024597 0.013816028833389282 0.012829184532165527
0 0.4384945034980774 0.5146471858024597 0.003947436809539795 0.00789487361907959
0 0.22401708364486694 0.5185946226119995 0.018750324845314026 0.0049343109130859375
0 0.3733617961406708 0.5126734375953674 0.01611870527267456 0.024178028106689453
0 0.3904673457145691 0.5146471858024597 0.008552759885787964 0.012829184532165527
1 0.10987034440040588 0.5723784565925598 0.00822383165359497 0.028618931770324707
1 0.11940998584032059 0.573365330696106 0.020724043250083923 0.07302755117416382
1 0.12434427440166473 0.5580689907073975 0.008223824203014374 0.024671494960784912
0 0.3793383836746216 0.5164562463760376 0.003947436809539795 0.012829184532165527
0 0.45099472999572754 0.5156340003013611 0.02335566282272339 0.01578974723815918
0 0.3598747253417969 0.5166208744049072 0.013816028833389282 0.020724058151245117
0 0.2536228597164154 0.5259960293769836 0.0365138053894043 0.02911233901977539
0 0.3308168649673462 0.515963077545166 0.03081190586090088 0.01578974723815918
0 0.34276914596557617 0.5136603116989136 0.017434507608413696 0.011842310428619385
0 0.03305979073047638 0.5575755834579468 0.06611958146095276 0.09079104661941528
0 0.02286224253475666 0.5674441456794739 0.04572448506951332 0.09079110622406006
0 0.41448092460632324 0.5205683708190918 0.016776591539382935 0.016776621341705322
0 0.4503368139266968 0.5215551853179932 0.016118675470352173 0.020724058151245117
0 0.29342618584632874 0.5215551853179932 0.02138197422027588 0.014802932739257812
0 0.4019807279109955 0.5136603116989136 0.012500226497650146 0.016776621341705322
