0 0.36332863569259644 0.5030515789985657 0.010033100843429565 0.011348873376846313
0 0.3399181365966797 0.5001732110977173 0.010526508092880249 0.014309465885162354
0 0.28191283345222473 0.5324106216430664 0.04473763704299927 0.046875834465026855
0 0.234543576836586 0.5437595248222351 0.05329039692878723 0.05279695987701416
0 0.3986913859844208 0.5008312463760376 0.007565915584564209 0.014309436082839966
0 0.4055991768836975 0.5023114085197449 0.014144986867904663 0.01282915472984314
0 0.8869311213493347 0.6592220664024353 0.22613775730133057 0.273360013961792
0 0.42533639073371887 0.500831127166748 0.01611870527267456 0.01578974723815918
0 0.4424419403076172 0.5111931562423706 0.02664521336555481 0.024178028106689453
0 0.01422722265124321 0.5935959219932556 0.02845444530248642 0.07845532894134521
0 0.7792890071868896 0.6007501482963562 0.14769917726516724 0.1645580530166626
0 0.43377986550331116 0.5032984018325806 0.00877237319946289 0.01282915472984314
0 0.6296162605285645 0.5393186807632446 0.05592203140258789 0.05822473764419556
