0 0.5204038619995117 0.810623824596405 0.3538022041320801 0.37875235080718994
1 0.3401375412940979 0.5718849897384644 0.02105298638343811 0.06414586305618286
0 0.5243512988090515 0.5279697775840759 0.011513352394104004 0.01578974723815918
0 0.0960543155670166 0.5713210105895996 0.017387457191944122 0.017270028591156006
1 0.7283022403717041 0.542772650718689 0.012171268463134766 0.04736924171447754
1 0.8437647819519043 0.5146471858024597 0.006021857261657715 0.03157952427864075
0 0.5309303402900696 0.5324106216430664 0.014638423919677734 0.018503546714782715
1 0.882744312286377 0.6394853591918945 0.041612446308135986 0.12557882070541382
0 0.6220503449440002 0.5407989621162415 0.02927684783935547 0.028618931770324707
1 0.3348742723464966 0.5649769902229309 0.019408226013183594 0.06069183349609375
1 0.30855804681777954 0.6044514179229736 0.03223738074302673 0.1115151047706604
1 0.4789976477622986 0.5858654975891113 0.029232114553451538 0.08617347478866577
1 0.9391611814498901 0.5525515675544739 0.01578974723815918 0.065132737159729
1 0.3729388117790222 0.5626506805419922 0.01578974723815918 0.06795203685760498
0 0.5279697775840759 0.5166208744049072 0.01414501667022705 0.0212174654006958
0 0.17237144708633423 0.5560952425003052 0.018421366810798645 0.022204339504241943
0 0.15131843090057373 0.5630033016204834 0.029605790972709656 0.023684680461883545
1 0.9192777276039124 0.5511061549186707 0.021710872650146484 0.07050561904907227
1 0.9922783374786377 0.5713907480239868 0.01544332504272461 0.09161311388015747
1 0.8483700752258301 0.6518206596374512 0.045724451541900635 0.1766478419303894
0 0.2980315089225769 0.5422792434692383 0.03486904501914978 0.02368462085723877
0 0.47731080651283264 0.5371806621551514 0.011513352394104004 0.017270028591156006
1 0.35825979709625244 0.540305495262146 0.010526508092880249 0.01578974723815918
0 0.47204774618148804 0.5240223407745361 0.021710902452468872 0.031086087226867676
0 0.5023114085197449 0.5264894962310791 0.007565945386886597 0.011348903179168701
1 0.3499313294887543 0.56843101978302 0.019408226013183594 0.06064695119857788
1 0.6704064607620239 0.5245157480239868 0.009906888008117676 0.01578974723815918
0 0.5349805951118469 0.5223569869995117 0.009971380233764648 0.010978877544403076
1 0.8067244291305542 0.5432990193367004 0.01287299394607544 0.05434298515319824
0 0.49474549293518066 0.5407989025115967 0.0190792977809906 0.022697746753692627
1 0.20987209677696228 0.5886616110801697 0.015131846070289612 0.061185240745544434
0 0.5184301137924194 0.5279697775840759 0.007565915584564209 0.012829184532165527
1 0.6619997620582581 0.5265990495681763 0.007967948913574219 0.014912426471710205
1 0.7944217920303345 0.5447463989257812 0.011184453964233398 0.04934293031692505
1 0.3829014301300049 0.5560952425003052 0.010526508092880249 0.03157949447631836
0 0.4228130578994751 0.5348775386810303 0.028398603200912476 0.019407272338867188
1 0.13289706408977509 0.6236951351165771 0.02763206511735916 0.15296322107315063
0 0.040461234748363495 0.5743521451950073 0.031250543892383575 0.027632057666778564
1 0.27646005153656006 0.6413881778717041 0.043092936277389526 0.14401119947433472
0 0.4657978117465973 0.5393186807632446 0.019737541675567627 0.02417808771133423
1 0.3325716257095337 0.6439257264137268 0.03157952427864075 0.1440814733505249
1 0.40099385380744934 0.6350439786911011 0.04046124219894409 0.16431206464767456
0 0.5128379464149475 0.5250091552734375 0.008552789688110352 0.011348903179168701
1 0.4384945034980774 0.6024776697158813 0.04506656527519226 0.08783048391342163
0 0.48948246240615845 0.5250091552734375 0.012609541416168213 0.011348903179168701
1 0.47402530908584595 0.5771188735961914 0.02098962664604187 0.06010681390762329
1 0.3513219356536865 0.636030912399292 0.03223741054534912 0.15888434648513794
1 0.3598747253417969 0.5639901161193848 0.011842310428619385 0.05575758218765259
0 0.5074102878570557 0.5310044288635254 0.013256847858428955 0.014445245265960693
0 0.11612045019865036 0.565963864326477 0.0250004380941391 0.020724058151245117
0 0.878131628036499 0.8397263288497925 0.24373674392700195 0.32054734230041504
0 0.48767298460006714 0.5366048216819763 0.014638364315032959 0.01652991771697998
1 0.19726435840129852 0.5960626602172852 0.01781788468360901 0.08708947896957397
1 0.7335654497146606 0.5412923693656921 0.010526478290557861 0.04638242721557617
0 0.4595475196838379 0.5279697775840759 0.009539633989334106 0.008388280868530273
0 0.4703790843486786 0.5337851047515869 0.013299167156219482 0.01744633913040161
0 0.2766495943069458 0.5467201471328735 0.02138194441795349 0.016776621341705322
1 0.19680023193359375 0.6621257066726685 0.0458003431558609 0.1427718997001648
