1 0.34079545736312866 0.49342969059944153 0.007236987352371216 0.019737184047698975
0 0.5041211247444153 0.48010575771331787 0.010691434144973755 0.012337088584899902
1 0.8292908668518066 0.5195814371109009 0.03717166185379028 0.07154732942581177
1 0.17927944660186768 0.5067523121833801 0.010526493191719055 0.015789777040481567
0 0.4079018831253052 0.4954034090042114 0.03519797325134277 0.041448116302490234
1 0.2845444679260254 0.5018180012702942 0.014473944902420044 0.038980960845947266
0 0.5526412725448608 0.500831127166748 0.01578974723815918 0.027632087469100952
0 0.6069185137748718 0.4924428462982178 0.10526502132415771 0.15789750218391418
1 0.13980507850646973 0.531423807144165 0.023026704788208008 0.06266552209854126
1 0.19671396911144257 0.5067522525787354 0.011842310428619385 0.022697746753692627
1 0.679617166519165 0.5185946226119995 0.01644766330718994 0.07154729962348938
0 0.4741624593734741 0.4780626893043518 0.011043399572372437 0.012335747480392456
0 0.1881611943244934 0.5383317470550537 0.0710538774728775 0.05822473764419556
0 0.7417892813682556 0.6019842624664307 0.13552868366241455 0.15345662832260132
1 0.39638853073120117 0.531423807144165 0.0190792977809906 0.07154732942581177
0 0.2674388885498047 0.4924428462982178 0.00822383165359497 0.012335747480392456
0 0.44836312532424927 0.4786267876625061 0.008223801851272583 0.012335747480392456
0 0.5167032480239868 0.48121726512908936 0.011842310428619385 0.01924377679824829
1 0.33750590682029724 0.531423807144165 0.017763495445251465 0.07154732942581177
0 0.5552728772163391 0.5092194080352783 0.01019752025604248 0.03750067949295044
0 0.5299906134605408 0.4882838726043701 0.02152276039123535 0.021147102117538452
0 0.4577711820602417 0.47833073139190674 0.012829184532165527 0.01697400212287903
0 0.8792917132377625 0.6848803758621216 0.24079370498657227 0.2782943844795227
1 0.292439341545105 0.4944165349006653 0.004605323076248169 0.013815999031066895
0 0.42221131920814514 0.486644983291626 0.012829184532165527 0.022204339504241943
1 0.32368987798690796 0.5324106216430664 0.020395100116729736 0.06957361102104187
0 0.44277089834213257 0.48158738017082214 0.009210675954818726 0.010855436325073242
1 0.3445236086845398 0.4914560317993164 0.007675617933273315 0.03355321288108826
1 0.30033421516418457 0.500831127166748 0.010526508092880249 0.030592650175094604
0 0.4881664514541626 0.47393855452537537 0.011842340230941772 0.019984543323516846
0 0.4345470666885376 0.482326865196228 0.011513084173202515 0.011594921350479126
1 0.37994086742401123 0.488495409488678 0.005921155214309692 0.017763465642929077
0 0.5434305667877197 0.5023114681243896 0.01019752025604248 0.016776621341705322
