0 0.503298282623291 0.4963902533054352 0.014802902936935425 0.01776343584060669
0 0.4940875768661499 0.4978705644607544 0.0055921971797943115 0.013816028833389282
1 0.9698632955551147 0.5616875886917114 0.020614326000213623 0.09424465894699097
1 0.0960543155670166 0.5087260007858276 0.022368811070919037 0.05575752258300781
1 0.7598817348480225 0.5047785639762878 0.01578974723815918 0.07056045532226562
1 0.19671396911144257 0.5284631848335266 0.02631625533103943 0.07056042551994324
1 0.4361918568611145 0.4919491410255432 0.005921155214309692 0.019243478775024414
0 0.5898129940032959 0.4984089136123657 0.02081376314163208 0.047414183616638184
1 0.4297542870044708 0.48638084530830383 0.013252198696136475 0.03101593255996704
1 0.6789592504501343 0.4993508458137512 0.013815999031066895 0.061678677797317505
0 0.2917814254760742 0.6044963002204895 0.14901578426361084 0.1549818515777588
1 0.49112701416015625 0.4944165349006653 0.010526478290557861 0.04687580466270447
0 0.49310073256492615 0.5581271648406982 0.10493606328964233 0.04957526922225952
1 0.5267845392227173 0.5253041386604309 0.0184212327003479 0.07766410708427429
1 0.9356036186218262 0.5592020750045776 0.01381605863571167 0.10115307569503784
0 0.4838900566101074 0.47644996643066406 0.014802902936935425 0.030969828367233276
1 0.5207327604293823 0.5245157480239868 0.02631622552871704 0.06759986281394958
0 0.5118508338928223 0.4771465063095093 0.007236957550048828 0.009868592023849487
1 0.3171108067035675 0.5047785639762878 0.019079267978668213 0.038980960845947266
0 0.534548819065094 0.47023850679397583 0.018421411514282227 0.017763465642929077
0 0.6206248998641968 0.5023114681243896 0.047382891178131104 0.04804772138595581
0 0.4639279544353485 0.4835352897644043 0.03793364763259888 0.06269136071205139
1 0.9260030388832092 0.5590558052062988 0.020263314247131348 0.10115307569503784
1 0.5213906764984131 0.48750853538513184 0.005263268947601318 0.014802873134613037
1 0.56843101978302 0.4944165349006653 0.005263268947601318 0.019737213850021362
1 0.18322688341140747 0.5146471261978149 0.02236880362033844 0.0537838339805603
1 0.17204248905181885 0.48948225378990173 0.015131846070289612 0.022697746753692627
1 0.16349029541015625 0.49441656470298767 0.014473840594291687 0.015296399593353271
1 0.4786267876625061 0.500831127166748 0.0190792977809906 0.03552696108818054
1 0.14217346906661987 0.5039891004562378 0.021974071860313416 0.052599579095840454
1 0.3342163562774658 0.5146471858024597 0.0190792977809906 0.05279698967933655
0 0.4940876066684723 0.533890962600708 0.07894879579544067 0.03404659032821655
1 0.7756714820861816 0.5590558052062988 0.0325663685798645 0.11102169752120972
1 0.5063362717628479 0.47258955240249634 0.0032895803451538086 0.011900395154953003
0 0.4523482322692871 0.7270644307136536 0.26346978545188904 0.3638111352920532
1 0.20526742935180664 0.5025556683540344 0.017104879021644592 0.05871403217315674
0 0.6078506112098694 0.4948278069496155 0.0362396240234375 0.04983636736869812
1 0.34847164154052734 0.4802718162536621 0.010526508092880249 0.023026496171951294
0 0.5105352401733398 0.4924428462982178 0.005592226982116699 0.009868592023849487
0 0.5529701709747314 0.4924428164958954 0.022039830684661865 0.027632057666778564
1 0.5500096082687378 0.5353711843490601 0.022368788719177246 0.09325820207595825
1 0.512179970741272 0.48948225378990173 0.005263268947601318 0.014802873134613037
1 0.2648072838783264 0.49417009949684143 0.009786456823348999 0.04329913854598999
1 0.5032997131347656 0.48553481698036194 0.005263268947601318 0.00871652364730835
1 0.37928295135498047 0.5353711843490601 0.02631622552871704 0.08240276575088501
1 0.8227117657661438 0.5439238548278809 0.02368462085723877 0.09753474593162537
0 0.5335619449615479 0.4895234704017639 0.010197579860687256 0.012335747480392456
1 0.44342881441116333 0.4924428164958954 0.005263268947601318 0.022697746753692627
1 0.9826106429100037 0.500831127166748 0.009809017181396484 0.009688585996627808
0 0.5309303998947144 0.48553481698036194 0.011842310428619385 0.015296339988708496
1 0.31590431928634644 0.5153050422668457 0.020395100116729736 0.04555991291999817
1 0.5105823278427124 0.4889184236526489 0.005263268947601318 0.018045693635940552
1 0.184542715549469 0.4924428462982178 0.013158127665519714 0.023684650659561157
1 0.6772205829620361 0.49307727813720703 0.010996460914611816 0.04088425636291504
0 0.5417858362197876 0.4939231276512146 0.010197579860687256 0.024671465158462524
0 0.5299434661865234 0.46777135133743286 0.026645183563232422 0.013816028833389282
0 0.6090571284294128 0.5699113011360168 0.09111952781677246 0.10288047790527344
1 0.7809346914291382 0.4993508458137512 0.019079267978668213 0.053783804178237915
0 0.5023114085197449 0.46629106998443604 0.031250566244125366 0.02072402834892273
0 0.49112701416015625 0.4769350290298462 0.004605352878570557 0.009868592023849487
0 0.12870293855667114 0.6890738010406494 0.2574058771133423 0.37796664237976074
1 0.21579325199127197 0.5274763107299805 0.02927681803703308 0.10312682390213013
1 0.9426696300506592 0.5590558052062988 0.02324622869491577 0.10246914625167847
1 0.0026316249277442694 0.5037916898727417 0.005263249855488539 0.01381605863571167
0 0.5279697775840759 0.48010706901550293 0.009210705757141113 0.01085546612739563
0 0.39704814553260803 0.5092194080352783 0.11622720956802368 0.059211552143096924
0 0.500619649887085 0.47968414425849915 0.00822383165359497 0.010855436325073242
0 0.28521350026130676 0.5144018530845642 0.1241840273141861 0.06414762139320374
