0 0.32204508781433105 0.5023114085197449 0.025987297296524048 0.030592650175094604
1 0.914162278175354 0.599272608757019 0.05608642101287842 0.1756652593612671
0 0.8414621353149414 0.4954034090042114 0.011842310428619385 0.022204309701919556
1 0.7559149265289307 0.5941473841667175 0.03877776861190796 0.1890706717967987
0 0.9401479959487915 0.5931024551391602 0.11875206232070923 0.12138372659683228
0 0.35066401958465576 0.4993508458137512 0.01940825581550598 0.024671465158462524
0 0.41053348779678345 0.48701512813568115 0.00822383165359497 0.009868592023849487
0 0.9511680603027344 0.496143639087677 0.06694203615188599 0.03380003571510315
0 0.14967365562915802 0.5118509531021118 0.022697746753692627 0.032237350940704346
0 0.4030773639678955 0.4944164752960205 0.018092483282089233 0.020724058151245117
1 0.772135317325592 0.588168203830719 0.015543103218078613 0.16813623905181885
0 0.36809855699539185 0.5023114085197449 0.025987297296524048 0.02911233901977539
0 0.9170303344726562 0.5644835233688354 0.1659393310546875 0.10806113481521606
0 0.2194117307662964 0.5047785639762878 0.014802888035774231 0.020724058151245117
0 0.9786355495452881 0.5047785639762878 0.0424349308013916 0.02220436930656433
0 0.41415196657180786 0.47023850679397583 0.0055921971797943115 0.006908029317855835
0 0.9961435794830322 0.4771465063095093 0.007712900638580322 0.030592620372772217
0 0.7674475908279419 0.4954034090042114 0.014802873134613037 0.024671465158462524
0 0.12533114850521088 0.5131669044494629 0.03782961517572403 0.03602033853530884
0 0.8727126121520996 0.5190880298614502 0.07565921545028687 0.046875834465026855
0 0.9059368968009949 0.5023114085197449 0.053619384765625 0.027632087469100952
0 0.16612133383750916 0.5127556324005127 0.04062572121620178 0.03700718283653259
0 0.8644888401031494 0.4954034090042114 0.016447603702545166 0.005427718162536621
0 0.9740301966667175 0.6241885423660278 0.051645636558532715 0.09819251298904419
0 0.8431068658828735 0.488495409488678 0.013815999031066895 0.015296310186386108
1 0.7246837615966797 0.5452398061752319 0.006907999515533447 0.061185240745544434
0 0.2786232829093933 0.5131668448448181 0.025987297296524048 0.04144808650016785
0 0.19474025070667267 0.5077391266822815 0.03125053644180298 0.036020368337631226
0 0.3809277415275574 0.52303546667099 0.04243496060371399 0.04983639717102051
0 0.03133278340101242 0.5768193006515503 0.06266556680202484 0.2477017343044281
0 0.5700757503509521 0.5353711843490601 0.31382128596305847 0.49096256494522095
0 0.2381620705127716 0.5807667374610901 0.14342357218265533 0.18750330805778503
0 0.30888697504997253 0.5190880298614502 0.0480271577835083 0.05378386378288269
1 0.7868558764457703 0.6128396987915039 0.04506659507751465 0.19737190008163452
0 0.2227012664079666 0.5047785639762878 0.01842138171195984 0.0246715247631073
1 0.7391576766967773 0.577312707901001 0.028947830200195312 0.153950035572052
1 0.725670576095581 0.638498067855835 0.013487100601196289 0.16677922010421753
0 0.41294586658477783 0.4924428462982178 0.0087718665599823 0.013816028833389282
0 0.3817830979824066 0.4942191243171692 0.012039661407470703 0.011743515729904175
