0 0.488495409488678 0.5477069616317749 0.006579071283340454 0.005921125411987305
0 0.4996797740459442 0.5565885305404663 0.014144957065582275 0.01529628038406372
0 0.5243512392044067 0.5605361461639404 0.012500226497650146 0.025164902210235596
0 0.5177721977233887 0.5575755834579468 0.008552789688110352 0.01776343584060669
0 0.47040295600891113 0.5526412725448608 0.005263239145278931 0.006907999515533447
0 0.46645551919937134 0.5521478056907654 0.00822383165359497 0.010362029075622559
1 0.25460970401763916 0.5664572715759277 0.006250113248825073 0.009375154972076416
0 0.537838339805603 0.5634967088699341 0.02401357889175415 0.028618931770324707
0 0.45987647771835327 0.553134560585022 0.009210675954818726 0.011348843574523926
0 0.5095484256744385 0.5491872429847717 0.006907999515533447 0.007401466369628906
0 0.480929434299469 0.5486937165260315 0.006908029317855835 0.007401466369628906
0 0.4763241112232208 0.5521477460861206 0.00789487361907959 0.008881747722625732
0 0.10723872482776642 0.5866879224777222 0.11184407025575638 0.04983639717102051
0 0.4957323670387268 0.5467200875282288 0.005263239145278931 0.0049343109130859375
0 0.1190810278058052 0.6473797559738159 0.1210547536611557 0.10065960884094238
0 0.2667809724807739 0.5955696105957031 0.07269863784313202 0.05329042673110962
