0 0.8151458501815796 0.5250091552734375 0.053948283195495605 0.029112398624420166
0 0.45231056213378906 0.5195814371109009 0.020066112279891968 0.018750369548797607
0 0.7937638759613037 0.5126734375953674 0.016776621341705322 0.009868621826171875
1 0.02253345213830471 0.6261621117591858 0.029934551566839218 0.08018231391906738
0 0.04745148867368698 0.5664572715759277 0.09490297734737396 0.1075676679611206
0 0.7488617897033691 0.520568311214447 0.025329411029815674 0.03157949447631836
1 0.008306060917675495 0.5993525981903076 0.01661212183535099 0.12385082244873047
0 0.7226003408432007 0.5042303204536438 0.11966580152511597 0.04632759094238281
0 0.8672847151756287 0.528956949710846 0.06842207908630371 0.0365138053894043
0 0.7730398178100586 0.5126734375953674 0.033224284648895264 0.01578974723815918
0 0.4286259412765503 0.533890962600708 0.031250566244125366 0.03996783494949341
1 0.28493955731391907 0.6707680225372314 0.06184273958206177 0.24276632070541382
0 0.35090333223342896 0.5439388751983643 0.03768002986907959 0.047593533992767334
0 0.9088975191116333 0.500831127166748 0.07796186208724976 0.04884955286979675
0 0.3019789457321167 0.5319172143936157 0.0460534393787384 0.019737184047698975
0 0.6815909147262573 0.5205683708190918 0.03947436809539795 0.033059895038604736
0 0.30877748131752014 0.5513253211975098 0.05614125728607178 0.058717966079711914
0 0.3903358280658722 0.5334961414337158 0.03125053644180298 0.03799408674240112
0 0.10378535091876984 0.6114084720611572 0.1390153169631958 0.1313508152961731
0 0.7917901277542114 0.5077391862869263 0.012500226497650146 0.006907999515533447
0 0.972705602645874 0.5087260007858276 0.05458873510360718 0.027138590812683105
0 0.21568384766578674 0.5437594652175903 0.09868578612804413 0.050823211669921875
0 0.7681711912155151 0.5374435782432556 0.04710608720779419 0.04648101329803467
0 0.5434305667877197 0.5126734375953674 0.012500226497650146 0.012829184532165527
0 0.31809765100479126 0.5205683708190918 0.054606229066848755 0.016776621341705322
0 0.3590523600578308 0.5257493257522583 0.03223744034767151 0.02911233901977539
0 0.4684292674064636 0.5215551853179932 0.012500196695327759 0.012829184532165527
