0 0.5447463989257812 0.5215551853179932 0.012829124927520752 0.02368462085723877
0 0.5105352401733398 0.5109517574310303 0.004605352878570557 0.012335717678070068
2 0.035280223935842514 0.605438232421875 0.07056044787168503 0.15987122058868408
1 0.5036271810531616 0.5166208744049072 0.004605352878570557 0.020230650901794434
0 0.42237579822540283 0.5215551853179932 0.04144808650016785 0.06463932991027832
0 0.4444156587123871 0.5116865634918213 0.02401357889175415 0.036020368337631226
0 0.8611992597579956 0.5985301733016968 0.14342355728149414 0.1253311038017273
0 0.5626201629638672 0.5139909982681274 0.025439143180847168 0.04638266563415527
0 0.5187590718269348 0.5077391266822815 0.01578974723815918 0.02615174651145935
0 0.4618501663208008 0.5171142816543579 0.022039860486984253 0.027632057666778564
0 0.35066401958465576 0.5299434661865234 0.05888262391090393 0.0883239209651947
1 0.7582370042800903 0.5412923693656921 0.00822383165359497 0.05427730083465576
1 0.06019841879606247 0.5822470188140869 0.029934730380773544 0.12039685249328613
0 0.5003377199172974 0.5077391862869263 0.009210705757141113 0.016776621341705322
0 0.0031250547617673874 0.5975433588027954 0.006250109523534775 0.03848755359649658
1 0.7431051135063171 0.5437594652175903 0.010526537895202637 0.04835611581802368
0 0.542772650718689 0.5062588453292847 0.03125053644180298 0.04983639717102051
0 0.48948222398757935 0.5200748443603516 0.022039860486984253 0.027632057666778564
0 0.4746793508529663 0.5161274671554565 0.006579071283340454 0.012335717678070068
1 0.7950797080993652 0.5482003688812256 0.018750309944152832 0.06661301851272583
1 0.7358681559562683 0.5437595248222351 0.013487100601196289 0.05970501899719238
0 0.4921138882637024 0.503298282623291 0.008223801851272583 0.008388280868530273
1 0.6126759052276611 0.522300124168396 0.009376168251037598 0.0325663685798645
1 0.753631591796875 0.5482003688812256 0.00822383165359497 0.04046124219894409
1 0.2692112326622009 0.5485990643501282 0.010591208934783936 0.054870009422302246
1 0.9713985919952393 0.607905387878418 0.026974141597747803 0.15641719102859497
0 0.45066577196121216 0.5240223407745361 0.0055921971797943115 0.013815999031066895
0 0.4444156885147095 0.52303546667099 0.004605323076248169 0.013815999031066895
0 0.47369250655174255 0.5092194080352783 0.004605352878570557 0.016776621341705322
1 0.9812672138214111 0.620241105556488 0.033882200717926025 0.15543031692504883
0 0.48125842213630676 0.5077391266822815 0.01644766330718994 0.023684591054916382
0 0.4039544463157654 0.537838339805603 0.044079720973968506 0.05526411533355713
0 0.46645551919937134 0.5077391862869263 0.013816028833389282 0.01924377679824829
0 0.5069167613983154 0.5092194080352783 0.005592226982116699 0.008388340473175049
0 0.5631677508354187 0.5284632444381714 0.01019752025604248 0.024671494960784912
0 0.5802740454673767 0.5261626243591309 0.026755332946777344 0.04243522882461548
0 0.380927711725235 0.5185946226119995 0.01578974723815918 0.02615177631378174
0 0.5621808767318726 0.52303546667099 0.01644766330718994 0.03305983543395996
1 0.653958797454834 0.5181012153625488 0.00822383165359497 0.028125464916229248
0 0.526324987411499 0.5161274671554565 0.006579041481018066 0.022204339504241943
