0 0.778961181640625 0.5264894962310791 0.018091976642608643 0.02088773250579834
0 0.33717694878578186 0.49836400151252747 0.022697746753692627 0.0325663685798645
0 0.13191020488739014 0.4924428164958954 0.0386616587638855 0.019737184047698975
1 0.47984111309051514 0.500603437423706 0.012778609991073608 0.01783931255340576
0 0.6227090358734131 0.5077389478683472 0.03125053644180298 0.020723849534988403
0 0.22138544917106628 0.46974503993988037 0.011513352394104004 0.004440873861312866
0 0.8147488236427307 0.509814977645874 0.013294219970703125 0.010072827339172363
1 0.165134459733963 0.4863569140434265 0.004934176802635193 0.02023044228553772
0 0.2154642939567566 0.4998442828655243 0.027632057666778564 0.035526931285858154
0 0.5404700040817261 0.5210617780685425 0.045724451541900635 0.0310860276222229
0 0.10460709035396576 0.5037916898727417 0.05032982677221298 0.02713865041732788
0 0.03223740682005882 0.4978458285331726 0.04212247580289841 0.02861890196800232
0 0.021414821967482567 0.5789902210235596 0.042829643934965134 0.0523030161857605
0 0.6582351922988892 0.5189894437789917 0.03223741054534912 0.028323113918304443
0 0.2536228597164154 0.5210617184638977 0.03980332612991333 0.04687580466270447
0 0.4227047562599182 0.5496806502342224 0.049342960119247437 0.07105386257171631
0 0.14248688519001007 0.4875336289405823 0.039753131568431854 0.0249558687210083
0 0.7664607763290405 0.518101155757904 0.010526537895202637 0.028618931770324707
0 0.34276914596557617 0.6046488285064697 0.10362023115158081 0.11398226022720337
0 0.07204073667526245 0.570898175239563 0.08914629369974136 0.06118530035018921
0 0.7493551969528198 0.5225420594215393 0.041777074337005615 0.04539552330970764
0 0.9306083917617798 0.5256147980690002 0.05154109001159668 0.062059998512268066
0 0.8523169159889221 0.5074920654296875 0.05312502384185791 0.044901132583618164
0 0.05329040437936783 0.5551084280014038 0.09967279434204102 0.05822473764419556
0 0.120150126516819 0.7899808883666992 0.240300253033638 0.39721089601516724
1 0.4111914038658142 0.5111931562423706 0.011513352394104004 0.030099183320999146
0 0.1881611943244934 0.5264894962310791 0.042763903737068176 0.03848749399185181
0 0.6918982863426208 0.5123450756072998 0.03963875770568848 0.03626745939254761
0 0.7445849776268005 0.5052716732025146 0.01940786838531494 0.016282469034194946
0 0.4937586486339569 0.5921156406402588 0.12072581052780151 0.06266558170318604
0 0.2116485834121704 0.4766530990600586 0.0057896822690963745 0.008388310670852661
0 0.6560641527175903 0.49096253514289856 0.051316678524017334 0.03848749399185181
0 0.19967442750930786 0.4727056324481964 0.015131846070289612 0.018915116786956787
0 0.7125123739242554 0.5037916898727417 0.008552730083465576 0.009868592023849487
0 0.006085632834583521 0.5437595248222351 0.012171265669167042 0.022697806358337402
0 0.1595422625541687 0.6019842624664307 0.15098948776721954 0.1268114447593689
0 0.895410418510437 0.5037916898727417 0.03223741054534912 0.015789717435836792
0 0.2384910136461258 0.4781333804130554 0.007565915584564209 0.022697776556015015
0 0.8934279680252075 0.6360308527946472 0.21314412355422974 0.19201445579528809
0 0.11677835881710052 0.4810939431190491 0.017105557024478912 0.0212174654006958
0 0.09112001955509186 0.48701512813568115 0.032237403094768524 0.02417805790901184
0 0.22796452045440674 0.4741859436035156 0.011513367295265198 0.019242793321609497
0 0.13191020488739014 0.4727056622505188 0.013158127665519714 0.011348873376846313
0 0.7009991407394409 0.5565886497497559 0.1111862063407898 0.06414586305618286
1 0.35432949662208557 0.4712253510951996 0.006062150001525879 0.0212174654006958
0 0.06569665670394897 0.4880019724369049 0.010526500642299652 0.019737184047698975
0 0.2401357889175415 0.5866879224777222 0.08172143995761871 0.0950203537940979
0 0.2217145711183548 0.48079848289489746 0.01631617546081543 0.020625799894332886
1 0.17270039021968842 0.4781333804130554 0.0055921971797943115 0.02121749520301819
1 0.9013315439224243 0.5023114085197449 0.009539663791656494 0.019737213850021362
0 0.2982708215713501 0.4724366068840027 0.004545539617538452 0.011348903179168701
0 0.30296581983566284 0.46974506974220276 0.010526508092880249 0.012829184532165527
0 0.14557668566703796 0.482305109500885 0.036184847354888916 0.019737213850021362
0 0.7109498977661133 0.4954034090042114 0.030263662338256836 0.0212174654006958
0 0.04597120359539986 0.49096256494522095 0.03208937495946884 0.02417805790901184
0 0.721723198890686 0.5166208744049072 0.022697746753692627 0.027138590812683105
0 0.596392035484314 0.5353711843490601 0.07697504758834839 0.05575758218765259
0 0.26579412817955017 0.500831127166748 0.05888260900974274 0.07401442527770996
0 0.07854239642620087 0.4825742244720459 0.009539641439914703 0.01047813892364502
0 0.9931830167770386 0.7144861817359924 0.013634026050567627 0.042928338050842285
0 0.36645376682281494 0.5778061747550964 0.0730275809764862 0.09375166893005371
0 0.2194117307662964 0.46974503993988037 0.010526493191719055 0.005921155214309692
0 0.6437612771987915 0.5264894962310791 0.04079020023345947 0.03404664993286133
0 0.4861927032470703 0.7482959628105164 0.2247670590877533 0.2776232957839966
0 0.08552780747413635 0.4727056622505188 0.023684628307819366 0.008388310670852661
0 0.4809296131134033 0.5575753450393677 0.10164651274681091 0.11792972683906555
0 0.30855804681777954 0.4727056324481964 0.014144986867904663 0.017270028591156006
0 0.08232054859399796 0.4766530990600586 0.019079282879829407 0.009498566389083862
0 0.10362023115158081 0.4766530692577362 0.016118697822093964 0.014309465885162354
0 0.34671658277511597 0.5393186807632446 0.10822558403015137 0.05575758218765259
