0 0.5740231871604919 0.6523140668869019 0.03223741054534912 0.012335717678070068
0 0.052385784685611725 0.6676104068756104 0.10477156937122345 0.15296322107315063
0 0.8033035397529602 0.6567549109458923 0.2365173101425171 0.24671483039855957
0 0.33125579357147217 0.6444191932678223 0.05888259410858154 0.033059775829315186
0 0.4977060556411743 0.6537943482398987 0.02861890196800232 0.010855436325073242
0 0.17927944660186768 0.6192542314529419 0.12335743010044098 0.07302755117416382
0 0.06003394350409508 0.636030912399292 0.12006788700819016 0.12977200746536255
0 0.9135028123855591 0.6153068542480469 0.03223741054534912 0.059211552143096924
0 0.3046095371246338 0.6380056142807007 0.0422707200050354 0.04144853353500366
0 0.25658345222473145 0.6276425719261169 0.06250110268592834 0.06611955165863037
