0 0.5792864561080933 0.5215551853179932 0.011184453964233398 0.038980960845947266
0 0.3884936571121216 0.5215551853179932 0.031250566244125366 0.016776561737060547
0 0.6088922023773193 0.5299434661865234 0.04243499040603638 0.05279695987701416
0 0.4881664514541626 0.48430103063583374 0.022039860486984253 0.026891976594924927
0 0.561851978302002 0.5092194676399231 0.005592167377471924 0.023684650659561157
0 0.45658695697784424 0.5062588453292847 0.01282915472984314 0.02368462085723877
0 0.4437577724456787 0.5353711843490601 0.05263251066207886 0.05970495939254761
0 0.37730923295021057 0.5743521451950073 0.08848839998245239 0.0942450761795044
0 0.49079805612564087 0.5077391266822815 0.023026704788208008 0.023684591054916382
0 0.5697469115257263 0.5128376483917236 0.006579041481018066 0.017599165439605713
0 0.43915241956710815 0.5037916898727417 0.019408226013183594 0.008388340473175049
0 0.5138248205184937 0.4939231276512146 0.011184394359588623 0.01085546612739563
0 0.8933457136154175 0.7085649967193604 0.21330857276916504 0.23783308267593384
0 0.3404664993286133 0.5491872429847717 0.04243496060371399 0.05378389358520508
0 0.49902188777923584 0.488495409488678 0.007236957550048828 0.006908029317855835
0 0.4713898301124573 0.5023114681243896 0.00822383165359497 0.01924377679824829
0 0.40033596754074097 0.5299434661865234 0.027632087469100952 0.03602033853530884
0 0.4177704453468323 0.5215551853179932 0.02138194441795349 0.02911233901977539
0 0.9825829863548279 0.5314237475395203 0.013815999031066895 0.07056042551994324
0 0.4539552927017212 0.5047785639762878 0.01282915472984314 0.008388280868530273
0 0.476982057094574 0.4993508458137512 0.010197550058364868 0.013816028833389282
0 0.5736942291259766 0.5106997489929199 0.01578974723815918 0.03602033853530884
0 0.5986948013305664 0.5210615396499634 0.039309918880462646 0.050576627254486084
0 0.4786267876625061 0.49688369035720825 0.01118442416191101 0.015296339988708496
1 0.6575772762298584 0.5067523121833801 0.010526478290557861 0.04490211606025696
0 0.5009956359863281 0.4954034090042114 0.025987297296524048 0.013816028833389282
0 0.574681282043457 0.5161272287368774 0.011842310428619385 0.027632057666778564
0 0.46020543575286865 0.4993508458137512 0.015789777040481567 0.02911233901977539
0 0.5876748561859131 0.5126731991767883 0.02713865041732788 0.03947439789772034
0 0.508232593536377 0.48553481698036194 0.01381605863571167 0.016776621341705322
0 0.47040295600891113 0.5047785639762878 0.006579071283340454 0.019243717193603516
0 0.4723767042160034 0.500831127166748 0.01118442416191101 0.020724058151245117
0 0.5184301137924194 0.4924428462982178 0.01019752025604248 0.012335747480392456
0 0.5358646512031555 0.4840545058250427 0.023026704788208008 0.04983636736869812
0 0.03996780514717102 0.565963864326477 0.07993561029434204 0.201812744140625
0 0.9049500226974487 0.5131668448448181 0.13848930597305298 0.07598814368247986
0 0.5552728772163391 0.4978705644607544 0.013815999031066895 0.016776591539382935
0 0.5582334995269775 0.5015711188316345 0.014802873134613037 0.01998397707939148
0 0.6052737236022949 0.4939231276512146 0.00822383165359497 0.01085546612739563
0 0.5536280870437622 0.4973769783973694 0.01578974723815918 0.02220436930656433
0 0.5736942291259766 0.5065053701400757 0.02401357889175415 0.03379985690116882
0 0.3671116828918457 0.52303546667099 0.033224284648895264 0.013815999031066895
0 0.4325733780860901 0.5062588453292847 0.013816028833389282 0.005427718162536621
1 0.5884971618652344 0.4919493794441223 0.0029605627059936523 0.005427747964859009
0 0.9815961122512817 0.49688369035720825 0.014802873134613037 0.030592650175094604
