1 0.6049814224243164 0.49057868123054504 0.008589208126068115 0.020230591297149658
0 0.7148151397705078 0.500831127166748 0.01184237003326416 0.010855436325073242
0 0.5751742124557495 0.48898762464523315 0.01381605863571167 0.017763465642929077
1 0.6825777292251587 0.4973771274089813 0.00822383165359497 0.011348903179168701
0 0.6871830821037292 0.5245157480239868 0.041448116302490234 0.04983639717102051
0 0.5572459697723389 0.4754190444946289 0.011184394359588623 0.015296339988708496
0 0.45296844840049744 0.4771465063095093 0.011842310428619385 0.01924377679824829
0 0.5812602043151855 0.5077391862869263 0.030592620372772217 0.033059775829315186
0 0.491784930229187 0.4608633518218994 0.006579071283340454 0.009868592023849487
1 0.25888609886169434 0.5210617780685425 0.01578974723815918 0.05625098943710327
1 0.47369250655174255 0.4998442530632019 0.007565915584564209 0.025658339262008667
1 0.31974244117736816 0.48750853538513184 0.004605352878570557 0.011348903179168701
0 0.4473762512207031 0.48158738017082214 0.014802873134613037 0.022204339504241943
0 0.52303546667099 0.48158735036849976 0.056250959634780884 0.05526408553123474
0 0.468758225440979 0.46234363317489624 0.010197550058364868 0.013816028833389282
0 0.5276408195495605 0.5047785639762878 0.025000452995300293 0.02911233901977539
0 0.7187625765800476 0.5329040288925171 0.04967188835144043 0.055264174938201904
0 0.30263686180114746 0.5037916898727417 0.054277271032333374 0.03157946467399597
0 0.7602150440216064 0.5388246774673462 0.07154911756515503 0.07475537061691284
0 0.021052999421954155 0.6764920949935913 0.04210599884390831 0.10806107521057129
0 0.5588913559913635 0.4786267876625061 0.007236957550048828 0.016776591539382935
0 0.4825742244720459 0.460863322019577 0.009210675954818726 0.010855436325073242
1 0.3062553405761719 0.48750853538513184 0.004605323076248169 0.00789487361907959
0 0.5644835829734802 0.48158738017082214 0.01578974723815918 0.01924377679824829
0 0.43915241956710815 0.48701509833335876 0.017434537410736084 0.020724058151245117
0 0.5674441456794739 0.4840545058250427 0.01644766330718994 0.017763465642929077
0 0.5516543984413147 0.4731990694999695 0.007236957550048828 0.015296339988708496
0 0.6271276473999023 0.5059799551963806 0.054806411266326904 0.053183168172836304
0 0.7480394244194031 0.4993508458137512 0.007236957550048828 0.017763495445251465
0 0.4417840540409088 0.48553478717803955 0.01578974723815918 0.017763465642929077
0 0.449349969625473 0.4840545058250427 0.00822383165359497 0.019243746995925903
0 0.8875155448913574 0.5338909029960632 0.1825689673423767 0.20625361800193787
1 0.13585764169692993 0.5269829034805298 0.02401357889175415 0.09029760956764221
1 0.684551477432251 0.4944165349006653 0.0029606223106384277 0.00789487361907959
0 0.45658695697784424 0.4648107588291168 0.017434507608413696 0.027632057666778564
0 0.4944165349006653 0.4648107886314392 0.010197550058364868 0.013816028833389282
0 0.531259298324585 0.4579027593135834 0.009210705757141113 0.005427718162536621
0 0.054688457399606705 0.8529255986213684 0.10937691479921341 0.2941488027572632
1 0.34309810400009155 0.4998442530632019 0.00822383165359497 0.030592650175094604
1 0.45494216680526733 0.5023114681243896 0.00822383165359497 0.02713865041732788
1 0.46195918321609497 0.4980340600013733 0.007565945386886597 0.025658339262008667
0 0.311057984828949 0.5958662033081055 0.12487074732780457 0.12394958734512329
