0 0.16772733628749847 0.538825273513794 0.019949883222579956 0.011842310428619385
0 0.745972752571106 0.5564090013504028 0.03148919343948364 0.024178028106689453
0 0.6727091073989868 0.5457332134246826 0.008552730083465576 0.011842310428619385
0 0.6036289930343628 0.5388252139091492 0.00789487361907959 0.00789487361907959
0 0.3440849781036377 0.5447463989257812 0.024671494960784912 0.011842310428619385
0 0.32204508781433105 0.5427967309951782 0.023997515439987183 0.01574152708053589
0 0.10098861157894135 0.5407989025115967 0.014473937451839447 0.011842310428619385
0 0.5315882563591003 0.5817536115646362 0.0424349308013916 0.048849523067474365
0 0.20493778586387634 0.538825273513794 0.01743452250957489 0.011842310428619385
0 0.656590461730957 0.5457332134246826 0.011769115924835205 0.01567995548248291
0 0.0029605780728161335 0.7292890548706055 0.005921156145632267 0.08190935850143433
0 0.491784930229187 0.5995171070098877 0.06579065322875977 0.07006698846817017
0 0.9674510955810547 0.5565887093544006 0.017434537410736084 0.01578974723815918
0 0.6233661770820618 0.5700153112411499 0.012864351272583008 0.03518950939178467
0 0.1575685441493988 0.5477069616317749 0.0325663685798645 0.011842310428619385
0 0.6867968440055847 0.5495443344116211 0.02037191390991211 0.024841129779815674
0 0.30066317319869995 0.5418077707290649 0.017434507608413696 0.015767812728881836
0 0.5927588939666748 0.6345725059509277 0.097026526927948 0.13668006658554077
1 0.1368442177772522 0.5738591551780701 0.013816595077514648 0.021215319633483887
0 0.5947472453117371 0.541950523853302 0.010526537895202637 0.0029605627059936523
0 0.6011712551116943 0.553686261177063 0.049498021602630615 0.025164902210235596
0 0.3917831778526306 0.570898175239563 0.051316678524017334 0.04292839765548706
0 0.6094622611999512 0.5817536115646362 0.040592968463897705 0.04871773719787598
0 0.07171177864074707 0.5484961271286011 0.03500034660100937 0.016677796840667725
0 0.12763381004333496 0.5457332134246826 0.05527909845113754 0.01578974723815918
0 0.7142657041549683 0.5497905015945435 0.016703426837921143 0.016776621341705322
0 0.6108659505844116 0.5398120880126953 0.008552789688110352 0.003947436809539795
0 0.7944217920303345 0.6992158889770508 0.27969682216644287 0.29309725761413574
0 0.42796802520751953 0.5447463989257812 0.02138194441795349 0.010855495929718018
0 0.27204424142837524 0.6883344054222107 0.24145159125328064 0.22747111320495605
0 0.6753407716751099 0.5477069616317749 0.00789487361907959 0.011842310428619385
0 0.5648125410079956 0.5526412725448608 0.018092453479766846 0.016776621341705322
0 0.38520410656929016 0.6064250469207764 0.06315898895263672 0.07697504758834839
0 0.5924448370933533 0.5718849897384644 0.04605400562286377 0.012830018997192383
