0 0.4477052092552185 0.5156340599060059 0.006579071283340454 0.00592118501663208
0 0.8125141859054565 0.5758324861526489 0.1996745467185974 0.0976991057395935
0 0.44112616777420044 0.5437595248222351 0.029934734106063843 0.031086087226867676
0 0.3121764361858368 0.5388252139091492 0.02401357889175415 0.02911233901977539
0 0.26335984468460083 0.5329040288925171 0.015197604894638062 0.0098685622215271
0 0.38964492082595825 0.5267361998558044 0.013816028833389282 0.012829184532165527
0 0.28355759382247925 0.542772650718689 0.02993476390838623 0.03602039813995361
1 0.20921418070793152 0.540305495262146 0.011513367295265198 0.022697746753692627
0 0.32533466815948486 0.5368515253067017 0.014638572931289673 0.029112398624420166
0 0.1924375742673874 0.6005039215087891 0.20099034905433655 0.11990344524383545
0 0.02269776538014412 0.5496807098388672 0.014473937451839447 0.0098685622215271
0 0.13388392329216003 0.5664572715759277 0.05855366587638855 0.0577312707901001
0 0.07467235624790192 0.5847141742706299 0.0690801590681076 0.054770708084106445
0 0.13585764169692993 0.5388252139091492 0.013816028833389282 0.00789487361907959
0 0.060161761939525604 0.5468298196792603 0.01228095218539238 0.010965168476104736
0 0.05243532359600067 0.5595492720603943 0.014408111572265625 0.005921125411987305
0 0.00855278130620718 0.5595492720603943 0.003947437275201082 0.005921125411987305
0 0.1671081781387329 0.5556018352508545 0.013158127665519714 0.011842310428619385
0 0.475929319858551 0.5195814371109009 0.003421097993850708 0.00592118501663208
0 0.26414936780929565 0.5477069616317749 0.022697776556015015 0.02911233901977539
0 0.05608650669455528 0.6335636973381042 0.11217301338911057 0.1075676679611206
0 0.46882396936416626 0.5225419998168945 0.00789487361907959 0.011842310428619385
0 0.34836122393608093 0.5333975553512573 0.020724058151245117 0.02516496181488037
0 0.20427988469600677 0.5457332134246826 0.029934734106063843 0.011842310428619385
0 0.23947787284851074 0.542772650718689 0.03914541006088257 0.020724058151245117
0 0.03322426602244377 0.5496807098388672 0.008552782237529755 0.011842310428619385
0 0.4977060854434967 0.5195814371109009 0.021053016185760498 0.011842310428619385
0 0.3713220953941345 0.5313251614570618 0.016908198595046997 0.020724058151245117
0 0.41842836141586304 0.5689244270324707 0.06908014416694641 0.06069183349609375
