0 0.49819934368133545 0.5069990158081055 0.007236957550048828 0.02294445037841797
1 0.7371839284896851 0.5304368734359741 0.012500226497650146 0.03848749399185181
0 0.5250091552734375 0.5037916898727417 0.009210646152496338 0.012335747480392456
0 0.5151405930519104 0.503298282623291 0.003618478775024414 0.005427718162536621
0 0.5054914951324463 0.5041206479072571 0.009210705757141113 0.017763495445251465
1 0.7565921545028687 0.5126734375953674 0.008552730083465576 0.03157949447631836
0 0.5710626244544983 0.4993508458137512 0.01184237003326416 0.005427718162536621
1 0.33369892835617065 0.542984127998352 0.021710902452468872 0.07211124897003174
0 0.6467218399047852 0.5047785639762878 0.040461182594299316 0.015296310186386108
1 0.20131930708885193 0.5521478652954102 0.01447393000125885 0.08832389116287231
0 0.6533833742141724 0.5422792434692383 0.04457312822341919 0.04872614145278931
0 0.4838898181915283 0.5098115801811218 0.029605776071548462 0.05852070450782776
0 0.5838918089866638 0.5146471261978149 0.02203989028930664 0.027632057666778564
0 0.6102082133293152 0.5247624516487122 0.026261448860168457 0.03454005718231201
0 0.7111966609954834 0.5575755834579468 0.06381690502166748 0.06513267755508423
1 0.30296581983566284 0.5590558052062988 0.03190845251083374 0.09128445386886597
1 0.4115203619003296 0.5639901161193848 0.03519797325134277 0.08832389116287231
0 0.4723767042160034 0.5422792434692383 0.02138194441795349 0.05526411533355713
0 0.6115238666534424 0.5284631848335266 0.02138197422027588 0.03602039813995361
1 0.810869574546814 0.5531346201896667 0.019079267978668213 0.07154726982116699
1 0.7903646230697632 0.5153051018714905 0.010526478290557861 0.03157949447631836
1 0.7600692510604858 0.5260666012763977 0.01644766330718994 0.0365138053894043
1 0.5944182872772217 0.5018180012702942 0.003947436809539795 0.0049343109130859375
0 0.4687581956386566 0.5176077485084534 0.027632057666778564 0.017763495445251465
1 0.5276408195495605 0.5037916898727417 0.004605352878570557 0.02171093225479126
0 0.5722543001174927 0.5110698342323303 0.01541966199874878 0.022204309701919556
0 0.5996814966201782 0.500831127166748 0.011184394359588623 0.006908029317855835
1 0.45461320877075195 0.5067522525787354 0.008552789688110352 0.024671494960784912
1 0.6121817827224731 0.5649769902229309 0.03980332612991333 0.09523189067840576
0 0.446389377117157 0.5546149611473083 0.059869468212127686 0.0789487361907959
1 0.8470543026924133 0.5235288739204407 0.008552789688110352 0.0365138053894043
0 0.49986785650253296 0.5062588453292847 0.01118442416191101 0.01924377679824829
0 0.5388252139091492 0.5023114085197449 0.01578974723815918 0.02072402834892273
1 0.6963937282562256 0.5037916898727417 0.0098685622215271 0.02171093225479126
0 0.598561704158783 0.5215551853179932 0.017237186431884766 0.030789971351623535
1 0.2687547206878662 0.5590558052062988 0.02697417140007019 0.08832389116287231
1 0.3006632924079895 0.5412923693656921 0.021710902452468872 0.07746851444244385
0 0.5921156406402588 0.5161274671554565 0.025000452995300293 0.02615177631378174
0 0.6327964067459106 0.5332330465316772 0.03684276342391968 0.04835611581802368
1 0.761197566986084 0.5166208744049072 0.014473974704742432 0.0325663685798645
0 0.7233679294586182 0.5644835829734802 0.061843156814575195 0.065132737159729
0 0.6785750985145569 0.5477069616317749 0.04983639717102051 0.05279695987701416
1 0.5480359196662903 0.5639901161193848 0.03519797325134277 0.0902976393699646
0 0.11011558026075363 0.5251324772834778 0.22023116052150726 0.33183106780052185
1 0.9601773023605347 0.564867377281189 0.02993476390838623 0.10367512702941895
0 0.5296145677566528 0.5023114085197449 0.005592167377471924 0.010855436325073242
0 0.5931024551391602 0.5215551853179932 0.0072370171546936035 0.02615177631378174
