0 0.20230618119239807 0.5102062821388245 0.007236972451210022 0.017763495445251465
1 0.33717697858810425 0.4939231276512146 0.0055921971797943115 0.012829184532165527
0 0.518101155757904 0.4786267876625061 0.01578974723815918 0.019243746995925903
0 0.5483648777008057 0.4746793508529663 0.014802873134613037 0.017763465642929077
0 0.5243512392044067 0.4939231276512146 0.00822383165359497 0.004440873861312866
0 0.11315897852182388 0.5262430906295776 0.042269960045814514 0.04490220546722412
1 0.2763206362724304 0.5037916898727417 0.007565915584564209 0.0325663685798645
0 0.5592203140258789 0.4731990694999695 0.011184453964233398 0.015296339988708496
0 0.22368812561035156 0.5047785639762878 0.01644766330718994 0.020724058151245117
0 0.18947699666023254 0.4963902533054352 0.011184409260749817 0.012335717678070068
0 0.5325751304626465 0.4731990694999695 0.01381605863571167 0.012335717678070068
0 0.4904690980911255 0.5023114085197449 0.023026704788208008 0.02368462085723877
0 0.5325751304626465 0.4840545058250427 0.01644766330718994 0.016776591539382935
0 0.01578974910080433 0.5432660579681396 0.031250547617673874 0.0537838339805603
0 0.18388479948043823 0.5062588453292847 0.013816028833389282 0.02368462085723877
0 0.5079036355018616 0.4840545058250427 0.018421411514282227 0.016776591539382935
1 0.41974419355392456 0.4939231276512146 0.007565915584564209 0.02121749520301819
0 0.5648125410079956 0.4692516326904297 0.00822383165359497 0.01381605863571167
0 0.5233644247055054 0.5269829034805298 0.047040313482284546 0.06069183349609375
0 0.5095484256744385 0.503298282623291 0.00822383165359497 0.019243746995925903
1 0.01809242181479931 0.5097128748893738 0.01414498407393694 0.027138620615005493
0 0.542772650718689 0.4786267876625061 0.014802932739257812 0.017763465642929077
0 0.06250109523534775 0.5309303402900696 0.07171177864074707 0.06463930010795593
