0 0.31645292043685913 0.4924428462982178 0.10230442881584167 0.04440867900848389
0 0.6963937282562256 0.5990236401557922 0.1825689673423767 0.18404924869537354
0 0.35066401958465576 0.35822993516921997 0.03519800305366516 0.048356086015701294
0 0.008799496106803417 0.8590611219406128 0.017598992213606834 0.2131616473197937
0 0.5644835233688354 0.46234363317489624 0.05822473764419556 0.07598820328712463
0 0.34507185220718384 0.4746793508529663 0.08585676550865173 0.04835611581802368
0 0.5700757503509521 0.4248429536819458 0.053619384765625 0.07056045532226562
0 0.6283004283905029 0.5407989025115967 0.10625189542770386 0.1174362301826477
0 0.5019824504852295 0.36957883834838867 0.05361935496330261 0.0537838339805603
0 0.2960578203201294 0.49096256494522095 0.06447482109069824 0.03157952427864075
0 0.8266592025756836 0.7016570568084717 0.28882086277008057 0.2975381016731262
0 0.26480725407600403 0.5368515253067017 0.19177965819835663 0.10806110501289368
0 0.446389377117157 0.3651379644870758 0.04967191815376282 0.0537838339805603
