1 0.0034540079068392515 0.5565886497497559 0.006908015813678503 0.0764816403388977
0 0.45099472999572754 0.46629106998443604 0.006579041481018066 0.013816028833389282
0 0.49079805612564087 0.46234363317489624 0.00822383165359497 0.015296310186386108
0 0.4269811511039734 0.4593830406665802 0.01578974723815918 0.015296339988708496
0 0.4611922800540924 0.46777135133743286 0.01381605863571167 0.020724058151245117
0 0.01307588629424572 0.6957358717918396 0.02615177258849144 0.167272686958313
1 0.16826200485229492 0.5235289335250854 0.012829169631004333 0.05353516340255737
1 0.8717257976531982 0.5501741170883179 0.028947889804840088 0.1480288803577423
0 0.5444173812866211 0.5146471261978149 0.020395100116729736 0.04144805669784546
0 0.48717957735061646 0.457902729511261 0.011842310428619385 0.009868592023849487
0 0.4269811511039734 0.5047785639762878 0.011842310428619385 0.013815999031066895
0 0.38750678300857544 0.500831127166748 0.08223825693130493 0.1287851333618164
1 0.1539500653743744 0.5235289335250854 0.00822383165359497 0.04144805669784546
1 0.8556070327758789 0.5871813297271729 0.043421804904937744 0.19638502597808838
0 0.25099122524261475 0.5023114085197449 0.12533114850521088 0.1657923460006714
1 0.833567202091217 0.540305495262146 0.02368462085723877 0.14802893996238708
0 0.44244182109832764 0.4776401221752167 0.02039507031440735 0.02368462085723877
1 0.32171615958213806 0.48553481698036194 0.003289520740509033 0.019737184047698975
0 0.4713898301124573 0.47615963220596313 0.020395100116729736 0.015296310186386108
0 0.33750587701797485 0.5161274671554565 0.025987297296524048 0.05526414513587952
0 0.47599518299102783 0.47023850679397583 0.01644766330718994 0.017763465642929077
0 0.4687581956386566 0.4939231276512146 0.03980332612991333 0.03996780514717102
1 0.32961103320121765 0.4865216612815857 0.00789487361907959 0.02861890196800232
0 0.4539552927017212 0.5605361461639404 0.11809417605400085 0.1174362301826477
1 0.48986557126045227 0.47212889790534973 0.008552789688110352 0.02212280035018921
0 0.491784930229187 0.4648107588291168 0.006579071283340454 0.016776621341705322
1 0.9907980561256409 0.5871813297271729 0.01840388774871826 0.19885218143463135
1 0.13322767615318298 0.540305495262146 0.018750324845314026 0.06414586305618286
0 0.5184301137924194 0.5368515253067017 0.06546163558959961 0.07894876599311829
1 0.5375094413757324 0.4751727879047394 0.004605352878570557 0.01924377679824829
0 0.5092194676399231 0.48010706901550293 0.01940825581550598 0.023684650659561157
0 0.44474461674690247 0.457902729511261 0.020395100116729736 0.016776591539382935
1 0.5322461724281311 0.47171878814697266 0.008552789688110352 0.019737184047698975
1 0.07236968725919724 0.5477069616317749 0.024671483784914017 0.08388304710388184
1 0.9338979125022888 0.4998442828655243 0.018750309944152832 0.0843765139579773
1 0.03750065714120865 0.5565886497497559 0.012829171493649483 0.08042901754379272
1 0.18322688341140747 0.5146471261978149 0.015789762139320374 0.030592620372772217
1 0.33487468957901 0.478132426738739 0.00789487361907959 0.019737184047698975
1 0.4944165349006653 0.4725401997566223 0.005702108144760132 0.023027509450912476
1 0.9181044101715088 0.5612773895263672 0.04687321186065674 0.16603520512580872
0 0.4611922800540924 0.4539552927017212 0.011184394359588623 0.008388310670852661
0 0.5213906764984131 0.4899756908416748 0.025000393390655518 0.017763465642929077
0 0.4269811511039734 0.4633304476737976 0.0055921971797943115 0.009868592023849487
0 0.6825777292251587 0.5215551853179932 0.2805969715118408 0.40806639194488525
1 0.12237239629030228 0.5211598873138428 0.010526493191719055 0.024077892303466797
1 0.11414673179388046 0.540305495262146 0.012829169631004333 0.057237863540649414
1 0.1674371361732483 0.5235288739204407 0.00822383165359497 0.04736921191215515
1 0.8802785873413086 0.5324106216430664 0.033882200717926025 0.14654859900474548
0 0.9094220995903015 0.45518964529037476 0.18115580081939697 0.10929545760154724
1 0.1597622036933899 0.5146471261978149 0.008552789688110352 0.02565830945968628
0 0.423362672328949 0.4648107886314392 0.006579041481018066 0.009868592023849487
0 0.5065878033638 0.4771465063095093 0.019408226013183594 0.024671494960784912
1 0.8266592025756836 0.5531346797943115 0.023026704788208008 0.13519975543022156
1 0.12336026877164841 0.5531325340270996 0.018750324845314026 0.07204073667526245
1 0.02039509266614914 0.540305495262146 0.008552780374884605 0.05625098943710327
1 0.34145334362983704 0.4766530990600586 0.00592118501663208 0.01282915472984314
1 0.8565939664840698 0.4766530692577362 0.020395100116729736 0.03947436809539795
0 0.4687581956386566 0.457902729511261 0.011842310428619385 0.009868592023849487
1 0.05559307709336281 0.5195814371109009 0.008552782237529755 0.040954649448394775
0 0.5111931562423706 0.48701509833335876 0.018421411514282227 0.020724058151245117
