0 0.1516473889350891 0.5412923693656921 0.06644853204488754 0.025658369064331055
1 0.480600506067276 0.5116865634918213 0.00822383165359497 0.036020368337631226
0 0.43208014965057373 0.5040374994277954 0.012500226497650146 0.019737213850021362
0 0.032401882112026215 0.679452657699585 0.06480376422405243 0.17911499738693237
1 0.49277177453041077 0.5042851567268372 0.00822383165359497 0.031086087226867676
0 0.3531312346458435 0.5301892161369324 0.02615201473236084 0.03996765613555908
0 0.2746758460998535 0.5126734375953674 0.0500008761882782 0.028618931770324707
0 0.35592740774154663 0.49984344840049744 0.022697925567626953 0.009868800640106201
0 0.21414849162101746 0.5477069616317749 0.04605342447757721 0.05230355262756348
0 0.3404664993286133 0.5042851567268372 0.012500196695327759 0.011348873376846313
0 0.3478345274925232 0.5371471643447876 0.013289988040924072 0.03996777534484863
0 0.14835786819458008 0.6074119806289673 0.1384892612695694 0.13174575567245483
0 0.42204686999320984 0.5126734375953674 0.01644766330718994 0.03009924292564392
0 0.05493517220020294 0.5837273001670837 0.10493604838848114 0.09967279434204102
0 0.35691413283348083 0.5178536176681519 0.01644766330718994 0.021217763423919678
1 0.7858690023422241 0.5940893888473511 0.0365138053894043 0.15839093923568726
0 0.3427692651748657 0.5018170475959778 0.007237076759338379 0.009868651628494263
0 0.4611922800540924 0.5003377199172974 0.035526931285858154 0.05970495939254761
1 0.5003377199172974 0.5126734375953674 0.009539633989334106 0.03996777534484863
0 0.17927944660186768 0.5259960889816284 0.021381959319114685 0.024671494960784912
1 0.5023114681243896 0.5077391862869263 0.00822383165359497 0.03799408674240112
0 0.4302706718444824 0.5097128748893738 0.007565945386886597 0.027632027864456177
1 0.8394883871078491 0.5876747369766235 0.0424349308013916 0.19145068526268005
0 0.1634896993637085 0.5259960889816284 0.021381959319114685 0.012335717678070068
0 0.21414849162101746 0.5200748443603516 0.010197535157203674 0.012335717678070068
0 0.26842576265335083 0.5536280870437622 0.07138283550739288 0.08338958024978638
0 0.20033246278762817 0.52303546667099 0.023355677723884583 0.015296339988708496
0 0.32977521419525146 0.630355715751648 0.13519981503486633 0.15197652578353882
0 0.3904673457145691 0.5289566516876221 0.05888262391090393 0.08141592144966125
0 0.3233609199523926 0.5289566516876221 0.05296146869659424 0.05329042673110962
