0 0.5868523716926575 0.5353711843490601 0.023026704788208008 0.051316678524017334
0 0.32358020544052124 0.5556018352508545 0.043750762939453125 0.05181008577346802
0 0.6355374455451965 0.5536280870437622 0.0674353837966919 0.07598817348480225
0 0.4723767042160034 0.49096253514289856 0.025000423192977905 0.033059775829315186
0 0.4667844772338867 0.5023114085197449 0.010197550058364868 0.012335747480392456
0 0.5572465658187866 0.5181012749671936 0.00822383165359497 0.030592679977416992
0 0.4309285879135132 0.5146471858024597 0.017434507608413696 0.02368462085723877
1 0.48125842213630676 0.4958969056606293 0.00592118501663208 0.011348903179168701
0 0.3690854012966156 0.579779863357544 0.09309375286102295 0.09128445386886597
0 0.5667862296104431 0.5230354070663452 0.009210705757141113 0.033059775829315186
0 0.4095466434955597 0.5245157480239868 0.026645183563232422 0.037500619888305664
0 0.2055957019329071 0.6518206596374512 0.32007139921188354 0.1618449091911316
0 0.48158735036849976 0.5092194080352783 0.02138194441795349 0.022204339504241943
0 0.24079369008541107 0.5743521451950073 0.07467237114906311 0.051316678524017334
0 0.4825742244720459 0.4939231276512146 0.007236987352371216 0.005427718162536621
0 0.45099472999572754 0.5105352401733398 0.012829184532165527 0.022204339504241943
0 0.34507182240486145 0.5368515253067017 0.02401357889175415 0.020723998546600342
0 0.37401968240737915 0.5261605978012085 0.04024192690849304 0.01924377679824829
0 0.4269811511039734 0.5189647674560547 0.020395100116729736 0.02652186155319214
0 0.4592185616493225 0.505765438079834 0.011184394359588623 0.016776621341705322
0 0.4842190146446228 0.4993508458137512 0.014802902936935425 0.012335747480392456
0 0.5776417255401611 0.5215551853179932 0.026645243167877197 0.046875834465026855
0 0.6121817827224731 0.53964763879776 0.059869468212127686 0.06957364082336426
0 0.4595475196838379 0.5037916898727417 0.013816028833389282 0.016776621341705322
1 0.6871830821037292 0.5162261724472046 0.013487100601196289 0.062172114849090576
0 0.5079858303070068 0.495033323764801 0.014062702655792236 0.012705773115158081
0 0.5759968757629395 0.5263250470161438 0.012829124927520752 0.03996777534484863
0 0.438165545463562 0.5062588453292847 0.02138194441795349 0.03454005718231201
0 0.5931024551391602 0.5279697775840759 0.03980332612991333 0.05822470784187317
0 0.49277180433273315 0.49096250534057617 0.013816028833389282 0.02072402834892273
0 0.449349969625473 0.5106997489929199 0.00822383165359497 0.020724058151245117
0 0.4503368139266968 0.5077391266822815 0.01118442416191101 0.02072402834892273
0 0.52303546667099 0.48701509833335876 0.025000452995300293 0.056744396686553955
0 0.5470490455627441 0.5037916898727417 0.014802932739257812 0.01924377679824829
0 0.5495162010192871 0.5073691606521606 0.01644766330718994 0.023684650659561157
0 0.6069185137748718 0.4978705644607544 0.009210705757141113 0.008388310670852661
0 0.5444173812866211 0.5015712976455688 0.017434537410736084 0.022204339504241943
0 0.5700757503509521 0.5161274671554565 0.028618931770324707 0.041448116302490234
0 0.2868471145629883 0.5743521451950073 0.06085631251335144 0.07056045532226562
0 0.40033596754074097 0.5299434661865234 0.02861890196800232 0.030592620372772217
1 0.6000105142593384 0.49491000175476074 0.007565915584564209 0.013322591781616211
