0 0.7131704092025757 0.536358118057251 0.019079267978668213 0.019737184047698975
0 0.4384945034980774 0.5551084280014038 0.01315811276435852 0.01529628038406372
0 0.36086156964302063 0.5694178342819214 0.02335566282272339 0.02368462085723877
0 0.5875102877616882 0.5551084280014038 0.013158082962036133 0.01628321409225464
0 0.30336135625839233 0.5676419138908386 0.007302790880203247 0.01095426082611084
0 0.49724602699279785 0.554023265838623 0.015789777040481567 0.016086280345916748
0 0.4556000828742981 0.560042679309845 0.02138194441795349 0.02368462085723877
0 0.37401971220970154 0.5639901161193848 0.00822383165359497 0.012335717678070068
0 0.9949922561645508 0.5363580584526062 0.010015547275543213 0.013322591781616211
0 0.46810030937194824 0.5560952425003052 0.017105549573898315 0.02368462085723877
0 0.4181824326515198 0.555848240852356 0.009210556745529175 0.006043672561645508
0 0.8133378028869629 0.5425266027450562 0.05559307336807251 0.03503352403640747
0 0.42204684019088745 0.5447463989257812 0.01315811276435852 0.01628321409225464
0 0.4769820272922516 0.5506675243377686 0.011513352394104004 0.016283154487609863
0 0.869085431098938 0.6177740097045898 0.2618291974067688 0.20082587003707886
0 0.765144944190979 0.5343843698501587 0.020723998546600342 0.015296339988708496
0 0.8049483299255371 0.5279697179794312 0.020723998546600342 0.011348903179168701
1 0.795737624168396 0.5255025625228882 0.005263268947601318 0.019737184047698975
0 0.7302759289741516 0.5333974957466125 0.02138197422027588 0.02368462085723877
0 0.6134976148605347 0.5373449325561523 0.01842135190963745 0.011348843574523926
1 0.9852145910263062 0.6799461245536804 0.02927684783935547 0.22056305408477783
0 0.4496789276599884 0.5486937761306763 0.008881747722625732 0.006414592266082764
0 0.5697468519210815 0.5551084280014038 0.02401357889175415 0.02171093225479126
0 0.4838900566101074 0.5526412725448608 0.00493428111076355 0.013322591781616211
1 0.8019881844520569 0.5245163440704346 0.00789487361907959 0.019984543323516846
0 0.5194169878959656 0.5536280870437622 0.01907932758331299 0.024671494960784912
0 0.4289548695087433 0.5560952425003052 0.00822383165359497 0.012335717678070068
0 0.5085615515708923 0.5447463989257812 0.004276394844055176 0.003947436809539795
0 0.40691500902175903 0.5921156406402588 0.06710642576217651 0.08338963985443115
0 0.49718958139419556 0.5511612892150879 0.013815999031066895 0.013322651386260986
0 0.4954034090042114 0.5560952425003052 0.01644766330718994 0.018750309944152832
0 0.4769820272922516 0.5560952425003052 0.008881747722625732 0.016283154487609863
