0 0.7769873142242432 0.5264894962310791 0.01611870527267456 0.01578974723815918
0 0.34276914596557617 0.5052720308303833 0.02861890196800232 0.03848749399185181
0 0.13191020488739014 0.4924428164958954 0.03898090869188309 0.019737184047698975
1 0.48717957735061646 0.4998442828655243 0.011513352394104004 0.019737184047698975
0 0.6190897822380066 0.5097128748893738 0.031250596046447754 0.027138620615005493
0 0.8072509765625 0.5166208744049072 0.027632057666778564 0.025658369064331055
1 0.165134459733963 0.48553481698036194 0.00657905638217926 0.0212174654006958
0 0.22138544917106628 0.4939231276512146 0.02269776165485382 0.032566338777542114
0 0.5404700040817261 0.5210617780685425 0.045724451541900635 0.0310860276222229
0 0.10065965354442596 0.5037916898727417 0.05032982677221298 0.02417808771133423
0 0.5868523716926575 0.5250091552734375 0.06447482109069824 0.030099213123321533
0 0.03223740682005882 0.4983639717102051 0.043750762939453125 0.02861890196800232
0 0.021957620978355408 0.6133331060409546 0.043915241956710815 0.11940997838973999
0 0.6576429605484009 0.5195814371109009 0.03125053644180298 0.029507219791412354
0 0.2516491413116455 0.5151405930519104 0.037829622626304626 0.028618931770324707
0 0.2888208329677582 0.5467200875282288 0.09671221673488617 0.07105386257171631
0 0.1421523541212082 0.48736634850502014 0.04008767753839493 0.024704933166503906
0 0.7638291120529175 0.5166208744049072 0.015131831169128418 0.024178028106689453
0 0.34276914596557617 0.6034644842147827 0.10362023115158081 0.11398226022720337
0 0.07204073667526245 0.5822470188140869 0.08914629369974136 0.08684360980987549
0 0.725670576095581 0.5279697775840759 0.05032980442047119 0.05427730083465576
0 0.9306083917617798 0.5250091552734375 0.05032980442047119 0.05970495939254761
0 0.8536333441734314 0.5049758553504944 0.05460631847381592 0.04401305317878723
0 0.07031372934579849 0.832818329334259 0.14062745869159698 0.33436334133148193
1 0.4368497431278229 0.5067523121833801 0.008552789688110352 0.02121749520301819
0 0.19276653230190277 0.5264894962310791 0.04079020023345947 0.035526931285858154
0 0.6904726028442383 0.5166208744049072 0.03881645202636719 0.045395493507385254
1 0.01611870341002941 0.5097128748893738 0.008552782237529755 0.030099183320999146
0 0.7473815083503723 0.5111931562423706 0.021710872650146484 0.030099183320999146
0 0.4937586486339569 0.5921156406402588 0.12072581052780151 0.06266558170318604
0 0.2123393416404724 0.4766530990600586 0.006085529923439026 0.006908029317855835
0 0.6562614440917969 0.4880019426345825 0.05329042673110962 0.038487523794174194
0 0.20033246278762817 0.47249412536621094 0.014285996556282043 0.017270058393478394
0 0.7121835350990295 0.5023114085197449 0.008552789688110352 0.005921125411987305
0 0.1575685441493988 0.610964298248291 0.1567792296409607 0.15010124444961548
0 0.8963972330093384 0.5052720308303833 0.033224284648895264 0.015789777040481567
0 0.23750415444374084 0.47566622495651245 0.010526508092880249 0.0212174654006958
0 0.8936746120452881 0.6399781703948975 0.21265071630477905 0.19342440366744995
0 0.7901453971862793 0.5111931562423706 0.009539604187011719 0.024178028106689453
0 0.11776521801948547 0.47961366176605225 0.017105557024478912 0.0212174654006958
0 0.08794017136096954 0.48602819442749023 0.032237403094768524 0.022697776556015015
0 0.22821129858493805 0.47159552574157715 0.0063325464725494385 0.017886996269226074
0 0.13388392329216003 0.46974503993988037 0.009539633989334106 0.009868592023849487
0 0.5983657240867615 0.5610295534133911 0.13191020488739014 0.06414580345153809
1 0.3552693724632263 0.4712253510951996 0.005592226982116699 0.0212174654006958
0 0.06616656482219696 0.4880019724369049 0.010526500642299652 0.019737184047698975
0 0.2401357889175415 0.5866879224777222 0.0805935263633728 0.09671217203140259
0 0.2220432311296463 0.47507423162460327 0.01611870527267456 0.014901459217071533
1 0.17270039021968842 0.4781333804130554 0.0055921971797943115 0.02121749520301819
1 0.8993578553199768 0.500831127166748 0.005592226982116699 0.011348843574523926
0 0.29737362265586853 0.46974503993988037 0.003947436809539795 0.011348873376846313
0 0.30296581983566284 0.4712253510951996 0.007565915584564209 0.01578974723815918
0 0.14638414978981018 0.4810939431190491 0.03628160059452057 0.019737184047698975
0 0.7102097868919373 0.4954034090042114 0.030263662338256836 0.0212174654006958
0 0.04572448506951332 0.48997563123703003 0.03199067711830139 0.023437857627868652
0 0.4167836010456085 0.5422792434692383 0.06447482109069824 0.06266558170318604
0 0.26579412817955017 0.49096256494522095 0.05888260900974274 0.05822470784187317
0 0.2401357889175415 0.48652178049087524 0.003552570939064026 0.02417805790901184
0 0.07820868492126465 0.481464147567749 0.009169600903987885 0.009868592023849487
0 0.9931830167770386 0.7144861817359924 0.013634026050567627 0.045395493507385254
0 0.36645376682281494 0.5778061151504517 0.06940910220146179 0.09523195028305054
0 0.6401427984237671 0.5264894962310791 0.04473763704299927 0.0325663685798645
0 0.4861927032470703 0.7484275698661804 0.22489866614341736 0.2768995761871338
0 0.08750152587890625 0.4727056622505188 0.024671487510204315 0.009868592023849487
0 0.480600506067276 0.5565887093544006 0.10164648294448853 0.11852172017097473
0 0.3095448911190033 0.4727056324481964 0.014144957065582275 0.017270028591156006
0 0.0825672298669815 0.4766530990600586 0.01907927542924881 0.008388310670852661
0 0.10362023115158081 0.4766530692577362 0.016118697822093964 0.014309465885162354
0 0.08750153332948685 0.5452398061752319 0.10921244323253632 0.04983639717102051
