0 0.4595727324485779 0.6313614845275879 0.12016880512237549 0.11842310428619385
0 0.2631624937057495 0.5822470188140869 0.07467237114906311 0.059211552143096924
0 0.026645202189683914 0.5985301733016968 0.05230354517698288 0.07746845483779907
0 0.37994086742401123 0.6000105142593384 0.09572535753250122 0.09128451347351074
0 0.22352363169193268 0.5696645379066467 0.03223741054534912 0.03799402713775635
0 0.021135238930583 0.5630033016204834 0.042270477861166 0.022204339504241943
0 0.012829171493649483 0.6454060077667236 0.025658342987298965 0.10362023115158081
0 0.17763468623161316 0.5546150207519531 0.030263692140579224 0.022204339504241943
0 0.18684537708759308 0.5699113011360168 0.06611958146095276 0.046875834465026855
0 0.3174397647380829 0.5905117988586426 0.07755064964294434 0.06611961126327515
