0 0.3417823016643524 0.5210617780685425 0.017105579376220703 0.01628321409225464
0 0.376487672328949 0.5188395977020264 0.009539872407913208 0.010362029075622559
0 0.4743503928184509 0.5097128748893738 0.012500196695327759 0.018750309944152832
0 0.39342793822288513 0.5146471261978149 0.012500226497650146 0.01529628038406372
0 0.3822435140609741 0.5166208744049072 0.0055921971797943115 0.008388280868530273
0 0.40362548828125 0.5136603116989136 0.0055921971797943115 0.012335777282714844
0 0.4207310676574707 0.5087260007858276 0.0055921971797943115 0.007401466369628906
0 0.1940823495388031 0.5931024551391602 0.13388390839099884 0.12878519296646118
0 0.44145509600639343 0.5136603116989136 0.009539663791656494 0.011348843574523926
2 0.5103722810745239 0.5227870345115662 0.00822383165359497 0.031086087226867676
0 0.42007315158843994 0.5097128748893738 0.0055921971797943115 0.010362029075622559
0 0.38569867610931396 0.5183459520339966 0.007565706968307495 0.011348545551300049
0 0.35263776779174805 0.5146471261978149 0.010197550058364868 0.012335717678070068
0 0.6315900087356567 0.5551084280014038 0.13191020488739014 0.08240276575088501
0 0.3651379644870758 0.5190880298614502 0.012500226497650146 0.014309406280517578
0 0.4542842507362366 0.5200749039649963 0.012500196695327759 0.015296339988708496
0 0.47007402777671814 0.5333974957466125 0.028289973735809326 0.03207290172576904
0 0.4921138882637024 0.5126734375953674 0.01085546612739563 0.013322591781616211
0 0.4631659984588623 0.509712815284729 0.007565915584564209 0.006414592266082764
0 0.4536263644695282 0.5190880298614502 0.012500226497650146 0.016283154487609863
0 0.42763906717300415 0.5097128748893738 0.007565915584564209 0.007401466369628906
0 0.4282969832420349 0.5200749039649963 0.01315811276435852 0.016283154487609863
0 0.9880841970443726 0.5496806502342224 0.023831605911254883 0.03404664993286133
0 0.41119205951690674 0.5188392400741577 0.017763465642929077 0.024671494960784912
0 0.44704729318618774 0.5136603116989136 0.004605352878570557 0.010855436325073242
0 0.4358628988265991 0.5166208744049072 0.012500226497650146 0.016283154487609863
0 0.7069202661514282 0.5343843698501587 0.05690884590148926 0.033059775829315186
0 0.6457350254058838 0.5067523121833801 0.00822383165359497 0.010362029075622559
0 0.5766547918319702 0.5116865634918213 0.012500226497650146 0.006414592266082764
0 0.46810030937194824 0.5166208744049072 0.012500196695327759 0.0049343109130859375
0 0.5125710368156433 0.5218231678009033 0.009346246719360352 0.009890615940093994
0 0.580275297164917 0.5143982172012329 0.017105817794799805 0.010362684726715088
0 0.3309268355369568 0.5126734375953674 0.012500226497650146 0.010362029075622559
0 0.4592185616493225 0.5126734375953674 0.010855436325073242 0.010362029075622559
0 0.7082360982894897 0.5126734375953674 0.054277241230010986 0.018750309944152832
