0 0.41130101680755615 0.5620163679122925 0.049342960119247437 0.059211552143096924
0 0.5043673515319824 0.5296968221664429 0.014473974704742432 0.01541966199874878
0 0.4993508458137512 0.5220485925674438 0.003947407007217407 0.008881747722625732
0 0.24539902806282043 0.6439257264137268 0.1536211222410202 0.1593778133392334
0 0.47062230110168457 0.5973788499832153 0.08519887924194336 0.11464017629623413
0 0.37977638840675354 0.5560952425003052 0.030921578407287598 0.03898090124130249
0 0.4514881670475006 0.5320405960083008 0.01866811513900757 0.022204339504241943
0 0.47402143478393555 0.5274763107299805 0.009210675954818726 0.010362029075622559
1 0.7848821878433228 0.6503403186798096 0.02730315923690796 0.0863502025604248
0 0.5075746774673462 0.5625098347663879 0.03486904501914978 0.04983639717102051
0 0.4916204512119293 0.51859450340271 0.012500226497650146 0.02565842866897583
1 0.7626779675483704 0.5992704033851624 0.0379941463470459 0.13766705989837646
