0 0.6822484731674194 0.5894017219543457 0.1111859679222107 0.10855436325073242
0 0.36250633001327515 0.5215551853179932 0.03782960772514343 0.05674442648887634
0 0.9617679119110107 0.8536334037780762 0.07646411657333374 0.2131616473197937
1 0.30230802297592163 0.5166209936141968 0.0067983269691467285 0.020230591297149658
1 0.49112701416015625 0.5136603116989136 0.0049343109130859375 0.015296339988708496
0 0.0884883925318718 0.6212279796600342 0.12269951403141022 0.13569319248199463
0 0.3404664993286133 0.5284632444381714 0.05065879225730896 0.056744396686553955
0 0.5931024551391602 0.531423807144165 0.05164569616317749 0.056744396686553955
0 0.4243495464324951 0.5146471858024597 0.01118442416191101 0.02911233901977539
0 0.26283353567123413 0.5215551853179932 0.025000423192977905 0.03454005718231201
0 0.08355411142110825 0.534483015537262 0.05684309080243111 0.06444191932678223
0 0.6098791360855103 0.5422792434692383 0.0690801739692688 0.06759989261627197
0 0.4049413204193115 0.5146471858024597 0.03421112895011902 0.038980960845947266
1 0.3194134831428528 0.508232593536377 0.0049343109130859375 0.012829184532165527
0 0.027138633653521538 0.6434322595596313 0.054277267307043076 0.15098947286605835
0 0.549351692199707 0.5119335055351257 0.02960580587387085 0.03305980563163757
0 0.3174397647380829 0.5422792434692383 0.057237863540649414 0.06069183349609375
0 0.5358646512031555 0.5131669044494629 0.01019752025604248 0.023684680461883545
