0 0.40296757221221924 0.5506675243377686 0.025987297296524048 0.035033464431762695
0 0.5421147346496582 0.5353711843490601 0.01019752025604248 0.010362029075622559
0 0.4713898301124573 0.5343843698501587 0.007565915584564209 0.010362029075622559
0 0.45856064558029175 0.5477069616317749 0.029605776071548462 0.03799408674240112
0 0.3151370882987976 0.579779863357544 0.06381690502166748 0.07006698846817017
0 0.4358628988265991 0.5373449325561523 0.008881747722625732 0.010362029075622559
0 0.4454025328159332 0.5373449325561523 0.0062500834465026855 0.011348843574523926
0 0.4384945034980774 0.5289566516876221 0.01085546612739563 0.013322651386260986
0 0.45783647894859314 0.5290560722351074 0.009276747703552246 0.003947436809539795
0 0.5016534924507141 0.5753390192985535 0.06940910220146179 0.08338963985443115
0 0.5046141147613525 0.5343843698501587 0.013816028833389282 0.007401466369628906
0 0.7062623500823975 0.5220485925674438 0.050000905990600586 0.012335717678070068
0 0.12204161286354065 0.5713915824890137 0.012500226497650146 0.012335777282714844
0 0.6480376720428467 0.5200748443603516 0.008881747722625732 0.009375154972076416
1 0.5505567193031311 0.5426095724105835 0.00789487361907959 0.024178028106689453
0 0.7556053400039673 0.5220485925674438 0.01019752025604248 0.010362029075622559
0 0.5105352401733398 0.531423807144165 0.007565915584564209 0.008388340473175049
0 0.5401409864425659 0.5353711843490601 0.01381605863571167 0.012335717678070068
0 0.4789557456970215 0.5353711843490601 0.010197550058364868 0.013322651386260986
0 0.49474549293518066 0.5333974361419678 0.00822383165359497 0.006414592266082764
0 0.9582404494285583 0.5003377199172974 0.07763290405273438 0.04736927151679993
0 0.4194152355194092 0.5664572715759277 0.04868507385253906 0.05871814489364624
0 0.36776959896087646 0.5990236401557922 0.07138282060623169 0.0804290771484375
0 0.5299434661865234 0.5304369330406189 0.02335566282272339 0.013322591781616211
0 0.7460657358169556 0.5190880298614502 0.019079267978668213 0.015296339988708496
