0 0.4207310676574707 0.5097127556800842 0.015131860971450806 0.020477294921875
0 0.40823084115982056 0.5136603116989136 0.018092423677444458 0.0212174654006958
0 0.7549474239349365 0.4939230978488922 0.026645183563232422 0.022697746753692627
0 0.44145509600639343 0.4983639717102051 0.005592226982116699 0.009868592023849487
0 0.9023184180259705 0.5052720308303833 0.06546163558959961 0.06118530035018921
0 0.4473762512207031 0.49836400151252747 0.011513352394104004 0.011348903179168701
0 0.614484429359436 0.5309303402900696 0.04473763704299927 0.06562614440917969
1 0.6322479248046875 0.5921156406402588 0.035855889320373535 0.15888434648513794
0 0.5746811628341675 0.5111931562423706 0.027632057666778564 0.032566338777542114
0 0.46250808238983154 0.4976238012313843 0.014144986867904663 0.011348873376846313
0 0.9526482820510864 0.7485328316688538 0.09309369325637817 0.22056305408477783
0 0.8717257976531982 0.6646498441696167 0.2098720669746399 0.21365505456924438
0 0.9391611814498901 0.5097128748893738 0.0789487361907959 0.06710639595985413
0 0.372374951839447 0.5225420594215393 0.020066112279891968 0.0212174654006958
0 0.9921960830688477 0.5111931562423706 0.015607774257659912 0.06266558170318604
0 0.47961366176605225 0.5264894962310791 0.03782960772514343 0.04292839765548706
0 0.37994086742401123 0.5195814371109009 0.021710902452468872 0.02417808771133423
0 0.6371822357177734 0.5422792434692383 0.0523034930229187 0.06118530035018921
0 0.5878392457962036 0.5210617780685425 0.021710872650146484 0.035526931285858154
0 0.7740266919136047 0.4954034090042114 0.011513352394104004 0.012829184532165527
0 0.7986981868743896 0.5023114681243896 0.06447482109069824 0.04539555311203003
0 0.980938196182251 0.48553481698036194 0.020066142082214355 0.017270028591156006
0 0.47007399797439575 0.4998442828655243 0.010526508092880249 0.008388340473175049
0 0.3210582733154297 0.5324106216430664 0.04177704453468323 0.035526931285858154
0 0.9696627855300903 0.5195814371109009 0.06067436933517456 0.05822473764419556
0 0.5621808767318726 0.5097128748893738 0.011513352394104004 0.019737154245376587
0 0.6684327721595764 0.5551084280014038 0.06447482109069824 0.07549470663070679
