0 0.4924428462982178 0.5289566516876221 0.020724058151245117 0.02615177631378174
0 0.4384945034980774 0.5146471261978149 0.00789487361907959 0.0098685622215271
0 0.48356109857559204 0.5116865634918213 0.005263268947601318 0.0049343109130859375
0 0.26480725407600403 0.5146471261978149 0.011842310428619385 0.003947436809539795
0 0.4710608720779419 0.5126734375953674 0.005263268947601318 0.0049343109130859375
0 0.4937586188316345 0.5018180012702942 0.002631634473800659 0.0029605627059936523
0 0.4079018831253052 0.5087260007858276 0.003289520740509033 0.003947436809539795
0 0.2773074805736542 0.5146471261978149 0.00789487361907959 0.003947436809539795
0 0.4996798038482666 0.5106997489929199 0.00789487361907959 0.00789487361907959
0 0.47566622495651245 0.5097126960754395 0.00789487361907959 0.011842310428619385
0 0.38980942964553833 0.5106997489929199 0.002631634473800659 0.003947436809539795
0 0.4092177152633667 0.5146471261978149 0.009868592023849487 0.011842310428619385
0 0.3572430908679962 0.5269829034805298 0.027303099632263184 0.031086087226867676
0 0.3167818784713745 0.5087260007858276 0.01118442416191101 0.003947436809539795
0 0.5023114085197449 0.520568311214447 0.009868592023849487 0.012829184532165527
0 0.29539990425109863 0.5368515253067017 0.04046124219894409 0.04588896036148071
0 0.025987297296524048 0.5945827960968018 0.0500008761882782 0.11496907472610474
0 0.3358611464500427 0.5126734972000122 0.008552789688110352 0.003947436809539795
0 0.42796802520751953 0.5329040288925171 0.018092423677444458 0.02319115400314331
0 0.2361883521080017 0.5195814371109009 0.011842325329780579 0.0098685622215271
0 0.4243495464324951 0.5166208744049072 0.009868592023849487 0.009868621826171875
0 0.42171788215637207 0.5368515253067017 0.025987297296524048 0.02713865041732788
0 0.1289496272802353 0.5787930488586426 0.2016482651233673 0.17763465642929077
0 0.37994086742401123 0.5106997489929199 0.00789487361907959 0.003947436809539795
0 0.41448092460632324 0.5077390074729919 0.002631634473800659 0.0029605627059936523
0 0.4496789276599884 0.5126734375953674 0.003289520740509033 0.009868621826171875
0 0.4924428462982178 0.5106997489929199 0.002631634473800659 0.003947436809539795
0 0.3825724720954895 0.5250091552734375 0.02072402834892273 0.02319115400314331
0 0.44507360458374023 0.5185946226119995 0.009868592023849487 0.011842310428619385
0 0.4592185616493225 0.5126734375953674 0.006579041481018066 0.0049343109130859375
0 0.4904690980911255 0.5106997489929199 0.003289550542831421 0.003947436809539795
