0 0.781592607498169 0.5210617780685425 0.011513352394104004 0.01578974723815918
0 0.35230880975723267 0.5151405930519104 0.036184847354888916 0.046875834465026855
0 0.13191020488739014 0.49096256494522095 0.03980332612991333 0.02121749520301819
1 0.4863572120666504 0.4973771274089813 0.012883991003036499 0.019737184047698975
0 0.6200766563415527 0.508232593536377 0.033224284648895264 0.025658369064331055
0 0.21645116806030273 0.46974506974220276 0.004605337977409363 0.014309465885162354
0 0.7569211721420288 0.5309303402900696 0.045724451541900635 0.045395493507385254
1 0.1634896993637085 0.48701512813568115 0.00657905638217926 0.02417805790901184
0 0.22401708364486694 0.4810939431190491 0.018092423677444458 0.02713865041732788
0 0.5556018352508545 0.5067522525787354 0.013158082962036133 0.0044408440589904785
0 0.04375076666474342 0.5037916898727417 0.04934296756982803 0.025658339262008667
0 0.5917866826057434 0.5250091552734375 0.05592203140258789 0.03996783494949341
0 0.03618484362959862 0.4939231276512146 0.037171706557273865 0.025658369064331055
0 0.022533303126692772 0.610619306564331 0.045066606253385544 0.12015002965927124
0 0.6582351922988892 0.517607569694519 0.03125053644180298 0.029112279415130615
0 0.2536228597164154 0.5195814371109009 0.037829622626304626 0.04292839765548706
0 0.14148329198360443 0.48703181743621826 0.04075673967599869 0.02420315146446228
0 0.7654739618301392 0.508232593536377 0.003947436809539795 0.006907999515533447
0 0.34178227186203003 0.6046488285064697 0.10204115509986877 0.11792969703674316
1 0.0825672298669815 0.5225419998168945 0.0115133598446846 0.03996783494949341
0 0.0730275958776474 0.5822470188140869 0.09408058971166611 0.08980417251586914
0 0.5565886497497559 0.5422792434692383 0.10625189542770386 0.07105386257171631
0 0.9306083917617798 0.5235289335250854 0.05032980442047119 0.06026008725166321
0 0.8478769063949585 0.49898064136505127 0.07080686092376709 0.030715912580490112
1 0.46810030937194824 0.5052719712257385 0.007565945386886597 0.025658339262008667
0 0.20888523757457733 0.5151405930519104 0.03223741054534912 0.028618931770324707
0 0.6914594769477844 0.5136603116989136 0.04276394844055176 0.041448116302490234
1 0.05032982677221298 0.5023114085197449 0.008552782237529755 0.024178028106689453
0 0.4937586486339569 0.5891550779342651 0.12072581052780151 0.06710642576217651
0 0.21250379085540771 0.47402119636535645 0.005592212080955505 0.009868592023849487
0 0.6562614440917969 0.48701509833335876 0.051316678524017334 0.03848749399185181
0 0.20258808135986328 0.4718599319458008 0.013158127665519714 0.015366882085800171
0 0.7121835350990295 0.500831127166748 0.008552789688110352 0.008388280868530273
0 0.15830868482589722 0.6107425689697266 0.1555948257446289 0.15098947286605835
0 0.895410418510437 0.5023114085197449 0.033224284648895264 0.01578974723815918
0 0.235283762216568 0.46974506974220276 0.011513367295265198 0.01578974723815918
0 0.892778754234314 0.6372151374816895 0.2142142653465271 0.18740469217300415
0 0.7460658550262451 0.5195814371109009 0.0355265736579895 0.04613572359085083
0 0.12072579562664032 0.47566622495651245 0.017105571925640106 0.019737184047698975
0 0.0750013142824173 0.48553478717803955 0.036184847354888916 0.02417805790901184
0 0.13388392329216003 0.4712253510951996 0.006579071283340454 0.008388280868530273
0 0.2401357889175415 0.5551084280014038 0.1309233456850052 0.06957358121871948
1 0.35674965381622314 0.4730756878852844 0.005345463752746582 0.019737184047698975
0 0.06315898150205612 0.4810938835144043 0.0075658708810806274 0.005921155214309692
0 0.2401357889175415 0.5852075815200806 0.08355410397052765 0.09523195028305054
0 0.2230302095413208 0.4667844772338867 0.013158127665519714 0.009868592023849487
1 0.17063267529010773 0.4796135723590851 0.006579071283340454 0.0212174654006958
1 0.9164633750915527 0.5225420594215393 0.017105519771575928 0.06266558170318604
0 0.29868948459625244 0.4690049886703491 0.006085604429244995 0.01282915472984314
0 0.303952693939209 0.46974506974220276 0.007565915584564209 0.014309465885162354
0 0.14638414978981018 0.4776391386985779 0.036513492465019226 0.017022699117660522
0 0.7091817855834961 0.4952183961868286 0.03026372194290161 0.021587520837783813
0 0.046163078397512436 0.486028254032135 0.0305926576256752 0.021710842847824097
0 0.7207362651824951 0.5151405930519104 0.02171093225479126 0.030099153518676758
0 0.2631624937057495 0.4954034090042114 0.06184320151805878 0.07401445508003235
0 0.23750415444374084 0.4761596918106079 0.008552789688110352 0.022697746753692627
0 0.9939231276512146 0.7144861817359924 0.0121537446975708 0.04983639717102051
0 0.36645376682281494 0.5778061747550964 0.06940910220146179 0.09375166893005371
0 0.6411296129226685 0.5264894962310791 0.045724451541900635 0.03404664993286133
0 0.4861927330493927 0.7444003820419312 0.22356492280960083 0.28088515996932983
0 0.08750152587890625 0.4741859436035156 0.024671487510204315 0.015789777040481567
0 0.480600506067276 0.5565887093544006 0.10164648294448853 0.11546257138252258
0 0.30855804681777954 0.46974506974220276 0.015131860971450806 0.017270028591156006
0 0.08478781580924988 0.47850337624549866 0.022286660969257355 0.015049457550048828
0 0.10362023115158081 0.4741859436035156 0.016118697822093964 0.014309436082839966
