1 0.23158299922943115 0.5023114681243896 0.009539633989334106 0.0325663685798645
0 0.5473780035972595 0.4786267876625061 0.025000452995300293 0.02911236882209778
0 0.5868523716926575 0.4771465063095093 0.021052956581115723 0.024671494960784912
1 0.20230618119239807 0.500831127166748 0.010526493191719055 0.03404664993286133
0 0.5667862296104431 0.5185946226119995 0.02993476390838623 0.04046124219894409
1 0.5345488786697388 0.49688369035720825 0.013158142566680908 0.03009924292564392
1 0.07993561029434204 0.518101155757904 0.014144986867904663 0.059704989194869995
0 0.6016552448272705 0.4731990694999695 0.01381605863571167 0.01924377679824829
0 0.04868506267666817 0.5131669044494629 0.05164564400911331 0.03700724244117737
0 0.6302741765975952 0.4746793508529663 0.01019752025604248 0.01085546612739563
0 0.007565922103822231 0.49639028310775757 0.015131844207644463 0.015296339988708496
0 0.5638256669044495 0.4731990694999695 0.012829184532165527 0.012335717678070068
0 0.5069167613983154 0.5215551853179932 0.04046127200126648 0.041448116302490234
0 0.565799355506897 0.48701509833335876 0.022039830684661865 0.02368462085723877
0 0.5325751304626465 0.48701509833335876 0.02401357889175415 0.020724058151245117
1 0.37599343061447144 0.500831127166748 0.0055921971797943115 0.025658339262008667
0 0.6072474718093872 0.47023850679397583 0.012829184532165527 0.017763465642929077
0 0.6098791360855103 0.5324106216430664 0.054277241230010986 0.06759986281394958
0 0.6181029081344604 0.47023850679397583 0.009210705757141113 0.015296310186386108
0 0.5519833564758301 0.5284631848335266 0.0424349308013916 0.046875834465026855
1 0.7121834754943848 0.5097128748893738 0.01611870527267456 0.05427730083465576
0 0.5806022882461548 0.48158738017082214 0.01842135190963745 0.020724058151245117
0 0.6246819496154785 0.47023850679397583 0.0072370171546936035 0.016776591539382935
0 0.5769838094711304 0.46629106998443604 0.01381605863571167 0.016776591539382935
