1 0.05855365842580795 0.5689244270324707 0.012171268463134766 0.04095470905303955
0 0.32928207516670227 0.5526412725448608 0.010526478290557861 0.025164902210235596
0 0.22006964683532715 0.5768193006515503 0.04177704453468323 0.04095470905303955
0 0.2016482651233673 0.5437595248222351 0.019408226013183594 0.018750309944152832
0 0.3460586965084076 0.548693835735321 0.019408226013183594 0.020724058151245117
0 0.4404682517051697 0.5329040288925171 0.02072402834892273 0.0098685622215271
1 0.6381690502166748 0.5343843698501587 0.006907999515533447 0.012335717678070068
0 0.5062588453292847 0.5625098943710327 0.03454005718231201 0.04292839765548706
0 0.5095483660697937 0.5279697775840759 0.029934734106063843 0.054770708084106445
0 0.900344729423523 0.5195814371109009 0.006579101085662842 0.00592118501663208
0 0.8634109497070312 0.7653094530105591 0.2731780409812927 0.468758225440979
0 0.37007224559783936 0.5486937761306763 0.02072402834892273 0.02319115400314331
0 0.10329127311706543 0.5486937761306763 0.07598816603422165 0.044902145862579346
0 0.9973771572113037 0.533890962600708 0.0052457451820373535 0.01776343584060669
0 0.30855804681777954 0.5738587379455566 0.05394831299781799 0.06463927030563354
0 0.7089763879776001 0.5195196866989136 0.015090763568878174 0.01307588815689087
0 0.3898094594478607 0.542772650718689 0.01611870527267456 0.016776561737060547
0 0.26217561960220337 0.6276425123214722 0.10592290759086609 0.10658079385757446
0 0.4019806981086731 0.5388252139091492 0.010526508092880249 0.009868621826171875
0 0.5960630178451538 0.533890962600708 0.010526478290557861 0.0098685622215271
1 0.3016499876976013 0.5393186807632446 0.005921155214309692 0.011348903179168701
0 0.46448129415512085 0.5358642339706421 0.020066142082214355 0.016283392906188965
0 0.38323038816452026 0.5388252139091492 0.012500226497650146 0.016776561737060547
0 0.38125666975975037 0.5279697179794312 0.011184394359588623 0.014802873134613037
0 0.5960630774497986 0.5225420594215393 0.01809239387512207 0.02615177631378174
1 0.6085633039474487 0.5299434661865234 0.007565915584564209 0.011348903179168701
0 0.5654704570770264 0.5309303402900696 0.05460625886917114 0.09572538733482361
0 0.6500113606452942 0.6074119210243225 0.09112000465393066 0.09967279434204102
0 0.3917831778526306 0.5279697179794312 0.01611870527267456 0.016776621341705322
0 0.5342198610305786 0.5388252139091492 0.02138197422027588 0.031086087226867676
0 0.5967209935188293 0.5674441456794739 0.05657994747161865 0.06661295890808105
0 0.13322602212429047 0.6962293386459351 0.21678011119365692 0.19243758916854858
