0 0.338492751121521 0.5516543388366699 0.03223738074302673 0.05082327127456665
0 0.05263249948620796 0.637511134147644 0.10526499897241592 0.1751675009727478
0 0.4424419403076172 0.5338909029960632 0.014144986867904663 0.028618931770324707
0 0.357901006937027 0.5432660579681396 0.025000452995300293 0.03996783494949341
0 0.38191458582878113 0.533890962600708 0.012829184532165527 0.01381605863571167
0 0.3733617961406708 0.533890962600708 0.012829184532165527 0.01381605863571167
0 0.5516543984413147 0.5422792434692383 0.010526537895202637 0.03700721263885498
0 0.2115168571472168 0.6069185137748718 0.05888260900974274 0.09375166893005371
0 0.5460622310638428 0.5279697775840759 0.037829577922821045 0.0439152717590332
0 0.5277493000030518 0.5294504165649414 0.008881807327270508 0.02417808771133423
0 0.26135343313217163 0.5798619985580444 0.06798353791236877 0.06710642576217651
0 0.5309300422668457 0.5309299230575562 0.007565915584564209 0.029358863830566406
0 0.2957300543785095 0.5685712695121765 0.04924824833869934 0.0598452091217041
0 0.5506675243377686 0.5407989025115967 0.01809239387512207 0.037007272243499756
0 0.5309303402900696 0.5264894962310791 0.011513352394104004 0.02713865041732788
0 0.4838900566101074 0.5146471261978149 0.019408226013183594 0.01924377679824829
0 0.315466046333313 0.5585623979568481 0.04868507385253906 0.0537838339805603
0 0.5003377199172974 0.5580689907073975 0.0634879469871521 0.0439152717590332
0 0.3865199089050293 0.5738587379455566 0.06447479128837585 0.07401442527770996
0 0.4957323670387268 0.6631695032119751 0.13585761189460754 0.17812812328338623
0 0.49112701416015625 0.5407989025115967 0.03782960772514343 0.0325663685798645
0 0.4957323670387268 0.5215551853179932 0.02039507031440735 0.019243717193603516
0 0.11875207722187042 0.6064251065254211 0.14704203605651855 0.1865164041519165
0 0.41803979873657227 0.5434902310371399 0.04446825385093689 0.05346953868865967
0 0.5697467923164368 0.5452398061752319 0.043750762939453125 0.05427730083465576
0 0.4861927032470703 0.5353711843490601 0.024671465158462524 0.0325663685798645
0 0.4480341672897339 0.5284631848335266 0.020395100116729736 0.02911233901977539
0 0.3917831778526306 0.5309303402900696 0.012829184532165527 0.013815999031066895
0 0.5944182872772217 0.5649770498275757 0.05888259410858154 0.06414586305618286
