0 0.41604354977607727 0.558069109916687 0.04473775625228882 0.05452388525009155
0 0.5026403665542603 0.5275998711585999 0.012582510709762573 0.013939380645751953
0 0.49744296073913574 0.5196801424026489 0.006579071283340454 0.008783042430877686
0 0.30115628242492676 0.6222147941589355 0.1180942952632904 0.1310061812400818
0 0.08158037811517715 0.6523140668869019 0.16217388212680817 0.14309459924697876
0 0.4807101786136627 0.5901418924331665 0.07752317190170288 0.10394918918609619
0 0.3924410939216614 0.5486937761306763 0.02072402834892273 0.03355318307876587
0 0.4589444398880005 0.5295323133468628 0.015131860971450806 0.018914759159088135
0 0.47171878814697266 0.5259960293769836 0.009210675954818726 0.010362029075622559
0 0.42171791195869446 0.5250091552734375 0.008552789688110352 0.006414592266082764
0 0.4983639717102051 0.5501741170883179 0.030263662338256836 0.03602033853530884
0 0.4871796667575836 0.5166209936141968 0.014802873134613037 0.02990180253982544
