0 0.4556000828742981 0.5097128748893738 0.005921155214309692 0.00789487361907959
0 0.6088922023773193 0.5279697179794312 0.04473763704299927 0.05082327127456665
0 0.5681020021438599 0.5156340599060059 0.011184394359588623 0.014802873134613037
0 0.4657976031303406 0.5087260007858276 0.02138194441795349 0.011842310428619385
0 0.5062588453292847 0.5106997489929199 0.00789487361907959 0.0098685622215271
0 0.4628830552101135 0.5035096406936646 0.003289550542831421 0.005780518054962158
0 0.15625274181365967 0.5250092148780823 0.02006612718105316 0.01578974723815918
0 0.5674441456794739 0.5486937761306763 0.049342989921569824 0.05082327127456665
0 0.5329040884971619 0.5106997489929199 0.00789487361907959 0.0098685622215271
0 0.48092949390411377 0.5486937761306763 0.04802718758583069 0.052797019481658936
0 0.4743502736091614 0.5047785639762878 0.00789487361907959 0.009868592023849487
0 0.5615229606628418 0.5195814371109009 0.020724058151245117 0.019737184047698975
0 0.5128378868103027 0.5028048753738403 0.00592118501663208 0.005921155214309692
0 0.18355584144592285 0.5259960889816284 0.04046124219894409 0.02713865041732788
0 0.006908015813678503 0.5565886497497559 0.013816031627357006 0.03602033853530884
0 0.8111984133720398 0.5106997489929199 0.0424349308013916 0.016776621341705322
0 0.6986964344978333 0.5067522525787354 0.010526537895202637 0.011842310428619385
