0 0.4512579143047333 0.5023114085197449 0.003947436809539795 0.0029605627059936523
0 0.2666166424751282 0.5037916898727417 0.029112309217453003 0.017270058393478394
0 0.3437560200691223 0.5042851567268372 0.011513352394104004 0.010362029075622559
0 0.4922783374786377 0.5102063417434692 0.006908029317855835 0.010361969470977783
0 0.48520585894584656 0.4973771274089813 0.004276394844055176 0.003947436809539795
0 0.5345488786697388 0.5106997489929199 0.008881747722625732 0.010362029075622559
0 0.266944944858551 0.5109957456588745 0.007829099893569946 0.0063651204109191895
0 0.07335654646158218 0.5087260007858276 0.038487520068883896 0.025658339262008667
0 0.42763906717300415 0.503298282623291 0.006907999515533447 0.003947436809539795
0 0.4836433529853821 0.5049019455909729 0.00610622763633728 0.003762364387512207
0 0.0769750326871872 0.7268218994140625 0.15230530500411987 0.4500078558921814
0 0.18684537708759308 0.5106997489929199 0.027303099632263184 0.017270028591156006
0 0.31461137533187866 0.5052720308303833 0.02190825343132019 0.016085773706436157
0 0.5401409864425659 0.5087260007858276 0.006907999515533447 0.010362029075622559
0 0.03157949820160866 0.4899756908416748 0.06315899640321732 0.0730276107788086
0 0.36250633001327515 0.5042851567268372 0.016447633504867554 0.010362029075622559
0 0.4883309006690979 0.5106997489929199 0.011513352394104004 0.010362029075622559
0 0.5240223407745361 0.5119333267211914 0.011513352394104004 0.014309465885162354
0 0.14473937451839447 0.5087260007858276 0.0460534393787384 0.022697776556015015
0 0.6134975552558899 0.573365330696106 0.06315898895263672 0.06365245580673218
0 0.43783658742904663 0.5116865634918213 0.02138194441795349 0.024671494960784912
0 0.40823084115982056 0.5200749039649963 0.025329381227493286 0.031086087226867676
0 0.38586199283599854 0.4973771274089813 0.025329381227493286 0.024671494960784912
0 0.5161274671554565 0.5087260007858276 0.001973748207092285 0.010362029075622559
0 0.4743503928184509 0.49859896302223206 0.016447633504867554 0.017270028591156006
0 0.5029693245887756 0.5106997489929199 0.009539604187011719 0.010362029075622559
