0 0.383228063583374 0.539071798324585 0.00805962085723877 0.011842310428619385
0 0.39869117736816406 0.5506675243377686 0.03388217091560364 0.028125524520874023
0 0.28158387541770935 0.5447463989257812 0.017105579376220703 0.012829124927520752
0 0.511522114276886 0.5516543984413147 0.05065879225730896 0.02615177631378174
2 0.7516579031944275 0.5462266802787781 0.007236957550048828 0.017763495445251465
0 0.13585764169692993 0.5536280870437622 0.03552693873643875 0.02417808771133423
0 0.4572448432445526 0.5486937761306763 0.05263251066207886 0.030099213123321533
0 0.09704117476940155 0.5486937761306763 0.013158120214939117 0.00592118501663208
0 0.0825672373175621 0.5575755834579468 0.041777048259973526 0.019737184047698975
0 0.8875155448913574 0.5358646512031555 0.005263268947601318 0.009868621826171875
0 0.4302706718444824 0.531423807144165 0.008552759885787964 0.006414592266082764
0 0.18684537708759308 0.5496807098388672 0.05263251066207886 0.028125464916229248
