0 0.20888523757457733 0.5477069616317749 0.10658082365989685 0.11842313408851624
1 0.292768269777298 0.4287903904914856 0.00822383165359497 0.038487523794174194
0 0.28882086277008057 0.48701512813568115 0.06447479128837585 0.08141592144966125
0 0.09778131544589996 0.638498067855835 0.19556263089179993 0.18750327825546265
0 0.3092159628868103 0.39326345920562744 0.01842138171195984 0.022204339504241943
0 0.34869033098220825 0.423362672328949 0.01842138171195984 0.033059775829315186
0 0.3338874280452728 0.39721089601516724 0.03223741054534912 0.022204339504241943
0 0.5878392457962036 0.5585623979568481 0.11579149961471558 0.136680006980896
0 0.32566359639167786 0.4401392936706543 0.051645636558532715 0.062172144651412964
0 0.32204511761665344 0.46234363317489624 0.04046124219894409 0.05230352282524109
1 0.29737362265586853 0.4287903904914856 0.00822383165359497 0.036020368337631226
0 0.2595440149307251 0.5299434661865234 0.04868507385253906 0.08289620280265808
0 0.349677175283432 0.4347115755081177 0.014802873134613037 0.03996780514717102
0 0.3190845251083374 0.4801070988178253 0.01644766330718994 0.0537838339805603
