0 0.9096288681030273 0.8166261315345764 0.1807422637939453 0.35872340202331543
0 0.48586374521255493 0.38339486718177795 0.0865146815776825 0.056744396686553955
0 0.4131651222705841 0.4593830406665802 0.011842310428619385 0.024671494960784912
0 0.3634932041168213 0.46333047747612 0.033224284648895264 0.04292839765548706
0 0.4884953796863556 0.5338909029960632 0.1480289101600647 0.2536228597164154
0 0.8069220185279846 0.6592220664024353 0.19309544563293457 0.18503618240356445
1 0.037171702831983566 0.5126734375953674 0.037171706557273865 0.13519975543022156
0 0.0072369687259197235 0.590635359287262 0.013816030696034431 0.02615177631378174
0 0.5750100612640381 0.4685114920139313 0.04309290647506714 0.059951722621917725
0 0.5611940622329712 0.4416195750236511 0.01381605863571167 0.010855436325073242
0 0.38717782497406006 0.460863322019577 0.02927684783935547 0.04292839765548706
0 0.3118475675582886 0.4539553225040436 0.0690801739692688 0.07993561029434204
0 0.5944182872772217 0.7435985803604126 0.3348742723464966 0.37401968240737915
1 0.4092176854610443 0.43717870116233826 0.004605352878570557 0.017270028591156006
1 0.6708998680114746 0.45691588521003723 0.024671435356140137 0.08832389116287231
0 0.006003394722938538 0.4954034090042114 0.012006789445877075 0.04292836785316467
0 0.3845462203025818 0.46333047747612 0.022039860486984253 0.041448116302490234
1 0.8177775144577026 0.5210617780685425 0.036184847354888916 0.09819251298904419
0 0.9062658548355103 0.5171142816543579 0.13421285152435303 0.08832389116287231
0 0.34869033098220825 0.46629106998443604 0.013816028833389282 0.04539552330970764
0 0.4039544463157654 0.46234363317489624 0.020395100116729736 0.038487523794174194
0 0.38915157318115234 0.4401392936706543 0.010197550058364868 0.01085546612739563
0 0.0643925741314888 0.7598817348480225 0.1287851482629776 0.33109134435653687
