0 0.3854675889015198 0.5034956932067871 0.011118650436401367 0.011348873376846313
0 0.3305978775024414 0.533890962600708 0.03519800305366516 0.03996783494949341
0 0.2934262156486511 0.5407989025115967 0.04572448134422302 0.04144805669784546
0 0.41370028257369995 0.5060123205184937 0.007565915584564209 0.014124393463134766
0 0.4263232350349426 0.5052719712257385 0.01315811276435852 0.01282915472984314
0 0.7559342980384827 0.5852075815200806 0.1463841199874878 0.14358800649642944
0 0.4431007504463196 0.5072458982467651 0.016447603702545166 0.015296399593353271
0 0.08881793916225433 0.5866879224777222 0.05641540139913559 0.06611937284469604
0 0.48158735036849976 0.518101155757904 0.02664521336555481 0.025658369064331055
0 0.12631800770759583 0.5763258934020996 0.0825672298669815 0.06710642576217651
0 0.6916775703430176 0.5661278367042542 0.06798243522644043 0.10773169994354248
0 0.4559290409088135 0.508232593536377 0.01611870527267456 0.012829184532165527
0 0.6230372190475464 0.5368515253067017 0.04177701473236084 0.04687577486038208
