0 0.4398103356361389 0.3118475675582886 0.022039860486984253 0.036020368337631226
0 0.37796714901924133 0.3463876247406006 0.01644766330718994 0.030592650175094604
0 0.3036237359046936 0.4248429536819458 0.06151425838470459 0.07450789213180542
0 0.534548819065094 0.4055992066860199 0.049178123474121094 0.056744396686553955
0 0.6052737236022949 0.5269829034805298 0.09835702180862427 0.11842310428619385
0 0.48586374521255493 0.34490734338760376 0.010197550058364868 0.02615177631378174
0 0.40494129061698914 0.32023584842681885 0.01644766330718994 0.02072402834892273
0 0.5023114085197449 0.3572430908679962 0.031250566244125366 0.03848749399185181
1 0.4477052092552185 0.5388252139091492 0.05361935496330261 0.11743625998497009
0 0.3555985689163208 0.36809855699539185 0.04276368021965027 0.05921158194541931
0 0.5161274671554565 0.380927711725235 0.03848749399185181 0.05526411533355713
0 0.5778055787086487 0.36341041326522827 0.02203989028930664 0.030592650175094604
0 0.3677695393562317 0.3098740577697754 0.006579071283340454 0.015296310186386108
0 0.47928470373153687 0.3365190625190735 0.01644766330718994 0.02072402834892273
0 0.5626739263534546 0.33454567193984985 0.02763277292251587 0.019984424114227295
0 0.572378396987915 0.4746793508529663 0.08552783727645874 0.09917935729026794
0 0.25658345222473145 0.4731990694999695 0.08552780747413635 0.11052823066711426
0 0.4977060854434967 0.34737449884414673 0.03125053644180298 0.03700721263885498
0 0.3753355145454407 0.36415112018585205 0.016940712928771973 0.04218772053718567
0 0.3896446228027344 0.33109134435653687 0.02615213394165039 0.030592650175094604
0 0.17714126408100128 0.6468863487243652 0.35428252816200256 0.31579500436782837
0 0.5069167613983154 0.3671116828918457 0.02927684783935547 0.03996780514717102
