0 0.6013263463973999 0.5383317470550537 0.00822383165359497 0.011348903179168701
0 0.12072579562664032 0.5787930488586426 0.02138194441795349 0.018750369548797607
0 0.596392035484314 0.5580689907073975 0.019079267978668213 0.019737184047698975
0 0.6006684303283691 0.542772650718689 0.009539663791656494 0.011348843574523926
0 0.6013262867927551 0.5753390192985535 0.03157949447631836 0.03404664993286133
0 0.5319172143936157 0.5837273001670837 0.044079720973968506 0.04736924171447754
0 0.588826060295105 0.5393186807632446 0.00822383165359497 0.011348903179168701
0 0.17368724942207336 0.5590558052062988 0.01315811276435852 0.011348903179168701
0 0.5641546249389648 0.5630033016204834 0.022697746753692627 0.027632057666778564
0 0.15987122058868408 0.5753390192985535 0.02138194441795349 0.012335777282714844
0 0.4674423933029175 0.6167870759963989 0.08158040046691895 0.08733707666397095
