0 0.35230880975723267 0.5383317470550537 0.11612042784690857 0.05822473764419556
0 0.9013315439224243 0.8046928644180298 0.19638502597808838 0.3906143307685852
0 0.4018162488937378 0.38462844491004944 0.04243496060371399 0.05896484851837158
0 0.6595510244369507 0.5092194080352783 0.07467234134674072 0.09523195028305054
0 0.38750678300857544 0.52303546667099 0.10427814722061157 0.07450786232948303
0 0.6625115871429443 0.4579027593135834 0.06644856929779053 0.07056045532226562
0 0.8144879341125488 0.6419520378112793 0.21875381469726562 0.19638502597808838
0 0.5766547918319702 0.39869117736816406 0.06283003091812134 0.06365242600440979
0 0.3118475675582886 0.5353711843490601 0.08585676550865173 0.03996783494949341
0 0.26743942499160767 0.5963913202285767 0.25428029894828796 0.1442456841468811
0 0.5111931562423706 0.3942503333091736 0.056250959634780884 0.062172144651412964
