0 0.41250723600387573 0.5250092148780823 0.01118442416191101 0.01578974723815918
0 0.39507269859313965 0.5269829034805298 0.022039860486984253 0.02516496181488037
0 0.4822452664375305 0.5047785639762878 0.01118442416191101 0.01677665114402771
0 0.6000105142593384 0.509712815284729 0.007236957550048828 0.003947436809539795
0 0.5157985091209412 0.5575755834579468 0.0460534393787384 0.04687577486038208
0 0.1671081781387329 0.579779863357544 0.0865146666765213 0.06365245580673218
0 0.5088905096054077 0.5319172143936157 0.025329411029815674 0.03207290172576904
0 0.5789574980735779 0.5185946226119995 0.010526537895202637 0.012829184532165527
0 0.5457332134246826 0.5106997489929199 0.005263268947601318 0.003947436809539795
0 0.5075746774673462 0.5067522525787354 0.011184453964233398 0.011842310428619385
0 0.4098755717277527 0.5329040288925171 0.025329381227493286 0.025164902210235596
0 0.33947962522506714 0.5126734375953674 0.02401357889175415 0.03207290172576904
0 0.44112613797187805 0.5072471499443054 0.00953972339630127 0.0029605627059936523
0 0.5381673574447632 0.5176077485084534 0.011184394359588623 0.014802932739257812
0 0.4338891804218292 0.5250092148780823 0.016776621341705322 0.01578974723815918
0 0.3980332612991333 0.5106997489929199 0.014473944902420044 0.01381605863571167
0 0.44112613797187805 0.5195814371109009 0.011184394359588623 0.01578974723815918
0 0.521061897277832 0.5282183885574341 0.006579041481018066 0.021957814693450928
0 0.3167818784713745 0.5225419998168945 0.039145439863204956 0.03799408674240112
0 0.44112613797187805 0.5106997489929199 0.011184394359588623 0.0098685622215271
0 0.5177721977233887 0.5215551853179932 0.016776621341705322 0.024178028106689453
0 0.5296145677566528 0.5185946226119995 0.0098685622215271 0.01578974723815918
0 0.7756714820861816 0.5146471261978149 0.012500226497650146 0.0098685622215271
0 0.3539535403251648 0.5477069616317749 0.041119128465652466 0.04292839765548706
