0 0.33158475160598755 0.5250091552734375 0.027303099632263184 0.03602033853530884
1 0.5046141147613525 0.5067522525787354 0.004276394844055176 0.027632057666778564
0 0.2982501983642578 0.5713915824890137 0.09704133868217468 0.11644959449768066
0 0.42171669006347656 0.5121797323226929 0.005592435598373413 0.027385830879211426
0 0.36448004841804504 0.5013245344161987 0.02401357889175415 0.019737184047698975
0 0.40296757221221924 0.49639028310775757 0.014473944902420044 0.010362029075622559
0 0.3618484139442444 0.5412923693656921 0.05065879225730896 0.0577312707901001
0 0.303952693939209 0.5106997489929199 0.03157949447631836 0.011348903179168701
1 0.8496859073638916 0.5570821166038513 0.026645183563232422 0.10707426071166992
0 0.8687652349472046 0.4880019426345825 0.028289973735809326 0.008388310670852661
0 0.9312663078308105 0.49639028310775757 0.02598726749420166 0.028618931770324707
1 0.8174484968185425 0.560042679309845 0.025987327098846436 0.10510051250457764
0 0.48882436752319336 0.5003377199172974 0.02730312943458557 0.046382367610931396
0 0.2016482651233673 0.5250091552734375 0.028947874903678894 0.02171093225479126
1 0.5181012153625488 0.5052720308303833 0.0062500834465026855 0.027632057666778564
0 0.9085685014724731 0.4880019426345825 0.02401357889175415 0.015296310186386108
0 0.25872135162353516 0.5079857110977173 0.014473944902420044 0.008881807327270508
1 0.5154695510864258 0.503298282623291 0.006908059120178223 0.027632087469100952
0 0.08289618790149689 0.5412923693656921 0.04539552703499794 0.03602039813995361
1 0.6815908551216125 0.5363580584526062 0.004276394844055176 0.04440867900848389
0 0.9493587017059326 0.503298282623291 0.030921578407287598 0.030099183320999146
0 0.0365137979388237 0.5477069616317749 0.0480271577835083 0.038980960845947266
0 0.893656849861145 0.5072454214096069 0.10109889507293701 0.044079869985580444
0 0.38789987564086914 0.5273773074150085 0.036711424589157104 0.048158884048461914
0 0.24507007002830505 0.5437594652175903 0.052961453795433044 0.0750012993812561
0 0.2773074805736542 0.5126734375953674 0.011513352394104004 0.013322591781616211
0 0.45296844840049744 0.6236951351165771 0.1174362301826477 0.14309459924697876
0 0.4473762512207031 0.5190880298614502 0.05493515729904175 0.06167873740196228
0 0.04243495315313339 0.5289566516876221 0.025987297296524048 0.012335717678070068
0 0.41013750433921814 0.5169164538383484 0.030000746250152588 0.04519832134246826
0 0.8030845522880554 0.4945807158946991 0.03289532661437988 0.015954315662384033
0 0.8195869326591492 0.5200748443603516 0.11266660690307617 0.059211790561676025
0 0.07894843816757202 0.5306834578514099 0.032566480338573456 0.019243717193603516
