0 0.49244269728660583 0.5309304594993591 0.007565855979919434 0.010361909866333008
0 0.5003377199172974 0.529943585395813 0.006579071283340454 0.006908059120178223
0 0.5159863829612732 0.5300137400627136 0.005944728851318359 0.005921125411987305
0 0.449678897857666 0.5324106216430664 0.009868592023849487 0.016776621341705322
0 0.4424419403076172 0.536358118057251 0.01118442416191101 0.011842310428619385
0 0.2802680730819702 0.5812601447105408 0.05855366587638855 0.04983639717102051
0 0.38355934619903564 0.5501741170883179 0.028618931770324707 0.03404664993286133
0 0.49469831585884094 0.5812602043151855 0.05263251066207886 0.05723780393600464
0 0.4940875172615051 0.5452398061752319 0.020065993070602417 0.01578974723815918
0 0.4684290885925293 0.5403056144714355 0.013487070798873901 0.016776621341705322
0 0.456784188747406 0.5316212177276611 0.004079043865203857 0.013421237468719482
0 0.02097076177597046 0.5625098347663879 0.04194152355194092 0.17714127898216248
0 0.4619158208370209 0.5324106216430664 0.00421065092086792 0.005921125411987305
0 0.5315882563591003 0.5333974957466125 0.005921125411987305 0.00789487361907959
