1 0.330268919467926 0.48750853538513184 0.007565945386886597 0.03503349423408508
1 0.5894839763641357 0.48114877939224243 0.013998806476593018 0.028344780206680298
1 0.1269759088754654 0.5190880298614502 0.029276825487613678 0.0789487361907959
1 0.330268919467926 0.48750853538513184 0.005921155214309692 0.03848755359649658
0 0.5233644247055054 0.47023850679397583 0.012927830219268799 0.01085546612739563
1 0.3253346085548401 0.4880019426345825 0.012006789445877075 0.037747353315353394
0 0.48487693071365356 0.4840545058250427 0.013816028833389282 0.014556139707565308
0 0.49236053228378296 0.4825742244720459 0.0055921971797943115 0.01085546612739563
0 0.5345488786697388 0.5092194080352783 0.059869468212127686 0.07845529913902283
1 0.5052720308303833 0.4707319140434265 0.004605352878570557 0.012335747480392456
1 0.6114299297332764 0.4771465063095093 0.00822383165359497 0.020230591297149658
1 0.3634932041168213 0.4840545058250427 0.00822383165359497 0.02911236882209778
1 0.5450752973556519 0.46826475858688354 0.004605352878570557 0.012335747480392456
1 0.14892055094242096 0.5115437507629395 0.01578974723815918 0.06476914882659912
1 0.08859803527593613 0.5144827365875244 0.026754841208457947 0.07204073667526245
1 0.49704816937446594 0.4707319140434265 0.004605352878570557 0.012335747480392456
1 0.3401375412940979 0.48750853538513184 0.004605352878570557 0.03503349423408508
1 0.5661283731460571 0.5071358680725098 0.019006073474884033 0.06414583325386047
1 0.369414359331131 0.47961366176605225 0.004605352878570557 0.02911233901977539
1 0.34478986263275146 0.48750853538513184 0.012218236923217773 0.04201197624206543
1 0.1357479989528656 0.5136191844940186 0.01578974723815918 0.06558507680892944
0 0.5233644247055054 0.4720671772956848 0.01019752025604248 0.009868592023849487
1 0.33619004487991333 0.48750853538513184 0.011965662240982056 0.03904262185096741
1 0.3032947778701782 0.4954034090042114 0.012911498546600342 0.046505898237228394
1 0.015460838563740253 0.5178894400596619 0.0062500666826963425 0.041094571352005005
1 0.14934471249580383 0.5117369294166565 0.0183878093957901 0.06224262714385986
1 0.11019930243492126 0.5166208744049072 0.010526500642299652 0.07204076647758484
1 0.3753355145454407 0.4840545058250427 0.010526478290557861 0.03157952427864075
1 0.5960630178451538 0.47961366176605225 0.00822383165359497 0.02368462085723877
1 0.3531860113143921 0.48750853538513184 0.012239813804626465 0.03947436809539795
1 0.38478711247444153 0.481740266084671 0.00822383165359497 0.02982121706008911
1 0.2810082733631134 0.4994125962257385 0.01578974723815918 0.055819183588027954
2 0.45263949036598206 0.47961366176605225 0.004605352878570557 0.02368462085723877
1 0.5029693245887756 0.47171878814697266 0.004605293273925781 0.012335747480392456
1 0.5046141147613525 0.4707319140434265 0.004605352878570557 0.012335747480392456
1 0.5669379830360413 0.5077391862869263 0.01578974723815918 0.06414586305618286
0 0.5141537189483643 0.46777135133743286 0.005592226982116699 0.006908029317855835
0 0.488495409488678 0.4648107588291168 0.010197550058364868 0.016776621341705322
1 0.38520410656929016 0.4840545058250427 0.013487100601196289 0.03947436809539795
1 0.6533008813858032 0.5077391266822815 0.020395100116729736 0.06759986281394958
1 0.5988482236862183 0.5156340599060059 0.012873053550720215 0.07450789213180542
1 0.5843287706375122 0.49351808428764343 0.010526537895202637 0.03307455778121948
1 0.6411296129226685 0.4958968460559845 0.00822383165359497 0.04391521215438843
1 0.003536246018484235 0.5358645915985107 0.00707249203696847 0.07368546724319458
1 0.5878392457962036 0.4727056622505188 0.004605352878570557 0.019243746995925903
1 0.35444700717926025 0.4919494092464447 0.008223801851272583 0.03503352403640747
