1 0.8792917132377625 0.5452398061752319 0.018750309944152832 0.09177792072296143
0 0.4095466136932373 0.533890962600708 0.03388217091560364 0.03102797269821167
1 0.013651554472744465 0.9698684215545654 0.02730310894548893 0.06026315689086914
1 0.6749292612075806 0.5235289335250854 0.009457528591156006 0.043421804904937744
1 0.6815087795257568 0.5263663530349731 0.008552789688110352 0.04440867900848389
1 0.051974594593048096 0.5837273597717285 0.02631625533103943 0.11595600843429565
0 0.4931994080543518 0.5023114085197449 0.005690872669219971 0.0386354923248291
0 0.42599430680274963 0.570898175239563 0.07631713151931763 0.08536332845687866
0 0.5759968757629395 0.52303546667099 0.011842310428619385 0.03157949447631836
1 0.5163635015487671 0.5146471261978149 0.010197579860687256 0.02417808771133423
1 0.9838988184928894 0.579779863357544 0.027303099632263184 0.11842316389083862
0 0.6072474718093872 0.5095812082290649 0.05690884590148926 0.08279743790626526
1 0.6609491109848022 0.5259137749671936 0.012829184532165527 0.03935098648071289
0 0.46518832445144653 0.5499385595321655 0.027912408113479614 0.05749577283859253
1 0.7023147344589233 0.5299434661865234 0.0132676362991333 0.05082327127456665
1 0.921726644039154 0.722381055355072 0.11908102035522461 0.35674965381622314
1 0.5698132514953613 0.5171142816543579 0.010789573192596436 0.03207272291183472
1 0.1019754707813263 0.579779863357544 0.024671487510204315 0.09177792072296143
1 0.8368567228317261 0.5437595248222351 0.02730315923690796 0.10460710525512695
1 0.343650221824646 0.5429664850234985 0.01611870527267456 0.05071747303009033
1 0.6822078227996826 0.5084797143936157 0.008593857288360596 0.027385979890823364
1 0.12237055599689484 0.5758324861526489 0.026316247880458832 0.0828961730003357
1 0.7952437996864319 0.5153869390487671 0.013157486915588379 0.026151537895202637
1 0.08585676550865173 0.7480393648147583 0.1401340365409851 0.31579500436782837
1 0.8240275382995605 0.7835663557052612 0.1674371361732483 0.3962240219116211
1 0.8338949680328369 0.5434316992759705 0.030701875686645508 0.10230401158332825
1 0.5157985091209412 0.5782995820045471 0.04506659507751465 0.11595594882965088
1 0.3750430941581726 0.5338909029960632 0.010197550058364868 0.03947436809539795
1 0.921726644039154 0.5565887093544006 0.027303099632263184 0.09177792072296143
1 0.6955164670944214 0.5256669521331787 0.010855257511138916 0.04292815923690796
0 0.4782978296279907 0.5047785639762878 0.02861890196800232 0.04342171549797058
1 0.022039858624339104 0.5896484851837158 0.03223740682005882 0.12483769655227661
1 0.7192686796188354 0.511838436126709 0.01123499870300293 0.022128403186798096
1 0.9231731295585632 0.7700710296630859 0.15365374088287354 0.45985788106918335
1 0.478840172290802 0.5139136910438538 0.24901750683784485 0.08601680397987366
1 0.7654739618301392 0.5338909029960632 0.022039830684661865 0.07006701827049255
1 0.7161309719085693 0.5121800303459167 0.014473974704742432 0.024178028106689453
1 0.6440004706382751 0.5174731016159058 0.009988188743591309 0.036334335803985596
1 0.6589752435684204 0.508232593536377 0.00830608606338501 0.01381605863571167
1 0.6401098966598511 0.5294007062911987 0.009210705757141113 0.03700721263885498
0 0.253862202167511 0.5500842928886414 0.13881823420524597 0.15551996231079102
