0 0.38355934619903564 0.5215551853179932 0.019408226013183594 0.017763495445251465
0 0.19318503141403198 0.5892893671989441 0.15122824907302856 0.1418391466140747
0 0.06669524312019348 0.8102439045906067 0.13339048624038696 0.3795121908187866
0 0.3983622193336487 0.5215551853179932 0.01940825581550598 0.019243717193603516
0 0.4148098826408386 0.5269829034805298 0.012829184532165527 0.02911233901977539
0 0.40855976939201355 0.525502622127533 0.011842310428619385 0.024671435356140137
0 0.3092159330844879 0.5654704570770264 0.03947436809539795 0.06463927030563354
0 0.5565886497497559 0.5152882933616638 0.028684556484222412 0.0396723747253418
0 0.48750853538513184 0.5171142816543579 0.013706237077713013 0.01748901605606079
0 0.5440884828567505 0.5151405930519104 0.008552789688110352 0.0212174654006958
0 0.3358611464500427 0.5501741170883179 0.044079720973968506 0.05230355262756348
0 0.5448011159896851 0.5187587738037109 0.005317986011505127 0.027549922466278076
0 0.3542824983596802 0.5353711843490601 0.031250566244125366 0.029112398624420166
0 0.5602071285247803 0.5240223407745361 0.013158142566680908 0.0325663685798645
0 0.47650718688964844 0.5215267539024353 0.0030517578125 0.004823803901672363
0 0.5414568185806274 0.5151405930519104 0.009539663791656494 0.028618931770324707
0 0.5141537189483643 0.5023114681243896 0.02861890196800232 0.024671494960784912
0 0.36612480878829956 0.525502622127533 0.02927681803703308 0.019243717193603516
0 0.3884936571121216 0.5738587379455566 0.07401445508003235 0.08980417251586914
0 0.5365225672721863 0.5906352996826172 0.11677837371826172 0.08536332845687866
0 0.46645551919937134 0.5195814371109009 0.021710902452468872 0.028618931770324707
0 0.5528103709220886 0.8121564388275146 0.29622694849967957 0.3756870627403259
0 0.5213906764984131 0.5496807098388672 0.06940910220146179 0.052797019481658936
0 0.5151405930519104 0.5146471858024597 0.03223741054534912 0.02911233901977539
0 0.2681627571582794 0.5616214871406555 0.06881718337535858 0.11556196212768555
0 0.46174007654190063 0.5063661336898804 0.020795583724975586 0.016719788312911987
0 0.5748785734176636 0.5293390154838562 0.036184847354888916 0.04402625560760498
0 0.5052719712257385 0.5437595248222351 0.040790170431137085 0.05427730083465576
0 0.4213889539241791 0.525502622127533 0.011842310428619385 0.024671435356140137
0 0.5917866826057434 0.5435373783111572 0.04638242721557617 0.051316678524017334
0 0.443167507648468 0.5353696346282959 0.04045981168746948 0.04430884122848511
