0 0.5299434661865234 0.5092194080352783 0.007236957550048828 0.01529628038406372
2 0.3513219356536865 0.5146471261978149 0.036184847354888916 0.04835611581802368
1 0.7399781346321106 0.5301895141601562 0.01644766330718994 0.06019723415374756
0 0.45066577196121216 0.503298282623291 0.022039860486984253 0.03996780514717102
1 0.8319224119186401 0.5412923693656921 0.02401357889175415 0.09769907593727112
0 0.6108651757240295 0.5166209936141968 0.050658464431762695 0.039967358112335205
0 0.5405794382095337 0.503298282623291 0.017927706241607666 0.031826138496398926
0 0.5125089883804321 0.500831127166748 0.011842310428619385 0.02368462085723877
0 0.4131651222705841 0.5062588453292847 0.03125053644180298 0.04835611581802368
1 0.9723854064941406 0.5763258934020996 0.026974141597747803 0.12039685249328613
1 0.6691991686820984 0.5000091195106506 0.00548243522644043 0.007566094398498535
0 0.9477139711380005 0.4939231276512146 0.03486901521682739 0.02368462085723877
1 0.29868942499160767 0.5146471261978149 0.016447633504867554 0.04835611581802368
0 0.29342618584632874 0.5200749039649963 0.05329042673110962 0.03602039813995361
1 0.8033035397529602 0.5279697775840759 0.018750309944152832 0.06759989261627197
0 0.5299434661865234 0.49639028310775757 0.023026704788208008 0.03700724244117737
1 0.6240240335464478 0.4998442530632019 0.004605352878570557 0.006908029317855835
1 0.5719670057296753 0.501694917678833 0.008223772048950195 0.006908029317855835
1 0.1365155577659607 0.5506675243377686 0.018750324845314026 0.08437645435333252
1 0.8513306379318237 0.5358646512031555 0.027632057666778564 0.09769907593727112
1 0.21135519444942474 0.5684336423873901 0.019572466611862183 0.03996187448501587
1 0.6416227221488953 0.5126732587814331 0.013815879821777344 0.05846971273422241
0 0.4654686748981476 0.5092194080352783 0.011184394359588623 0.01529628038406372
1 0.23125404119491577 0.5324106216430664 0.018750324845314026 0.07204076647758484
1 0.6381690502166748 0.5166208744049072 0.00822383165359497 0.04835614562034607
0 0.8730416297912598 0.503298282623291 0.08092242479324341 0.03700721263885498
0 0.44145509600639343 0.5092194080352783 0.023026704788208008 0.033059775829315186
0 0.4690871834754944 0.500831127166748 0.010197550058364868 0.009868592023849487
0 0.5391541719436646 0.5116865634918213 0.006579041481018066 0.01924377679824829
0 0.5473780035972595 0.5062588453292847 0.019408226013183594 0.027632087469100952
0 0.4269811511039734 0.500831127166748 0.0055921971797943115 0.012335747480392456
0 0.5391541719436646 0.5062588453292847 0.009210705757141113 0.02368462085723877
0 0.4904690980911255 0.5171142816543579 0.044079750776290894 0.05230352282524109
1 0.5967209339141846 0.4954034090042114 0.004605352878570557 0.006907999515533447
