1 0.5746811628341675 0.5151405930519104 0.007565915584564209 0.012829184532165527
0 0.37796711921691895 0.48010706901550293 0.03782960772514343 0.02911236882209778
0 0.5371804237365723 0.5393186807632446 0.011842310428619385 0.04539555311203003
0 0.6026421189308167 0.5630033016204834 0.07171177864074707 0.08141595125198364
0 0.5355356931686401 0.5432660579681396 0.01019752025604248 0.03454011678695679
0 0.36809855699539185 0.5269829034805298 0.009210675954818726 0.009868621826171875
0 0.4884953796863556 0.4884953796863556 0.07072490453720093 0.04391521215438843
0 0.4388234615325928 0.5146471858024597 0.03782960772514343 0.05526414513587952
0 0.8592255711555481 0.6523140668869019 0.2769784927368164 0.6014907956123352
0 0.5371804237365723 0.4993508458137512 0.04046124219894409 0.03157949447631836
0 0.6743538975715637 0.6000105142593384 0.11776518821716309 0.11743628978729248
0 0.5730363130569458 0.5531346797943115 0.03026372194290161 0.05526411533355713
0 0.5638256669044495 0.5462266206741333 0.0424349308013916 0.056744396686553955
0 0.3753355145454407 0.5102062821388245 0.04506659507751465 0.02911233901977539
0 0.5361936092376709 0.5407989025115967 0.012829184532165527 0.04292839765548706
0 0.20526674389839172 0.5501741170883179 0.02565835416316986 0.04292839765548706
0 0.5460619330406189 0.5395650267601013 0.016694307327270508 0.046135544776916504
0 0.30099210143089294 0.5407989025115967 0.19309549033641815 0.11990338563919067
