0 0.40099385380744934 0.503298282623291 0.07467234134674072 0.04292836785316467
0 0.3753355145454407 0.49096253514289856 0.011184394359588623 0.016776621341705322
0 0.6236951351165771 0.56843101978302 0.0828961730003357 0.09375160932540894
0 0.31645292043685913 0.4978705644607544 0.01940825581550598 0.03157949447631836
0 0.5125089883804321 0.5161274671554565 0.010197579860687256 0.010855436325073242
0 0.5565886497497559 0.5077391266822815 0.03125053644180298 0.04687580466270447
0 0.5904708504676819 0.5353711843490601 0.05065882205963135 0.060691893100738525
0 0.15723958611488342 0.5985301733016968 0.24474112689495087 0.14506834745407104
0 0.34507185220718384 0.5116865634918213 0.17006877064704895 0.09227138757705688
0 0.10394918918609619 0.6261622905731201 0.20691150426864624 0.1519763469696045
0 0.4460604190826416 0.5146471261978149 0.016447633504867554 0.0098685622215271
0 0.5309303402900696 0.5102062821388245 0.028618931770324707 0.02615174651145935
0 0.42961278557777405 0.488495409488678 0.025000452995300293 0.01085546612739563
0 0.36843404173851013 0.4904669523239136 0.019734621047973633 0.013816028833389282
0 0.2328988015651703 0.5600427389144897 0.17204247415065765 0.10362023115158081
0 0.5694178342819214 0.5146471261978149 0.04144805669784546 0.056744396686553955
0 0.011842312291264534 0.7381708025932312 0.023684624582529068 0.09128451347351074
0 0.331587553024292 0.522788405418396 0.10115233063697815 0.058717578649520874
0 0.4333987236022949 0.5007066130638123 0.03091961145401001 0.036266833543777466
