0 0.4398103356361389 0.32418328523635864 0.023026704788208008 0.03700724244117737
0 0.37730923295021057 0.35378897190093994 0.01578974723815918 0.030592650175094604
0 0.30263686180114746 0.4310106933116913 0.062007755041122437 0.07302731275558472
0 0.5335619449615479 0.4144808351993561 0.04917854070663452 0.056497931480407715
0 0.6052737236022949 0.5363580584526062 0.09737008810043335 0.11842310428619385
0 0.4838900566101074 0.35255539417266846 0.010690897703170776 0.027631789445877075
0 0.4039544463157654 0.32961103320121765 0.01644766330718994 0.020724058151245117
0 0.5023114085197449 0.36637139320373535 0.032237619161605835 0.038487523794174194
1 0.5947472453117371 0.5541215538978577 0.04506659507751465 0.11595597863197327
0 0.3547760248184204 0.37574657797813416 0.04309287667274475 0.0577312707901001
0 0.5161274671554565 0.3888225853443146 0.03848749399185181 0.05526411533355713
0 0.5759969353675842 0.3732794225215912 0.02203989028930664 0.03380006551742554
0 0.36686503887176514 0.31653493642807007 0.006579071283340454 0.013816028833389282
0 0.47928470373153687 0.34490707516670227 0.01842135190963745 0.019983768463134766
0 0.5621808767318726 0.34342679381370544 0.02615189552307129 0.01924377679824829
0 0.5718851089477539 0.4847942590713501 0.0860213041305542 0.09843909740447998
0 0.25658345222473145 0.4801070988178253 0.08552780747413635 0.10608738660812378
0 0.4977060854434967 0.355762779712677 0.03125053644180298 0.036020368337631226
0 0.37484216690063477 0.371058851480484 0.01644766330718994 0.04218810796737671
0 0.3881648778915405 0.33947932720184326 0.02713853120803833 0.030592650175094604
0 0.5064232349395752 0.3759930729866028 0.030263662338256836 0.04292836785316467
