0 0.45987647771835327 0.5126734375953674 0.006579071283340454 0.005921125411987305
0 0.4305996298789978 0.5368515253067017 0.016776591539382935 0.011842310428619385
0 0.33026909828186035 0.5329040288925171 0.022697776556015015 0.029112398624420166
0 0.2861891984939575 0.5250091552734375 0.01118442416191101 0.00592118501663208
0 0.41842836141586304 0.5195814371109009 0.01315811276435852 0.011842310428619385
0 0.303952693939209 0.5368515253067017 0.028618931770324707 0.033059656620025635
1 0.12960752844810486 0.5704047679901123 0.020066142082214355 0.0750012993812561
0 0.3447429835796356 0.5329040288925171 0.016776621341705322 0.02861887216567993
0 0.9771465063095093 0.5477069616317749 0.045706987380981445 0.06908011436462402
0 0.48356109857559204 0.5615229606628418 0.20625364780426025 0.10362023115158081
0 0.11250197142362595 0.8567496538162231 0.22237230837345123 0.2865006923675537
0 0.04424434155225754 0.5467201471328735 0.01381603255867958 0.00592118501663208
0 0.17237189412117004 0.5575758218765259 0.05394831299781799 0.04819148778915405
0 0.7697503566741943 0.5546149611473083 0.15098947286605835 0.08092248439788818
0 0.11973893642425537 0.5758324265480042 0.06315899640321732 0.05279695987701416
0 0.280925989151001 0.5269829034805298 0.02138194441795349 0.00789487361907959
0 0.023356007412075996 0.5565886497497559 0.018421541899442673 0.01233583688735962
0 0.13585764169692993 0.5477069616317749 0.029934734106063843 0.011842310428619385
0 0.2861891984939575 0.542772650718689 0.02138194441795349 0.02516496181488037
0 0.38125666975975037 0.5259960889816284 0.016776621341705322 0.019737184047698975
0 0.29539990425109863 0.5827404260635376 0.15098947286605835 0.08092242479324341
0 0.2309250831604004 0.5526412725448608 0.0404612272977829 0.03602033853530884
0 0.4496789276599884 0.5876747369766235 0.1996745467185974 0.10164648294448853
0 0.26513639092445374 0.5437594652175903 0.03717172145843506 0.03799408674240112
0 0.06065858155488968 0.5465226173400879 0.008552778512239456 0.0098685622215271
0 0.5118510723114014 0.5151405930519104 0.011842310428619385 0.010855436325073242
0 0.4046124815940857 0.5225419998168945 0.013816028833389282 0.01480323076248169
0 0.6947489976882935 0.5546149611473083 0.1098703145980835 0.0730276107788086
