0 0.47796887159347534 0.5110137462615967 0.007236987352371216 0.02514249086380005
1 0.7207362651824951 0.5274763107299805 0.01381605863571167 0.035526931285858154
0 0.5746811032295227 0.4993508458137512 0.01578974723815918 0.010855436325073242
1 0.13939392566680908 0.570898175239563 0.031743958592414856 0.11398226022720337
1 0.34869033098220825 0.5245157480239868 0.009868592023849487 0.018750309944152832
0 0.4861927032470703 0.5066131353378296 0.009210675954818726 0.02001550793647766
0 0.48520585894584656 0.5109464526176453 0.004605352878570557 0.009005069732666016
1 0.8194222450256348 0.5245157480239868 0.01644766330718994 0.04292839765548706
1 0.34681057929992676 0.521696150302887 0.013064146041870117 0.03566789627075195
0 0.6311643123626709 0.5095677375793457 0.04144805669784546 0.016776561737060547
0 0.6365243196487427 0.5452398061752319 0.044547200202941895 0.0497584342956543
0 0.4624094069004059 0.511456310749054 0.02960580587387085 0.056398987770080566
0 0.5644835233688354 0.5176076889038086 0.02177673578262329 0.025855720043182373
0 0.59135901927948 0.526242733001709 0.026645183563232422 0.033207833766937256
0 0.6957358121871948 0.5618754625320435 0.06558698415756226 0.06736487150192261
0 0.531259298324585 0.5047785639762878 0.018421411514282227 0.010855436325073242
1 0.9398190975189209 0.5649769902229309 0.02565830945968628 0.09029757976531982
0 0.4519816040992737 0.5467200875282288 0.02138194441795349 0.05822467803955078
1 0.32566356658935547 0.5546854734420776 0.021710902452468872 0.08141589164733887
0 0.5936781167984009 0.5333153009414673 0.020395100116729736 0.04000896215438843
1 0.7966805696487427 0.5551084280014038 0.019254744052886963 0.07253414392471313
1 0.699307382106781 0.5145061612129211 0.008693814277648926 0.02326178550720215
1 0.7457367181777954 0.5305684804916382 0.014430105686187744 0.038586199283599854
1 0.7605396509170532 0.5166208744049072 0.00592118501663208 0.028618931770324707
0 0.449349969625473 0.5200749039649963 0.027632057666778564 0.017763495445251465
0 0.5523593425750732 0.5131669044494629 0.018139421939849854 0.023684680461883545
0 0.508232593536377 0.5047785639762878 0.011842310428619385 0.013815999031066895
1 0.22039858996868134 0.7460656762123108 0.12566009163856506 0.3824080228805542
1 0.41974419355392456 0.5097128748893738 0.008552789688110352 0.022697806358337402
1 0.1435880959033966 0.5639899969100952 0.03338877856731415 0.10559391975402832
1 0.380598783493042 0.5324106216430664 0.013816028833389282 0.0537838339805603
0 0.4243495464324951 0.557575523853302 0.06184318661689758 0.08141589164733887
1 0.7769872546195984 0.5195814371109009 0.008552789688110352 0.034786760807037354
0 0.481046199798584 0.5092194080352783 0.010643243789672852 0.021535813808441162
1 0.7167501449584961 0.5155179500579834 0.011107027530670166 0.03372734785079956
2 0.5381672978401184 0.637511134147644 0.15098950266838074 0.2205631136894226
0 0.5792864561080933 0.5249520540237427 0.018712282180786133 0.0308835506439209
1 0.5644835233688354 0.5037916898727417 0.004605352878570557 0.006907999515533447
1 0.07796189188957214 0.6616892218589783 0.06677748262882233 0.26793229579925537
1 0.2250039279460907 0.5630033016204834 0.026316240429878235 0.07154732942581177
1 0.29309722781181335 0.5644835233688354 0.028947889804840088 0.10608738660812378
0 0.5693708658218384 0.5200749039649963 0.019126296043395996 0.02615177631378174
0 0.6158632040023804 0.535969614982605 0.041049182415008545 0.05279695987701416
1 0.8595545291900635 0.5324106216430664 0.01644766330718994 0.04292839765548706
0 0.503298282623291 0.5077391266822815 0.001973748207092285 0.0029605627059936523
0 0.707578182220459 0.5689244270324707 0.06204056739807129 0.06246823072433472
0 0.6594750881195068 0.5521478056907654 0.05119013786315918 0.05393564701080322
1 0.9477139711380005 0.5693473815917969 0.03087460994720459 0.1041136384010315
0 0.5746811628341675 0.5245157480239868 0.00822383165359497 0.02615177631378174
