1 0.4282969832420349 0.531423807144165 0.010197550058364868 0.047369301319122314
0 0.5845496654510498 0.5575755834579468 0.0578957200050354 0.06957358121871948
0 0.4829031825065613 0.5274763107299805 0.015131831169128418 0.01578974723815918
0 0.649024486541748 0.5131668448448181 0.018092453479766846 0.02861890196800232
1 0.6365243196487427 0.5388252139091492 0.018750369548797607 0.0636523962020874
0 0.5447463989257812 0.5274763107299805 0.008552789688110352 0.0098685622215271
1 0.12697763741016388 0.5494405031204224 0.17958226799964905 0.09219139814376831
0 0.4973771274089813 0.5259960889816284 0.004605352878570557 0.012335717678070068
0 0.4713898301124573 0.5245157480239868 0.007236957550048828 0.016776621341705322
1 0.41809940338134766 0.531423807144165 0.010197550058364868 0.033059775829315186
0 0.45461320877075195 0.5299434661865234 0.0055921971797943115 0.008388340473175049
0 0.5835628509521484 0.4993508458137512 0.11776518821716309 0.08092248439788818
1 0.13519972562789917 0.5348777770996094 0.010197535157203674 0.03305983543395996
0 0.03248412162065506 0.6187608242034912 0.06496824324131012 0.1292785406112671
0 0.3842172622680664 0.5319172143936157 0.06743541359901428 0.03404664993286133
1 0.7444208860397339 0.5491872429847717 0.018750369548797607 0.09917938709259033
1 0.338163822889328 0.5324106216430664 0.008552789688110352 0.033059775829315186
0 0.26579412817955017 0.5590558052062988 0.05625098943710327 0.0537838339805603
1 0.8449081182479858 0.7344623804092407 0.09638088941574097 0.22598642110824585
0 0.2513201832771301 0.5289566516876221 0.08158038556575775 0.04391521215438843
1 0.3746775984764099 0.5324106216430664 0.01282915472984314 0.05082327127456665
0 0.46415287256240845 0.5284632444381714 0.017434507608413696 0.01924377679824829
0 0.5266540050506592 0.5245157480239868 0.02401357889175415 0.030592679977416992
0 0.2960578203201294 0.5486937761306763 0.038816481828689575 0.051316678524017334
0 0.5539571046829224 0.5274763107299805 0.01611870527267456 0.017270028591156006
0 0.607905387878418 0.5299434661865234 0.01578974723815918 0.01381605863571167
0 0.5056009292602539 0.5245157480239868 0.008552789688110352 0.012829184532165527
0 0.49342969059944153 0.5245157480239868 0.013158142566680908 0.012829184532165527
0 0.4417840540409088 0.5257466435432434 0.01529616117477417 0.0160367488861084
1 0.2651362419128418 0.5235289335250854 0.014473944902420044 0.01924377679824829
0 0.13191020488739014 0.5970499515533447 0.11184406280517578 0.09375160932540894
0 0.15098948776721954 0.5333974957466125 0.06940910965204239 0.03996777534484863
