0 0.4404682219028473 0.5195814371109009 0.011842310428619385 0.014802873134613037
0 0.491784930229187 0.5146471261978149 0.012500226497650146 0.006907999515533447
0 0.5029693245887756 0.5146471261978149 0.006579041481018066 0.008881747722625732
0 0.8118562698364258 0.5319172143936157 0.03190845251083374 0.024178028106689453
1 0.8309355974197388 0.5299434661865234 0.009210705757141113 0.025164902210235596
0 0.5556018352508545 0.5195814371109009 0.03190845251083374 0.019737184047698975
1 0.738828718662262 0.5200749039649963 0.007236957550048828 0.008388280868530273
0 0.4944165349006653 0.5259960889816284 0.018750309944152832 0.02171093225479126
1 0.7963955402374268 0.531423807144165 0.009210646152496338 0.02565830945968628
0 0.7641525268554688 0.5327060222625732 0.0390133261680603 0.04825621843338013
