0 0.35888785123825073 0.5077391266822815 0.03684276342391968 0.030592650175094604
0 0.8852084875106812 0.6446643471717834 0.1689162254333496 0.21241939067840576
0 0.39112526178359985 0.5176077485084534 0.04046124219894409 0.02911233901977539
0 0.17171353101730347 0.4840545058250427 0.01644766330718994 0.015296310186386108
0 0.31842660903930664 0.500831127166748 0.023026734590530396 0.012335747480392456
0 0.28882086277008057 0.48158735036849976 0.025000423192977905 0.013816028833389282
0 0.3118475675582886 0.531423807144165 0.0460534393787384 0.0537838339805603
0 0.16414761543273926 0.5560952425003052 0.10329128056764603 0.1287851333618164
0 0.30855751037597656 0.5015711784362793 0.01940840482711792 0.013075768947601318
0 0.3421112298965454 0.5106997489929199 0.01282915472984314 0.024671494960784912
0 0.14112088084220886 0.488495409488678 0.014802888035774231 0.01085546612739563
0 0.47796887159347534 0.5269829034805298 0.025000423192977905 0.03602039813995361
0 0.13388392329216003 0.4924428462982178 0.013816028833389282 0.009868592023849487
0 0.7213941812515259 0.5753389596939087 0.13388389348983765 0.10362023115158081
0 0.6217213869094849 0.48306769132614136 0.025000452995300293 0.013816028833389282
0 0.27401795983314514 0.5728718638420105 0.07829083502292633 0.08437645435333252
0 0.508232593536377 0.5782996416091919 0.08585673570632935 0.10115307569503784
0 0.7480394244194031 0.6005039215087891 0.13552868366241455 0.10362023115158081
0 0.9575825929641724 0.488495409488678 0.027632057666778564 0.009868592023849487
0 0.2694126069545746 0.500831127166748 0.014802873134613037 0.02220436930656433
0 0.6098791360855103 0.5491872429847717 0.04901403188705444 0.05378389358520508
0 0.5065878033638 0.5176076889038086 0.04046127200126648 0.024671494960784912
0 0.3322426676750183 0.5062588453292847 0.02138194441795349 0.024671494960784912
0 0.5690889358520508 0.5329040288925171 0.03585594892501831 0.03996783494949341
0 0.28520235419273376 0.500831127166748 0.025000452995300293 0.02368462085723877
0 0.9610278010368347 0.7001767158508301 0.07794439792633057 0.3128344416618347
1 0.028947874903678894 0.56843101978302 0.024671485647559166 0.0828961730003357
0 0.36809855699539185 0.5146471261978149 0.027632057666778564 0.027632057666778564
0 0.8947525024414062 0.4840545058250427 0.04967188835144043 0.02072402834892273
0 0.7822505235671997 0.6212279796600342 0.09769904613494873 0.13569319248199463
0 0.1384892761707306 0.48306766152381897 0.012829169631004333 0.015296339988708496
0 0.14473937451839447 0.5077391862869263 0.033224254846572876 0.03454011678695679
0 0.6181029081344604 0.5383318066596985 0.0828961730003357 0.065132737159729
0 0.29704469442367554 0.5047785639762878 0.022039860486984253 0.020724058151245117
0 0.6523140668869019 0.5699112415313721 0.04144805669784546 0.07746845483779907
0 0.5404700040817261 0.531423807144165 0.037829577922821045 0.04835611581802368
0 0.6365243196487427 0.5536280870437622 0.07368546724319458 0.06513267755508423
0 0.21118789911270142 0.4899756908416748 0.019408240914344788 0.017763465642929077
1 0.0365137979388237 0.5847141742706299 0.015131842344999313 0.04835611581802368
0 0.23355671763420105 0.488495409488678 0.03322426974773407 0.02911236882209778
0 0.607905387878418 0.4840545058250427 0.026645183563232422 0.006908029317855835
0 0.2898077070713043 0.5023114681243896 0.02401357889175415 0.022204339504241943
0 0.27599167823791504 0.48553478717803955 0.013816028833389282 0.009868592023849487
0 0.6217213869094849 0.48701509833335876 0.021381914615631104 0.003947436809539795
0 0.5782995820045471 0.4771465063095093 0.0424349308013916 0.024671494960784912
0 0.9039632081985474 0.488495409488678 0.02960580587387085 0.009868592023849487
0 0.21118789911270142 0.4954034090042114 0.02203984558582306 0.024671465158462524
0 0.9417928457260132 0.48701509833335876 0.03125053644180298 0.010855436325073242
0 0.12927857041358948 0.5077391266822815 0.00657905638217926 0.02072402834892273
0 0.26283353567123413 0.4939231276512146 0.02401357889175415 0.020724058151245117
0 0.028865637257695198 0.5605361461639404 0.057731274515390396 0.08733707666397095
0 0.6493534445762634 0.5536280870437622 0.051645636558532715 0.056744396686553955
0 0.16052913665771484 0.4840545058250427 0.004605337977409363 0.012335747480392456
