0 0.5707336664199829 0.5437594652175903 0.035855889320373535 0.04292839765548706
0 0.8811227679252625 0.8118475675582886 0.2377544641494751 0.37630486488342285
0 0.3249914050102234 0.5457332134246826 0.05855366587638855 0.06365245580673218
0 0.4631659984588623 0.5516543984413147 0.041119158267974854 0.04983639717102051
0 0.0681755319237709 0.8368567228317261 0.1363510638475418 0.32220953702926636
0 0.4477623999118805 0.5167925357818604 0.011012792587280273 0.0098685622215271
0 0.45787644386291504 0.5183972120285034 0.011368602514266968 0.012118637561798096
0 0.8556070327758789 0.5916222333908081 0.1651344895362854 0.1055939793586731
0 0.3613138794898987 0.5462883710861206 0.02660408616065979 0.04120141267776489
0 0.6921173334121704 0.5644835829734802 0.11381775140762329 0.07105386257171631
0 0.4019806981086731 0.5467200875282288 0.041119128465652466 0.046875834465026855
0 0.41184931993484497 0.5279697179794312 0.012500226497650146 0.008881747722625732
