1 0.048356108367443085 0.48701509833335876 0.013158123940229416 0.04391521215438843
0 0.5069167613983154 0.47023850679397583 0.03223741054534912 0.03700724244117737
0 0.5539570450782776 0.46629106998443604 0.025000452995300293 0.027632087469100952
1 0.031250543892383575 0.4880019426345825 0.013158123940229416 0.038487523794174194
0 0.5523122549057007 0.5215551853179932 0.05065876245498657 0.043421775102615356
1 0.42171788215637207 0.48701509833335876 0.014144986867904663 0.03848749399185181
0 0.5708976984024048 0.46333047747612 0.014309525489807129 0.022204577922821045
0 0.5990236401557922 0.46629106998443604 0.008223772048950195 0.01085546612739563
0 0.5289566516876221 0.46629106998443604 0.01940828561782837 0.023684650659561157
0 0.45625799894332886 0.5363580584526062 0.065461665391922 0.06759989261627197
0 0.5309303402900696 0.48158738017082214 0.025658369064331055 0.02615177631378174
0 0.48750853538513184 0.48010706901550293 0.02927684783935547 0.02911236882209778
1 0.2384910136461258 0.5052720308303833 0.014144986867904663 0.051316678524017334
0 0.5769838094711304 0.460863322019577 0.017434537410736084 0.02368462085723877
0 0.6411296129226685 0.5378385782241821 0.0750015377998352 0.0957256555557251
0 0.588826060295105 0.460863322019577 0.009210646152496338 0.016776621341705322
1 0.07204073667526245 0.48553481698036194 0.0115133598446846 0.030099213123321533
0 0.5414565205574036 0.5607829093933105 0.07401478290557861 0.08881789445877075
1 0.7881717085838318 0.5240223407745361 0.015131831169128418 0.08092248439788818
0 0.5483648777008057 0.4746793508529663 0.021053016185760498 0.02615177631378174
0 0.5944182872772217 0.460863322019577 0.007236957550048828 0.016776621341705322
0 0.5401410460472107 0.45247501134872437 0.019408226013183594 0.022204339504241943
