1 0.234543576836586 0.5935959219932556 0.056908875703811646 0.17812812328338623
1 0.4079018831253052 0.5743521451950073 0.03388217091560364 0.14506834745407104
1 0.3858620226383209 0.5871813297271729 0.05263251066207886 0.18355584144592285
1 0.1487634778022766 0.620734453201294 0.032895252108573914 0.10316485166549683
0 0.21250370144844055 0.5284631848335266 0.0845409482717514 0.08141589164733887
0 0.31645292043685913 0.5407989025115967 0.16645029187202454 0.10460707545280457
0 0.30822908878326416 0.488495409488678 0.06447479128837585 0.03996780514717102
0 0.9741036891937256 0.525502622127533 0.05179262161254883 0.08980420231819153
1 0.12572579085826874 0.6129876971244812 0.049178481101989746 0.13327538967132568
1 0.3365190625190735 0.5694178342819214 0.03750064969062805 0.10460704565048218
0 0.4424419403076172 0.41398751735687256 0.004605323076248169 0.01085546612739563
0 0.4460604190826416 0.4095466434955597 0.007236987352371216 0.011842191219329834
0 0.27039945125579834 0.460863322019577 0.03486904501914978 0.02615177631378174
0 0.42961278557777405 0.4110269546508789 0.00822383165359497 0.012335747480392456
0 0.5895134210586548 0.4285524785518646 0.027632057666778564 0.06389033794403076
0 0.9072129726409912 0.8076250553131104 0.18557405471801758 0.3847498297691345
0 0.3585589528083801 0.46333047747612 0.04046124219894409 0.05279707908630371
0 0.42270487546920776 0.41161882877349854 0.009210675954818726 0.01085546612739563
0 0.9292925596237183 0.48553481698036194 0.13717347383499146 0.09227138757705688
0 0.37681564688682556 0.45247501134872437 0.028618931770324707 0.04144808650016785
0 0.3230319619178772 0.47023850679397583 0.05690890550613403 0.057731300592422485
1 0.31217509508132935 0.4655526280403137 0.014474421739578247 0.03306296467781067
0 0.6204054951667786 0.43964600563049316 0.048355937004089355 0.054770857095718384
1 0.3246767222881317 0.4712253510951996 0.01611870527267456 0.035526931285858154
0 0.9367675185203552 0.4954034090042114 0.12646496295928955 0.10213994979858398
1 0.33388739824295044 0.5580689907073975 0.03750064969062805 0.1426011621952057
0 0.5437595248222351 0.7519868612289429 0.25066232681274414 0.31056487560272217
0 0.5133313536643982 0.5035449862480164 0.15871986746788025 0.0930115282535553
0 0.5243512392044067 0.4228878617286682 0.027805864810943604 0.05050671100616455
1 0.3365190625190735 0.5580689907073975 0.039145439863204956 0.1327325701713562
0 0.6384980082511902 0.4978705644607544 0.11118614673614502 0.07845532894134521
0 0.3038211464881897 0.44527092576026917 0.024210959672927856 0.021316051483154297
0 0.32411280274391174 0.4421834945678711 0.022462785243988037 0.009234189987182617
0 0.3230319619178772 0.4164546728134155 0.010197550058364868 0.012335747480392456
0 0.2878339886665344 0.4579027593135834 0.03223741054534912 0.02615177631378174
1 0.73323655128479 0.6024776697158813 0.06611961126327515 0.16579240560531616
