1 0.5600427389144897 0.52303546667099 0.011184394359588623 0.05871805548667908
0 0.48323214054107666 0.503298282623291 0.01842135190963745 0.03602039813995361
1 0.5916221141815186 0.5013241767883301 0.010855495929718018 0.03182560205459595
0 0.15447668731212616 0.5598452687263489 0.08434353023767471 0.04549407958984375
0 0.2391960322856903 0.5928909778594971 0.11917495727539062 0.10446608066558838
0 0.056991130113601685 0.5713915824890137 0.11398226022720337 0.10707426071166992
0 0.37928298115730286 0.5035449862480164 0.030921578407287598 0.02689182758331299
0 0.12829245626926422 0.636523962020874 0.1782921850681305 0.14046287536621094
0 0.9889066219329834 0.4727056324481964 0.02218681573867798 0.024671494960784912
0 0.46810030937194824 0.5220485925674438 0.02401357889175415 0.046382397413253784
0 0.2390175759792328 0.5359634160995483 0.06529702246189117 0.02763211727142334
0 0.3048926293849945 0.5615229606628418 0.07001996040344238 0.06689488887786865
0 0.19638501107692719 0.5324106216430664 0.02401357889175415 0.027632057666778564
0 0.2917814254760742 0.5304369330406189 0.04736924171447754 0.026645183563232422
0 0.7921191453933716 0.4685937464237213 0.04868549108505249 0.03799408674240112
0 0.5256670713424683 0.503298282623291 0.06381687521934509 0.10806107521057129
0 0.292439341545105 0.5126734972000122 0.0190792977809906 0.006414592266082764
1 0.679617166519165 0.542772650718689 0.03157949447631836 0.10707426071166992
0 0.11118615418672562 0.542772650718689 0.04111914336681366 0.031086087226867676
1 0.5891550779342651 0.5225419998168945 0.017434418201446533 0.07401442527770996
0 0.4769820272922516 0.5146471858024597 0.015131831169128418 0.044408708810806274
0 0.37599343061447144 0.5250091552734375 0.0365138053894043 0.056744396686553955
0 0.9356834888458252 0.46748924255371094 0.05145764350891113 0.025587767362594604
0 0.09342268109321594 0.5477069616317749 0.009539641439914703 0.013322591781616211
1 0.2815839648246765 0.5130025148391724 0.004495710134506226 0.005427896976470947
0 0.7019859552383423 0.5097128748893738 0.04046124219894409 0.03996780514717102
0 0.3471395969390869 0.5336794853210449 0.06085631251335144 0.043280839920043945
0 0.32813113927841187 0.5013246536254883 0.013815969228744507 0.006414562463760376
0 0.16118702292442322 0.5324106216430664 0.010197535157203674 0.008388280868530273
0 0.3619580864906311 0.6207346320152283 0.1291690170764923 0.1481935977935791
1 0.31579500436782837 0.5067522525787354 0.0049343109130859375 0.012335717678070068
0 0.42698121070861816 0.5389896631240845 0.07138282060623169 0.10279783606529236
0 0.03569141402840614 0.6972161531448364 0.07138282805681229 0.2077338695526123
0 0.32160690426826477 0.5100415945053101 0.01491248607635498 0.01118403673171997
