0 0.6118528246879578 0.4924428164958954 0.028618931770324707 0.022204339504241943
0 0.787513792514801 0.5560952425003052 0.09671223163604736 0.09375166893005371
0 0.37994086742401123 0.5630033016204834 0.07631713151931763 0.09523195028305054
1 0.7588948607444763 0.5166208744049072 0.006908059120178223 0.011348843574523926
0 0.8868576288223267 0.5876747369766235 0.13158124685287476 0.11990338563919067
1 0.2657940983772278 0.5042850971221924 0.014144986867904663 0.07204073667526245
0 0.6302741765975952 0.5240223407745361 0.025000452995300293 0.046875834465026855
0 0.9947454929351807 0.6153068542480469 0.010509014129638672 0.04835611581802368
1 0.3881646990776062 0.5023114681243896 0.010526508092880249 0.04046124219894409
1 0.3730328381061554 0.500831127166748 0.011184394359588623 0.038487523794174194
0 0.3244766891002655 0.5883666276931763 0.11184585094451904 0.1280953288078308
1 0.7500131130218506 0.5200748443603516 0.00822383165359497 0.022697746753692627
0 0.5594078302383423 0.5137308835983276 0.02767890691757202 0.034328579902648926
0 0.7213941812515259 0.5393186807632446 0.05329042673110962 0.056744396686553955
0 0.4572448432445526 0.5146471858024597 0.017434537410736084 0.052303582429885864
0 0.6431033611297607 0.5146471261978149 0.012829184532165527 0.01381605863571167
1 0.696064829826355 0.5111931562423706 0.004605352878570557 0.006908059120178223
1 0.219082772731781 0.5042851567268372 0.029276832938194275 0.0631590187549591
1 0.7095518708229065 0.5131669044494629 0.003618478775024414 0.006907999515533447
0 0.19309547543525696 0.6774789690971375 0.22072754800319672 0.30641984939575195
0 0.5069167613983154 0.5131669044494629 0.044079750776290894 0.059211552143096924
0 0.488741397857666 0.5127968788146973 0.010197550058364868 0.033059775829315186
1 0.3569687604904175 0.49713045358657837 0.01118442416191101 0.044490933418273926
0 0.544041097164154 0.521061897277832 0.008646845817565918 0.010855495929718018
0 0.5950764417648315 0.5290799140930176 0.06546169519424438 0.0726575255393982
0 0.6891567707061768 0.533890962600708 0.04144805669784546 0.04391521215438843
0 0.46448180079460144 0.5185946226119995 0.01578974723815918 0.03454011678695679
0 0.6579062938690186 0.5240223407745361 0.037829577922821045 0.03602039813995361
1 0.5322461128234863 0.5111931562423706 0.005263268947601318 0.02368462085723877
0 0.4368497431278229 0.52303546667099 0.05230355262756348 0.06463930010795593
1 0.3670448064804077 0.49905502796173096 0.014737159013748169 0.04115226864814758
