0 0.31217652559280396 0.5146471261978149 0.008552789688110352 0.003947436809539795
0 0.5329040288925171 0.5269829034805298 0.021381914615631104 0.027138590812683105
0 0.4358628988265991 0.5146471261978149 0.009868592023849487 0.011842310428619385
0 0.491784930229187 0.5116865634918213 0.002631634473800659 0.003947436809539795
0 0.49889034032821655 0.5005350708961487 0.0020395219326019287 0.0029605627059936523
0 0.48356109857559204 0.5018180012702942 0.003289520740509033 0.003947407007217407
0 0.4974241852760315 0.500831127166748 0.0019737184047698975 0.0029605627059936523
0 0.4789557456970215 0.5126734375953674 0.005263268947601318 0.0049343109130859375
0 0.42928382754325867 0.505765438079834 0.003289520740509033 0.003947436809539795
0 0.5128379464149475 0.5166208744049072 0.00789487361907959 0.011842310428619385
0 0.4878374934196472 0.5126733779907227 0.00789487361907959 0.011842310428619385
0 0.37434861063957214 0.5116865634918213 0.003289520740509033 0.003947436809539795
0 0.4271605610847473 0.5146471261978149 0.009868592023849487 0.011842310428619385
0 0.3572430908679962 0.5329040288925171 0.03454005718231201 0.03996783494949341
0 0.25230705738067627 0.5437594652175903 0.06908014416694641 0.06661301851272583
0 0.4551979899406433 0.5109189748764038 0.0032164156436920166 0.003947436809539795
0 0.45231056213378906 0.5368515253067017 0.025987297296524048 0.0310860276222229
0 0.44309985637664795 0.5146471261978149 0.00789487361907959 0.0098685622215271
0 0.45652133226394653 0.5203710198402405 0.013684481382369995 0.015987515449523926
0 0.4782978296279907 0.5028048753738403 0.002631634473800659 0.003947436809539795
0 0.4963902533054352 0.533890962600708 0.02335566282272339 0.025164902210235596
0 0.12919634580612183 0.7154730558395386 0.25839269161224365 0.5615229606628418
0 0.4477052092552185 0.5106997489929199 0.006579071283340454 0.0098685622215271
0 0.5075746774673462 0.5126734972000122 0.002631664276123047 0.003947436809539795
0 0.488495409488678 0.500831127166748 0.002631634473800659 0.0029605627059936523
0 0.5056009292602539 0.5126734972000122 0.0026316046714782715 0.003947436809539795
0 0.4059281349182129 0.5250091552734375 0.02138194441795349 0.025164902210235596
0 0.46579763293266296 0.5185946226119995 0.008552789688110352 0.0098685622215271
0 0.49902188777923584 0.5106997489929199 0.003289550542831421 0.003947436809539795
