0 0.04309286177158356 0.5279697775840759 0.023355673998594284 0.02368462085723877
0 0.423362672328949 0.5343843698501587 0.033553242683410645 0.01628321409225464
1 0.32007139921188354 0.5511609315872192 0.01315811276435852 0.06167870759963989
0 0.2822417616844177 0.5467200875282288 0.022697776556015015 0.031086087226867676
0 0.09539639949798584 0.5486937761306763 0.04934296756982803 0.05970495939254761
0 0.032401882112026215 0.560042679309845 0.06480376422405243 0.09177792072296143
0 0.12204161286354065 0.5467200875282288 0.05361936241388321 0.03305983543395996
0 0.7315917015075684 0.6271491050720215 0.1710556149482727 0.21414846181869507
0 0.5016535520553589 0.5437594652175903 0.04046124219894409 0.03503352403640747
0 0.23322775959968567 0.5269829034805298 0.018421366810798645 0.016283154487609863
1 0.8796206712722778 0.644912600517273 0.04046124219894409 0.17072665691375732
0 0.21974068880081177 0.5506675243377686 0.054277271032333374 0.04095470905303955
1 0.3246767520904541 0.5743521451950073 0.022039860486984253 0.09276479482650757
1 0.4516526460647583 0.5743521451950073 0.02401357889175415 0.08486992120742798
0 0.30461061000823975 0.5412923693656921 0.029605776071548462 0.025658369064331055
