0 0.5776417255401611 0.5190880298614502 0.08125144243240356 0.08585676550865173
0 0.5220485925674438 0.4194152355194092 0.020395100116729736 0.01924377679824829
0 0.5875102877616882 0.40806636214256287 0.014802932739257812 0.022204339504241943
0 0.853304386138916 0.8323248624801636 0.2904655933380127 0.3353502154350281
0 0.5516543984413147 0.4164546728134155 0.02203989028930664 0.030592650175094604
0 0.4898111820220947 0.42188239097595215 0.023026704788208008 0.03157949447631836
0 0.5322461128234863 0.4801070988178253 0.03125053644180298 0.03996783494949341
0 0.9289548397064209 0.5852075815200806 0.14209026098251343 0.18799668550491333
0 0.0960543155670166 0.5506675243377686 0.1539500653743744 0.16184493899345398
0 0.5496807098388672 0.49688369035720825 0.04506653547286987 0.0636523962020874
0 0.013322602026164532 0.579779863357544 0.026645204052329063 0.10658079385757446
0 0.5220485925674438 0.4692516326904297 0.023026704788208008 0.033059775829315186
