0 0.3016500174999237 0.4840545058250427 0.003618478775024414 0.005427747964859009
0 0.5182110071182251 0.48060035705566406 0.01710563898086548 0.02384933829307556
0 0.37730923295021057 0.4746793508529663 0.011842310428619385 0.009868592023849487
0 0.5217196345329285 0.488495409488678 0.01644766330718994 0.02072402834892273
0 0.44342881441116333 0.4751727283000946 0.011184394359588623 0.016776621341705322
0 0.2274692952632904 0.4994746148586273 0.02746795117855072 0.030222952365875244
0 0.13519972562789917 0.500831127166748 0.0230267196893692 0.020724058151245117
0 0.3532956838607788 0.4825742244720459 0.013816028833389282 0.015296310186386108
0 0.5309303402900696 0.49639028310775757 0.02203989028930664 0.026151806116104126
0 0.07368549704551697 0.5146471261978149 0.041448093950748444 0.03602033853530884
0 0.5444174408912659 0.5106997489929199 0.03223741054534912 0.03750064969062805
0 0.47040295600891113 0.4746793508529663 0.00822383165359497 0.009868592023849487
0 0.12039684504270554 0.5092194080352783 0.03322426974773407 0.02072402834892273
0 0.27401795983314514 0.4924428462982178 0.025000452995300293 0.024671465158462524
0 0.46448183059692383 0.48553481698036194 0.014802902936935425 0.01924377679824829
0 0.3532956540584564 0.4825742244720459 0.012829184532165527 0.017763465642929077
0 0.3329005837440491 0.488495409488678 0.022039860486984253 0.02072402834892273
0 0.3230319619178772 0.48701509833335876 0.002631634473800659 0.003947436809539795
0 0.31127095222473145 0.4924428164958954 0.019819825887680054 0.02171117067337036
0 0.24835960566997528 0.503298282623291 0.03388217091560364 0.02615177631378174
0 0.34309810400009155 0.48701509833335876 0.013816028833389282 0.01924377679824829
0 0.1019754707813263 0.5309303998947144 0.06447482109069824 0.04835611581802368
0 0.488495409488678 0.4771465063095093 0.01842138171195984 0.01924377679824829
0 0.42402058839797974 0.47171878814697266 0.003618478775024414 0.008388310670852661
0 0.44902101159095764 0.4771465063095093 0.009210705757141113 0.015296339988708496
0 0.36250633001327515 0.4771465063095093 0.011842310428619385 0.010855436325073242
0 0.5023114085197449 0.48158735036849976 0.011842340230941772 0.017763465642929077
0 0.36809855699539185 0.4840545058250427 0.01644766330718994 0.019243746995925903
0 0.47204774618148804 0.47023850679397583 0.006579071283340454 0.003947466611862183
0 0.3940856456756592 0.4746793508529663 0.012829184532165527 0.012335747480392456
0 0.4572448432445526 0.47566622495651245 0.014802873134613037 0.015296310186386108
0 0.48948225378990173 0.5284631848335266 0.05065876245498657 0.0636523962020874
0 0.022039858624339104 0.533890962600708 0.04407971724867821 0.04835611581802368
0 0.2611887753009796 0.48553478717803955 0.012829184532165527 0.008388310670852661
0 0.46267271041870117 0.46629106998443604 0.013816028833389282 0.015296310186386108
0 0.3338874280452728 0.4786267876625061 0.011842310428619385 0.012335747480392456
0 0.46481087803840637 0.4786263406276703 0.01578974723815918 0.01743394136428833
0 0.438659131526947 0.4635767936706543 0.01118442416191101 0.013816028833389282
0 0.18388479948043823 0.5185946226119995 0.045066580176353455 0.03700721263885498
0 0.4539552927017212 0.4954034090042114 0.023026734590530396 0.030592650175094604
0 0.15921330451965332 0.49639028310775757 0.0250004380941391 0.013816028833389282
0 0.29342618584632874 0.488495409488678 0.021053016185760498 0.02072402834892273
0 0.3850387632846832 0.47936713695526123 0.011842310428619385 0.010361462831497192
0 0.26217564940452576 0.6177740097045898 0.15822644531726837 0.15296322107315063
0 0.43158650398254395 0.4731990694999695 0.0055921971797943115 0.010855436325073242
0 0.4269811511039734 0.47171878814697266 0.003618478775024414 0.006908029317855835
0 0.2519780993461609 0.488495409488678 0.025000452995300293 0.017763465642929077
0 0.4361918568611145 0.4746793508529663 0.010197550058364868 0.01085546612739563
0 0.31447917222976685 0.4786267876625061 0.011842340230941772 0.006908029317855835
0 0.4921138882637024 0.48158735036849976 0.017434507608413696 0.009868592023849487
0 0.5676637291908264 0.4796134829521179 0.027303338050842285 0.021547168493270874
0 0.1996745467185974 0.49639028310775757 0.04046124219894409 0.03700724244117737
0 0.477749764919281 0.47550147771835327 0.010197550058364868 0.013816028833389282
0 0.153621107339859 0.5146471858024597 0.03782960772514343 0.03700724244117737
0 0.48948222398757935 0.4993508458137512 0.03782960772514343 0.03157949447631836
