0 0.3322426676750183 0.5363580584526062 0.09835699200630188 0.07154726982116699
0 0.33048808574676514 0.4973771572113037 0.07083472609519958 0.01973724365234375
0 0.8930167555809021 0.8451540470123291 0.2139664888381958 0.309691846370697
0 0.5049430131912231 0.533890962600708 0.01282915472984314 0.016776621341705322
0 0.5730363130569458 0.5309303402900696 0.04704028367996216 0.07845532894134521
0 0.6901436448097229 0.6177739500999451 0.14342355728149414 0.1574040651321411
0 0.16009025275707245 0.5794512629508972 0.3201805055141449 0.22993877530097961
0 0.4151638150215149 0.5328283905982971 0.029099971055984497 0.01912999153137207
0 0.5325751304626465 0.5240223407745361 0.04868507385253906 0.03848749399185181
0 0.36974331736564636 0.500831127166748 0.059869468212127686 0.013815999031066895
0 0.3358611464500427 0.52303546667099 0.09835699200630188 0.05378386378288269
0 0.6072474718093872 0.5447463989257812 0.08815944194793701 0.09375160932540894
0 0.09473849833011627 0.5753390192985535 0.18388479948043823 0.09671223163604736
0 0.3707301616668701 0.52303546667099 0.07171177864074707 0.05526411533355713
