0 0.014967367053031921 0.6330702900886536 0.029934734106063843 0.0804290771484375
1 0.5181012153625488 0.5116865634918213 0.009539663791656494 0.0444086492061615
0 0.4631659984588623 0.5003377199172974 0.012500226497650146 0.025658369064331055
1 0.5332330465316772 0.5023114085197449 0.005592167377471924 0.03404664993286133
0 0.3404664993286133 0.536358118057251 0.04802712798118591 0.03799408674240112
0 0.2286224216222763 0.5304369330406189 0.06579062342643738 0.04440867900848389
0 0.37507253885269165 0.49609434604644775 0.022039741277694702 0.009177833795547485
0 0.06809329986572266 0.5940893292427063 0.028947878628969193 0.09177792072296143
0 0.3246767520904541 0.5077391862869263 0.01315811276435852 0.006414592266082764
0 0.3252028822898865 0.5404044985771179 0.031448304653167725 0.03602039813995361
0 0.4473762512207031 0.5126734375953674 0.02335566282272339 0.03207290172576904
0 0.3095448911190033 0.5200749039649963 0.008881747722625732 0.018750309944152832
0 0.3595457673072815 0.5363580584526062 0.03914541006088257 0.0424349308013916
0 0.3424401879310608 0.5041207671165466 0.011403769254684448 0.01167789101600647
0 0.32599255442619324 0.5131667852401733 0.02631622552871704 0.011348903179168701
0 0.4921138882637024 0.5003377199172974 0.0460534393787384 0.07401445508003235
1 0.5552728772163391 0.5116865634918213 0.015131831169128418 0.05773124098777771
0 0.17368724942207336 0.5269829034805298 0.017763465642929077 0.011348843574523926
1 0.5394831299781799 0.5077391862869263 0.010855436325073242 0.04539555311203003
0 0.45987647771835327 0.5097128748893738 0.008881717920303345 0.03207293152809143
0 0.37599343061447144 0.4939231276512146 0.01644766330718994 0.00296059250831604
0 0.5970499515533447 0.5077391862869263 0.004934251308441162 0.017270028591156006
0 0.37270388007164 0.5250091552734375 0.02401357889175415 0.04243499040603638
0 0.14597246050834656 0.6049450635910034 0.15756894648075104 0.14876937866210938
0 0.36316412687301636 0.5003377199172974 0.005921065807342529 0.010855495929718018
0 0.19276651740074158 0.5279697179794312 0.006908014416694641 0.006414592266082764
0 0.32697927951812744 0.6301096677780151 0.14112088084220886 0.15049606561660767
1 0.30263686180114746 0.5087260007858276 0.003289550542831421 0.011348843574523926
0 0.41250723600387573 0.5353711843490601 0.06644853949546814 0.09079104661941528
0 0.2738533318042755 0.5604128837585449 0.09449194371700287 0.10226333141326904
0 0.20658256113529205 0.5610295534133911 0.0460534393787384 0.058718085289001465
