0 0.7671186923980713 0.5417858362197876 0.057895779609680176 0.030099213123321533
0 0.30263686180114746 0.5338909029960632 0.031250566244125366 0.023191213607788086
0 0.303952693939209 0.5457332134246826 0.025987297296524048 0.03207296133041382
0 0.3746775984764099 0.5368515253067017 0.03717169165611267 0.020723998546600342
0 0.2704000473022461 0.5431013107299805 0.020065993070602417 0.01578974723815918
0 0.17631888389587402 0.537838339805603 0.01743452250957489 0.00789487361907959
0 0.4842190146446228 0.5250091552734375 0.01315811276435852 0.012829124927520752
0 0.15098948776721954 0.537838339805603 0.035855889320373535 0.01776343584060669
0 0.23355671763420105 0.5329040288925171 0.016776621341705322 0.01381605863571167
0 0.5296145677566528 0.5329040288925171 0.03980332612991333 0.01776343584060669
0 0.005921156145632267 0.5457332134246826 0.011842312291264534 0.02417808771133423
0 0.6572483777999878 0.537838339805603 0.0631590485572815 0.03503352403640747
0 0.469087153673172 0.5309303402900696 0.0365138053894043 0.028125524520874023
0 0.5829049348831177 0.533890962600708 0.04671132564544678 0.025164902210235596
