1 0.8190932273864746 0.5338909029960632 0.024671494960784912 0.054770708084106445
0 0.8500149250030518 0.48158735036849976 0.08914631605148315 0.05230352282524109
1 0.09506745636463165 0.4648107588291168 0.01282917708158493 0.04983639717102051
1 0.7315917611122131 0.5477069616317749 0.02368462085723877 0.10312679409980774
0 0.7496841549873352 0.5269829034805298 0.14539730548858643 0.08684360980987549
1 0.11644940823316574 0.46629106998443604 0.011184409260749817 0.03305980563163757
1 0.011266644112765789 0.5580689907073975 0.022533288225531578 0.12237054109573364
0 0.8427779078483582 0.4954034090042114 0.10033071041107178 0.05674442648887634
0 0.8207380771636963 0.5171142816543579 0.12960749864578247 0.07845529913902283
0 0.5858654975891113 0.4263232350349426 0.024452030658721924 0.061185091733932495
0 0.8335672616958618 0.6676104068756104 0.24276739358901978 0.2250038981437683
0 0.4204021096229553 0.44704729318618774 0.295399934053421 0.14358803629875183
1 0.5904708504676819 0.45247501134872437 0.008552789688110352 0.01282915472984314
1 0.07993561029434204 0.47763994336128235 0.01611870527267456 0.035526931285858154
0 0.614484429359436 0.4347115755081177 0.04309284687042236 0.05082324147224426
1 0.573365330696106 0.45494216680526733 0.010197579860687256 0.015296310186386108
0 0.9726234078407288 0.8751299381256104 0.05475318431854248 0.24974018335342407
1 0.7460656762123108 0.542772650718689 0.026316285133361816 0.08931076526641846
0 0.5258314609527588 0.6468851566314697 0.16200879216194153 0.19515091180801392
0 0.5656909942626953 0.494745135307312 0.13640490174293518 0.07944169640541077
1 0.7319209575653076 0.5484467148780823 0.025494396686553955 0.10435959696769714
2 0.9338979721069336 0.5871813297271729 0.05263251066207886 0.14901578426361084
1 0.08322513848543167 0.573365330696106 0.054277267307043076 0.1327325701713562
