0 0.5194169878959656 0.5852075815200806 0.07039594650268555 0.08980423212051392
1 0.4196896553039551 0.565854012966156 0.010690957307815552 0.056195974349975586
1 0.88126540184021 0.5506675243377686 0.013487040996551514 0.06315898895263672
0 0.6125107407569885 0.5422792434692383 0.03519797325134277 0.03848749399185181
0 0.5355356931686401 0.5210617780685425 0.011513352394104004 0.011348903179168701
1 0.08585676550865173 0.5743521451950073 0.015131846070289612 0.06759989261627197
0 0.19276653230190277 0.5536280870437622 0.02927681803703308 0.017270028591156006
1 0.6838935613632202 0.5235288739204407 0.004605352878570557 0.01578974723815918
0 0.5388252139091492 0.5284632444381714 0.009210705757141113 0.016776621341705322
1 0.7912963032722473 0.5135372877120972 0.004605293273925781 0.016776621341705322
0 0.6865251660346985 0.5580689907073975 0.0674353837966919 0.05822467803955078
1 0.35754430294036865 0.5661138296127319 0.009010285139083862 0.05959731340408325
0 0.6230372190475464 0.5309303402900696 0.016118645668029785 0.024178028106689453
1 0.7342233657836914 0.540305495262146 0.010526537895202637 0.04835611581802368
1 0.38586199283599854 0.5585623979568481 0.021710902452468872 0.05181014537811279
0 0.5348778963088989 0.5250091552734375 0.010526478290557861 0.014309465885162354
1 0.7265809774398804 0.5324106216430664 0.008805692195892334 0.025506138801574707
1 0.7694213390350342 0.5279697775840759 0.00822383165359497 0.02368462085723877
1 0.47727465629577637 0.5553278923034668 0.010526478290557861 0.06513267755508423
0 0.5184301137924194 0.5151405930519104 0.010526478290557861 0.008388280868530273
1 0.441373348236084 0.5250093340873718 0.010526508092880249 0.01578974723815918
1 0.4361918568611145 0.5560952425003052 0.010526508092880249 0.04835611581802368
0 0.0634879544377327 0.5595492720603943 0.011513356119394302 0.011348843574523926
1 0.8894892930984497 0.5491872429847717 0.011842310428619385 0.0636523962020874
0 0.5516543984413147 0.509712815284729 0.011513352394104004 0.017270028591156006
0 0.7312628030776978 0.6562614440917969 0.1727004051208496 0.19490474462509155
0 0.2536228597164154 0.5422792434692383 0.007236957550048828 0.016776621341705322
0 0.23881995677947998 0.5452398061752319 0.024013563990592957 0.019243717193603516
1 0.7591280937194824 0.5190880298614502 0.011305570602416992 0.02368462085723877
1 0.005098773632198572 0.5832338929176331 0.010197547264397144 0.065132737159729
1 0.3558182716369629 0.5646892189979553 0.012747108936309814 0.06949186325073242
0 0.4921138882637024 0.52303546667099 0.006579071283340454 0.009868621826171875
0 0.5013245344161987 0.5166208744049072 0.018092453479766846 0.028618931770324707
0 0.5404700040817261 0.5279697179794312 0.009539663791656494 0.017270028591156006
0 0.5570821762084961 0.5151405930519104 0.00904613733291626 0.006908059120178223
0 0.5194169878959656 0.5393186807632446 0.02368462085723877 0.011348903179168701
0 0.5490227937698364 0.5309303402900696 0.01611870527267456 0.0212174654006958
1 0.4263243079185486 0.5757086873054504 0.020641744136810303 0.081168532371521
0 0.2778012752532959 0.5393185615539551 0.01233595609664917 0.016283392906188965
0 0.3532956540584564 0.5353711843490601 0.005592226982116699 0.016776621341705322
1 0.676327645778656 0.520568311214447 0.007236957550048828 0.017763495445251465
1 0.41057056188583374 0.5632225275039673 0.015716522932052612 0.0730820894241333
1 0.8690941333770752 0.5274763107299805 0.008552789688110352 0.043421804904937744
1 0.04243495315313339 0.5758324861526489 0.01940823346376419 0.04835611581802368
1 0.4707319140434265 0.5630033016204834 0.010526508092880249 0.060691893100738525
0 0.0055922032333910465 0.5699113011360168 0.011184406466782093 0.03454005718231201
1 0.17631888389587402 0.5491872429847717 0.008223816752433777 0.016776561737060547
1 0.44799351692199707 0.5657169818878174 0.013774842023849487 0.06883323192596436
0 0.16891759634017944 0.5521478652954102 0.021710649132728577 0.01381605863571167
1 0.7491897940635681 0.5411688089370728 0.014062643051147461 0.031743407249450684
0 0.9320799112319946 0.6661300659179688 0.13584011793136597 0.16381865739822388
2 0.5796153545379639 0.525502622127533 0.004605352878570557 0.016776561737060547
0 0.49869298934936523 0.5309303402900696 0.016118735074996948 0.0212174654006958
1 0.7725462317466736 0.556341826915741 0.013157963752746582 0.050083041191101074
0 0.5565887689590454 0.5210617780685425 0.011513352394104004 0.014309465885162354
1 0.3888739347457886 0.5636863708496094 0.012398898601531982 0.06737178564071655
0 0.522377610206604 0.5294499397277832 0.017105579376220703 0.02417808771133423
1 0.7201806306838989 0.5405521392822266 0.00629115104675293 0.02439361810684204
1 0.4532974064350128 0.5694178342819214 0.011184394359588623 0.060691893100738525
1 0.7705533504486084 0.540305495262146 0.01169586181640625 0.05011016130447388
1 0.4329023063182831 0.531423807144165 0.011842310428619385 0.022697746753692627
0 0.5671151876449585 0.5467200875282288 0.03618478775024414 0.042928338050842285
1 0.46777135133743286 0.5718849897384644 0.02105298638343811 0.06414586305618286
1 0.8131721019744873 0.570898175239563 0.015131831169128418 0.04983639717102051
0 0.21875382959842682 0.5491872429847717 0.02138194441795349 0.016776561737060547
0 0.6325768232345581 0.6034644842147827 0.07993561029434204 0.09375160932540894
0 0.514811635017395 0.5309303402900696 0.01809239387512207 0.012829184532165527
1 0.688498854637146 0.5235288739204407 0.0029606223106384277 0.01578974723815918
0 0.5184301137924194 0.5309303402900696 0.021053016185760498 0.01727008819580078
