0 0.38191455602645874 0.5852075815200806 0.029605776071548462 0.04292839765548706
0 0.1115151047706604 0.6241885423660278 0.13750240206718445 0.08042901754379272
0 0.6881699562072754 0.690308153629303 0.11809414625167847 0.12582457065582275
0 0.3615194857120514 0.5935959219932556 0.03519797325134277 0.04440867900848389
0 0.45296844840049744 0.5782995820045471 0.03223741054534912 0.02615177631378174
0 0.8348830342292786 0.6281360387802124 0.1328970193862915 0.07450789213180542
0 0.49342969059944153 0.5753390192985535 0.02401357889175415 0.030592679977416992
0 0.6743538975715637 0.5935959219932556 0.07467234134674072 0.041448116302490234
0 0.25822821259498596 0.6350439786911011 0.08684362471103668 0.0828961730003357
0 0.5756679773330688 0.6044514179229736 0.04967188835144043 0.056744396686553955
0 0.0509054958820343 0.6528074741363525 0.1018109917640686 0.07352101802825928
0 0.5276408195495605 0.5896484851837158 0.007236957550048828 0.008388280868530273
0 0.18355584144592285 0.6088922023773193 0.06842225790023804 0.04292839765548706
0 0.6273136138916016 0.5837273597717285 0.04440867900848389 0.03996783494949341
0 0.5434305667877197 0.5768193006515503 0.027632057666778564 0.03602039813995361
0 0.6384980082511902 0.5674441456794739 0.019408226013183594 0.010855436325073242
0 0.2381620556116104 0.5921156406402588 0.04506656527519226 0.03996783494949341
0 0.4861927032470703 0.6158002614974976 0.04144808650016785 0.04835611581802368
0 0.7315917015075684 0.5990236401557922 0.09868592023849487 0.0636523962020874
