0 0.039474375545978546 0.5610295534133911 0.011184405535459518 0.010362029075622559
0 0.904292106628418 0.5250091552734375 0.05394834280014038 0.02565830945968628
0 0.7450788021087646 0.5319172143936157 0.020723998546600342 0.005921125411987305
0 0.8161327242851257 0.531423807144165 0.05296146869659424 0.024671494960784912
0 0.21085895597934723 0.5556018352508545 0.01644766330718994 0.010855436325073242
0 0.8296197652816772 0.5146471261978149 0.017434537410736084 0.01776343584060669
0 0.7944217920303345 0.5259960889816284 0.046053409576416016 0.028125464916229248
0 0.29539990425109863 0.5506675243377686 0.0365138053894043 0.018750309944152832
0 0.869752049446106 0.5151405930519104 0.062172114849090576 0.03305980563163757
0 0.8776469230651855 0.5240223407745361 0.027303099632263184 0.019737184047698975
0 0.9618589878082275 0.520568311214447 0.06710642576217651 0.03848755359649658
0 0.9844657182693481 0.5269829034805298 0.03106856346130371 0.026645183563232422
0 0.9368585348129272 0.5259960293769836 0.03980332612991333 0.028618931770324707
0 0.04901401698589325 0.5639901161193848 0.027632061392068863 0.01825690269470215
0 0.7197494506835938 0.5279697775840759 0.019737184047698975 0.010855436325073242
0 0.7352102398872375 0.5279697775840759 0.012171268463134766 0.010855436325073242
0 0.07993561029434204 0.5649769902229309 0.07138282060623169 0.019243717193603516
