0 0.5208401679992676 0.5108602046966553 0.018750369548797607 0.02417808771133423
0 0.5556018352508545 0.5467201471328735 0.02203989028930664 0.043421804904937744
0 0.5131669044494629 0.503298282623291 0.022039830684661865 0.028125524520874023
0 0.5404700040817261 0.5259960293769836 0.033882200717926025 0.03947436809539795
0 0.38487517833709717 0.5146471858024597 0.02138194441795349 0.03207293152809143
0 0.49277180433273315 0.4983639717102051 0.009210675954818726 0.01282915472984314
1 0.2713863253593445 0.5472135543823242 0.014473915100097656 0.046382367610931396
0 0.5891069173812866 0.5711075067520142 0.046946585178375244 0.05068230628967285
0 0.5818505883216858 0.5529332756996155 0.06197524070739746 0.05674469470977783
1 0.5674441456794739 0.5116865634918213 0.009210705757141113 0.02713865041732788
0 0.525006890296936 0.5251282453536987 0.024671494960784912 0.037007272243499756
0 0.3960595726966858 0.5121800303459167 0.007565915584564209 0.024178028106689453
0 0.49869292974472046 0.503298282623291 0.009210675954818726 0.013816028833389282
0 0.4837784171104431 0.5092157125473022 0.022039860486984253 0.02911236882209778
0 0.35772520303726196 0.5430072546005249 0.03415682911872864 0.03848844766616821
0 0.3746775984764099 0.5289566516876221 0.022039860486984253 0.030592620372772217
0 0.24638588726520538 0.7056044340133667 0.14868679642677307 0.1692463755607605
0 0.3822435140609741 0.5210617780685425 0.02039507031440735 0.026645243167877197
