0 0.5187590718269348 0.34885478019714355 0.035855889320373535 0.027632057666778564
0 0.43684977293014526 0.38339486718177795 0.014802902936935425 0.02911233901977539
0 0.3845462203025818 0.4593830406665802 0.048685044050216675 0.05995231866836548
0 0.574517011642456 0.43939855694770813 0.041448116302490234 0.046875834465026855
0 0.6210634708404541 0.5353712439537048 0.07006698846817017 0.08684363961219788
0 0.5340558290481567 0.3801869750022888 0.010197579860687256 0.022943884134292603
0 0.45987647771835327 0.3557628095149994 0.01644766330718994 0.020724058151245117
0 0.551490306854248 0.3952367901802063 0.030263662338256836 0.03454005718231201
1 0.24539902806282043 0.540305495262146 0.03157949447631836 0.08289620280265808
0 0.4213889539241791 0.40855979919433594 0.036349713802337646 0.0523047149181366
0 0.560207188129425 0.4171942174434662 0.033553481101989746 0.04835611581802368
0 0.6174449920654297 0.4016517698764801 0.012829124927520752 0.02911233901977539
0 0.8815855979919434 0.8308446407318115 0.2368287444114685 0.33831077814102173
0 0.07088939845561981 0.7820860147476196 0.14177879691123962 0.38882261514663696
0 0.4255012571811676 0.3456469178199768 0.005099177360534668 0.007647573947906494
0 0.5325751304626465 0.3725394010543823 0.022039830684661865 0.02072402834892273
0 0.6036289930343628 0.3745127320289612 0.027138233184814453 0.022943884134292603
0 0.5993525981903076 0.4978705644607544 0.06651437282562256 0.07766583561897278
0 0.35740718245506287 0.4993508458137512 0.06250107288360596 0.08289620280265808
1 0.9812583923339844 0.6232017278671265 0.037483155727386475 0.08783048391342163
0 0.5463911294937134 0.38487517833709717 0.027632057666778564 0.030592650175094604
0 0.43783658742904663 0.4033781886100769 0.013322979211807251 0.03454124927520752
0 0.4613555669784546 0.6868486404418945 0.1725355088710785 0.22623419761657715
0 0.44704729318618774 0.36809855699539185 0.02401357889175415 0.027632057666778564
0 0.5534640550613403 0.40485846996307373 0.026645243167877197 0.03774678707122803
