0 0.23750415444374084 0.585701048374176 0.01677660644054413 0.013815999031066895
0 0.9467270970344543 0.5457332134246826 0.02138197422027588 0.020724058151245117
0 0.35263776779174805 0.566704511642456 0.02138194441795349 0.00789487361907959
0 0.4013228118419647 0.5595492720603943 0.00789487361907959 0.005921125411987305
0 0.2861891984939575 0.6083987951278687 0.048685044050216675 0.056744396686553955
0 0.6871830821037292 0.5565887093544006 0.006579041481018066 0.0049343109130859375
0 0.30658429861068726 0.5995171070098877 0.02664521336555481 0.03799408674240112
0 0.37730923295021057 0.5654704570770264 0.00789487361907959 0.00592118501663208
0 0.25888609886169434 0.5886616110801697 0.02730312943458557 0.03305983543395996
0 0.7074138522148132 0.5527635812759399 0.008881688117980957 0.004687607288360596
0 0.5796154141426086 0.5565886497497559 0.2115168571472168 0.3789539933204651
0 0.3878357410430908 0.5605361461639404 0.013816028833389282 0.0098685622215271
0 0.30976420640945435 0.5674432516098022 0.013267964124679565 0.004934251308441162
0 0.3727039098739624 0.5615229606628418 0.010526508092880249 0.0098685622215271
0 0.9493587017059326 0.5625098943710327 0.020724058151245117 0.030099213123321533
0 0.3687564730644226 0.5689244270324707 0.009868592023849487 0.005921125411987305
