1 0.5667598247528076 0.4513235092163086 0.006168007850646973 0.01815381646156311
0 0.9608633518218994 0.8261570334434509 0.07827335596084595 0.34768593311309814
0 0.7257647514343262 0.55940842628479 0.09873312711715698 0.11257261037826538
0 0.397901713848114 0.4939231276512146 0.02901366353034973 0.03394797444343567
0 0.5671156644821167 0.49194806814193726 0.026151597499847412 0.02689012885093689
0 0.7982045412063599 0.5980366468429565 0.14260107278823853 0.15715724229812622
1 0.6733670234680176 0.4983639717102051 0.011513352394104004 0.02861890196800232
0 0.5447463989257812 0.460863322019577 0.009210646152496338 0.020724058151245117
0 0.5769838094711304 0.5047785639762878 0.026645243167877197 0.03305980563163757
1 0.2828996777534485 0.4810939431190491 0.009539633989334106 0.014309465885162354
0 0.4261917471885681 0.5161274671554565 0.04565873742103577 0.057731300592422485
1 0.6069185137748718 0.508972704410553 0.011513352394104004 0.04465535283088684
1 0.4168938100337982 0.45247501134872437 0.006908416748046875 0.016282886266708374
1 0.6666218042373657 0.49984365701675415 0.011513352394104004 0.02491772174835205
1 0.7171837091445923 0.49569952487945557 0.017105579376220703 0.023882031440734863
1 0.7003402709960938 0.5033878087997437 0.013875722885131836 0.030099183320999146
0 0.49310073256492615 0.48701512813568115 0.10296231508255005 0.1574040949344635
1 0.38355934619903564 0.48948222398757935 0.010526478290557861 0.03404662013053894
0 0.4230337142944336 0.4455670118331909 0.01578974723815918 0.006907999515533447
0 0.5625098347663879 0.47763997316360474 0.03289532661437988 0.03355327248573303
0 0.43783658742904663 0.4593830406665802 0.017434507608413696 0.024671494960784912
0 0.6687617301940918 0.5477069616317749 0.06546169519424438 0.0730276107788086
1 0.19753658771514893 0.546720027923584 0.02615174651145935 0.11324205994606018
1 0.5892207622528076 0.4694490134716034 0.007565915584564209 0.035526931285858154
0 0.3118475675582886 0.4840545058250427 0.03782960772514343 0.036020368337631226
0 0.49671921133995056 0.5432660579681396 0.1059228777885437 0.09523195028305054
0 0.44342881441116333 0.45099472999572754 0.011184394359588623 0.012335747480392456
0 0.25493866205215454 0.5669506788253784 0.10592290759086609 0.09917932748794556
0 0.5023114085197449 0.6177740097045898 0.1269758939743042 0.16431206464767456
0 0.5509964823722839 0.5102063417434692 0.025658369064331055 0.04292839765548706
0 0.4272441864013672 0.47438329458236694 0.02703997492790222 0.03335586190223694
0 0.2931627035140991 0.5375423431396484 0.08348843455314636 0.09947556257247925
0 0.43783658742904663 0.46234363317489624 0.017434507608413696 0.023684650659561157
1 0.5829871892929077 0.46715450286865234 0.006085574626922607 0.02417793869972229
1 0.6494840979576111 0.5040872097015381 0.016710638999938965 0.05190759897232056
0 0.9171948432922363 0.6306031346321106 0.16561037302017212 0.2151353359222412
0 0.41191500425338745 0.4843505918979645 0.02342146635055542 0.024474143981933594
