0 0.5884971618652344 0.5131669044494629 0.01381605863571167 0.03996780514717102
0 0.3782961070537567 0.5329040288925171 0.035855889320373535 0.04588896036148071
0 0.6236951351165771 0.5245157480239868 0.04901403188705444 0.05526411533355713
0 0.4881664514541626 0.4786267876625061 0.022039860486984253 0.02911236882209778
0 0.5674441456794739 0.5037916898727417 0.006579041481018066 0.023684591054916382
0 0.4575737714767456 0.500831127166748 0.010197550058364868 0.020724058151245117
0 0.42994174361228943 0.5398120880126953 0.06447482109069824 0.07598817348480225
1 0.4963902533054352 0.48734337091445923 0.006579160690307617 0.017763614654541016
0 0.2250039428472519 0.6764920949935913 0.21414849162101746 0.20872080326080322
0 0.48717957735061646 0.5047785639762878 0.026645183563232422 0.02368462085723877
0 0.5731459856033325 0.5092194676399231 0.0066887736320495605 0.023684650659561157
0 0.43356019258499146 0.4978705644607544 0.022039860486984253 0.012335777282714844
0 0.5138248205184937 0.48701512813568115 0.01381605863571167 0.012335747480392456
0 0.3190845251083374 0.5536280870437622 0.065461665391922 0.060691893100738525
0 0.500008761882782 0.4840545058250427 0.006579071283340454 0.012335747480392456
0 0.47106075286865234 0.49639010429382324 0.008881956338882446 0.016776591539382935
0 0.39112526178359985 0.5284632444381714 0.027632057666778564 0.04292839765548706
0 0.40691500902175903 0.5146471858024597 0.020395100116729736 0.02368462085723877
0 0.4512576758861542 0.5059627294540405 0.01611882448196411 0.026447921991348267
0 0.4786267876625061 0.4924428462982178 0.009210675954818726 0.013816028833389282
0 0.5802733302116394 0.5047785639762878 0.01578974723815918 0.04144808650016785
0 0.607905387878418 0.5161274671554565 0.04440867900848389 0.056744396686553955
0 0.4786267876625061 0.488495409488678 0.013816028833389282 0.012335747480392456
1 0.6779724359512329 0.503298282623291 0.007565915584564209 0.05082324147224426
0 0.5812602043151855 0.5092194080352783 0.010197579860687256 0.030592620372772217
0 0.4595475196838379 0.4939230978488922 0.01842138171195984 0.030592620372772217
0 0.5960630178451538 0.5077391862869263 0.03125053644180298 0.04588896036148071
0 0.5092194080352783 0.4801070988178253 0.014802873134613037 0.022204339504241943
0 0.468758225440979 0.4978705644607544 0.006579071283340454 0.019243746995925903
0 0.4713898301124573 0.4954034090042114 0.011184394359588623 0.020724058151245117
0 0.5194169878959656 0.4840545058250427 0.01019752025604248 0.012335747480392456
0 0.537838339805603 0.4746793508529663 0.025000452995300293 0.05279695987701416
0 0.9513236880302429 0.5047785639762878 0.09735262393951416 0.09128448367118835
0 0.5598782300949097 0.49096253514289856 0.013815999031066895 0.016776621341705322
0 0.5618519186973572 0.4939231276512146 0.01578974723815918 0.020724058151245117
0 0.6125106811523438 0.4840545058250427 0.009210646152496338 0.009868592023849487
0 0.5562597513198853 0.48701509833335876 0.01578974723815918 0.020724058151245117
0 0.5782996416091919 0.4993508458137512 0.02401357889175415 0.03602039813995361
0 0.3532956540584564 0.5422792434692383 0.03980332612991333 0.056744396686553955
0 0.42994174361228943 0.500831127166748 0.01578974723815918 0.009868592023849487
1 0.5947472453117371 0.48158738017082214 0.005263209342956543 0.00789487361907959
