0 0.47796887159347534 0.5111258625984192 0.007236987352371216 0.02531072497367859
0 0.9903045892715454 0.6266556978225708 0.019390761852264404 0.0804290771484375
1 0.7187625765800476 0.5274763107299805 0.015131831169128418 0.03157949447631836
0 0.5433209538459778 0.5041206479072571 0.02127230167388916 0.01578974723815918
1 0.1516473889350891 0.5452398061752319 0.02927681803703308 0.06463932991027832
0 0.4861927032470703 0.506739616394043 0.009210675954818726 0.019762486219406128
0 0.48520585894584656 0.511563241481781 0.004605352878570557 0.010547041893005371
1 0.8128432035446167 0.5245157480239868 0.014473974704742432 0.04490208625793457
1 0.34359151124954224 0.5237756371498108 0.012500196695327759 0.04083132743835449
0 0.6312472224235535 0.5096921324729919 0.041448116302490234 0.016776561737060547
0 0.6365243196487427 0.5452398061752319 0.045932233333587646 0.04897940158843994
0 0.46249163150787354 0.5113741159439087 0.029605776071548462 0.05627566576004028
0 0.5644835233688354 0.5176076889038086 0.021381914615631104 0.027632057666778564
0 0.5904003381729126 0.5283574461936951 0.02659815549850464 0.03454005718231201
0 0.6957358717918396 0.5625803470611572 0.06386387348175049 0.06689494848251343
0 0.5179367065429688 0.5047785639762878 0.017434537410736084 0.012335747480392456
1 0.8914629817008972 0.5649769902229309 0.028618931770324707 0.09128451347351074
0 0.4519816040992737 0.5452398061752319 0.02138194441795349 0.05674445629119873
1 0.3254004120826721 0.554253101348877 0.021710902452468872 0.08141589164733887
0 0.593883752822876 0.5331096649169922 0.020395100116729736 0.039494991302490234
1 0.7967244386672974 0.5552858114242554 0.019079267978668213 0.0723567008972168
1 0.7021269798278809 0.5130963921546936 0.010103583335876465 0.028900891542434692
1 0.7457367181777954 0.5318723917007446 0.01590937376022339 0.03705209493637085
0 0.4486098289489746 0.5200749039649963 0.02615177631378174 0.017023324966430664
0 0.5516543984413147 0.5131669044494629 0.01743447780609131 0.023684680461883545
0 0.508232593536377 0.5047785639762878 0.011184394359588623 0.013815999031066895
1 0.4204021096229553 0.5106997489929199 0.008552759885787964 0.022697746753692627
1 0.1480288952589035 0.5501741766929626 0.02368462085723877 0.08018255233764648
1 0.3845462203025818 0.5195814371109009 0.008552759885787964 0.0325663685798645
0 0.4243495464324951 0.5590558052062988 0.06184318661689758 0.08141595125198364
1 0.776256263256073 0.5195814371109009 0.008552789688110352 0.035526931285858154
0 0.48120537400245667 0.5092194080352783 0.010802388191223145 0.021297037601470947
1 0.7131704092025757 0.5146471261978149 0.010115325450897217 0.0325663685798645
2 0.15296319127082825 0.6236951351165771 0.146384134888649 0.21168136596679688
0 0.5792864561080933 0.5251078605651855 0.018816113471984863 0.03098738193511963
1 0.545404314994812 0.5126734375953674 0.0098685622215271 0.028618931770324707
1 0.13881821930408478 0.6626760959625244 0.07598817348480225 0.2649717926979065
1 0.22464507818222046 0.5743970274925232 0.024761199951171875 0.09891021251678467
1 0.2940840721130371 0.5639901161193848 0.028125494718551636 0.10608738660812378
0 0.5694715976715088 0.5200749039649963 0.01902562379837036 0.02615177631378174
0 0.6160032749176025 0.5356546640396118 0.04125910997390747 0.05279695987701416
1 0.8463963866233826 0.5304368734359741 0.01644766330718994 0.04391521215438843
0 0.707578182220459 0.5682665109634399 0.06283003091812134 0.06661301851272583
0 0.6589690446853638 0.5521478652954102 0.05144321918487549 0.053303062915802
1 0.9477139711380005 0.5699113011360168 0.02927684783935547 0.10411369800567627
0 0.5746811032295227 0.5245157480239868 0.006579041481018066 0.027632057666778564
