0 0.4944165349006653 0.5274763107299805 0.00789487361907959 0.010855495929718018
0 0.5062588453292847 0.525502622127533 0.005263268947601318 0.006908059120178223
0 0.4322444200515747 0.5324106216430664 0.01611870527267456 0.025164902210235596
0 0.4134940803050995 0.5393186807632446 0.016776621341705322 0.01924377679824829
0 0.03782960772514343 0.6266556978225708 0.07565921545028687 0.14210772514343262
0 0.4904690980911255 0.577312707901001 0.05131670832633972 0.05822473764419556
0 0.491784930229187 0.5422792434692383 0.02138197422027588 0.01578974723815918
0 0.46557825803756714 0.5360289812088013 0.013487100601196289 0.014802873134613037
0 0.44112613797187805 0.531423807144165 0.007236957550048828 0.01924377679824829
0 0.446389377117157 0.5324106216430664 0.007236987352371216 0.00789487361907959
0 0.5365225672721863 0.5284632444381714 0.007236957550048828 0.008881747722625732
