0 0.27599167823791504 0.5580689907073975 0.041119128465652466 0.031086087226867676
0 0.35494041442871094 0.5664572715759277 0.06710642576217651 0.03700721263885498
1 0.9932191967964172 0.6506689786911011 0.012938857078552246 0.11036127805709839
0 0.38915154337882996 0.5467200875282288 0.06315898895263672 0.025658369064331055
1 0.22763556241989136 0.5442529916763306 0.014802902936935425 0.03503352403640747
0 0.16677923500537872 0.5713915824890137 0.05822470784187317 0.06167870759963989
0 0.48586565256118774 0.5590547323226929 0.05246773362159729 0.041694581508636475
0 0.1516473889350891 0.542772650718689 0.03782960772514343 0.03404664993286133
0 0.07829084247350693 0.5639901161193848 0.05559307336807251 0.051316678524017334
1 0.1913452297449112 0.6340569257736206 0.0491233766078949 0.15789669752120972
0 0.21085894107818604 0.5477069616317749 0.020724043250083923 0.024671494960784912
