0 0.5309303402900696 0.5358645915985107 0.01809239387512207 0.016776621341705322
0 0.6207345724105835 0.533890962600708 0.03125053644180298 0.01776343584060669
0 0.07631712406873703 0.5802732706069946 0.15263424813747406 0.07796186208724976
0 0.5088905096054077 0.5329040288925171 0.025329411029815674 0.03799408674240112
0 0.6121817827224731 0.5279697775840759 0.011184394359588623 0.009868621826171875
0 0.5401409864425659 0.533890962600708 0.012500226497650146 0.016776621341705322
0 0.5223775506019592 0.5368515253067017 0.008552789688110352 0.019737184047698975
0 0.6611957550048828 0.5417857766151428 0.04473763704299927 0.03404664993286133
0 0.49112701416015625 0.5388252139091492 0.023355692625045776 0.03207290172576904
0 0.19177967309951782 0.5615229606628418 0.1230284571647644 0.07006698846817017
0 0.4503368139266968 0.5348777770996094 0.0460534393787384 0.02516496181488037
0 0.46645551919937134 0.5338909029960632 0.02664521336555481 0.023191213607788086
0 0.5875102877616882 0.5486937761306763 0.030592679977416992 0.03503352403640747
0 0.6733677983283997 0.5472140908241272 0.055922508239746094 0.03799450397491455
0 0.34737449884414673 0.5457332134246826 0.06710642576217651 0.03503352403640747
0 0.5595492720603943 0.5319172143936157 0.03388214111328125 0.019737184047698975
