1 0.056250981986522675 0.5289566516876221 0.012829169631004333 0.04835611581802368
1 0.4473762512207031 0.503298282623291 0.010526478290557861 0.019243746995925903
1 0.5187590718269348 0.4954034090042114 0.010526537895202637 0.019243746995925903
0 0.6251751780509949 0.6288768649101257 0.46004000306129456 0.28224238753318787
0 0.8950814604759216 0.4869559407234192 0.0424349308013916 0.03996777534484863
1 0.3883942663669586 0.4978213608264923 0.00940847396850586 0.024423539638519287
1 0.9210687875747681 0.4751727879047394 0.00822383165359497 0.028125464916229248
1 0.9585694074630737 0.46629106998443604 0.010526537895202637 0.028125494718551636
1 0.33191370964050293 0.5289565920829773 0.02927681803703308 0.0730275809764862
1 0.6463928818702698 0.4884953796863556 0.012171268463134766 0.03602033853530884
0 0.5556018352508545 0.5131668448448181 0.11677837371826172 0.0730275809764862
0 0.9825829863548279 0.47566622495651245 0.03388214111328125 0.03996780514717102
1 0.6710643768310547 0.49096253514289856 0.010526537895202637 0.03503352403640747
2 0.5187590718269348 0.49737709760665894 0.010526537895202637 0.015789717435836792
1 0.04342181235551834 0.5333974361419678 0.012171268463134766 0.04835611581802368
2 0.9158055186271667 0.4840545058250427 0.018750309944152832 0.036020368337631226
0 0.4628370404243469 0.5240223407745361 0.07993564009666443 0.046875834465026855
0 0.3598747253417969 0.5309303998947144 0.08914628624916077 0.0537838339805603
1 0.9181081652641296 0.5190880298614502 0.026974201202392578 0.09572538733482361
1 0.976003885269165 0.5042851567268372 0.018750369548797607 0.06661298871040344
1 0.9388339519500732 0.5126737356185913 0.031580984592437744 0.0878327488899231
0 0.15723960101604462 0.6083987951278687 0.26217564940452576 0.2965512275695801
1 0.35921746492385864 0.500831127166748 0.01282915472984314 0.022697776556015015
1 0.6463929414749146 0.4914563000202179 0.009704649448394775 0.03552728891372681
1 0.4039544463157654 0.5102062821388245 0.01578974723815918 0.04736924171447754
1 0.9565956592559814 0.5842207670211792 0.05625098943710327 0.19687846302986145
0 0.6213468313217163 0.6342318058013916 0.44704729318618774 0.2842154800891876
0 0.8562650084495544 0.481751948595047 0.04177701473236084 0.059211552143096924
1 0.36020368337631226 0.49885743856430054 0.006908029317855835 0.015789777040481567
1 0.38520410656929016 0.49885740876197815 0.012829184532165527 0.022697746753692627
1 0.026128411293029785 0.5331863164901733 0.012829171493649483 0.04610079526901245
1 0.43454575538635254 0.5073704719543457 0.012171268463134766 0.04292836785316467
1 0.5046141147613525 0.5166208744049072 0.012829184532165527 0.04835614562034607
1 0.4954034090042114 0.4954034090042114 0.00822383165359497 0.028125524520874023
1 0.060856327414512634 0.5146471858024597 0.004605341702699661 0.00789487361907959
2 0.9812671542167664 0.47961366176605225 0.018750309944152832 0.038487523794174194
1 0.9753459692001343 0.46629106998443604 0.00822383165359497 0.01825687289237976
0 0.006003394722938538 0.5807667374610901 0.012006789445877075 0.06217217445373535
