0 0.6832356452941895 0.5634967088699341 0.06052738428115845 0.04095470905303955
0 0.20888522267341614 0.5457332134246826 0.04934297502040863 0.033059775829315186
0 0.032566361129283905 0.5457332134246826 0.02269776538014412 0.012829184532165527
0 0.05263249948620796 0.5674441456794739 0.039145417511463165 0.04194152355194092
0 0.2694126069545746 0.5516543984413147 0.053290411829948425 0.031086087226867676
0 0.022039858624339104 0.5506675243377686 0.03519798442721367 0.027138590812683105
0 0.3365190625190735 0.5447463989257812 0.011842340230941772 0.011842310428619385
0 0.0710538774728775 0.5634967088699341 0.018750328570604324 0.035033464431762695
0 0.4769820272922516 0.5565886497497559 0.06579059362411499 0.03503352403640747
0 0.6266556978225708 0.5615229606628418 0.09243583679199219 0.04983639717102051
0 0.43915241956710815 0.5457332134246826 0.033224284648895264 0.03404664993286133
0 0.5276408195495605 0.5556018352508545 0.06579065322875977 0.042928338050842285
0 0.1190810278058052 0.5556018352508545 0.03256635367870331 0.027138590812683105
