1 0.32961103320121765 0.4963902533054352 0.005263268947601318 0.030592620372772217
1 0.5736942291259766 0.5042851567268372 0.013487040996551514 0.04736927151679993
1 0.2019772231578827 0.5121800303459167 0.014144986867904663 0.06414583325386047
0 0.5208736062049866 0.4791213274002075 0.011278271675109863 0.010009437799453735
1 0.34079545736312866 0.4936755299568176 0.010526508092880249 0.037748247385025024
0 0.48446571826934814 0.4881253242492676 0.011266648769378662 0.012335747480392456
0 0.48948225378990173 0.4882487654685974 0.004605352878570557 0.009868592023849487
0 0.5299434661865234 0.5185946226119995 0.05526411533355713 0.07154729962348938
1 0.3550227880477905 0.4919493794441223 0.004769742488861084 0.02911233901977539
1 0.542772650718689 0.4771465063095093 0.0029605627059936523 0.00789487361907959
0 0.5355356931686401 0.4825742244720459 0.030263662338256836 0.015296310186386108
1 0.16217389702796936 0.5146471261978149 0.011184409260749817 0.05625098943710327
1 0.10131756216287613 0.5166208744049072 0.021710902452468872 0.07204076647758484
1 0.47295305132865906 0.47961366176605225 0.004605352878570557 0.012335747480392456
1 0.3348742723464966 0.4840545058250427 0.00822383165359497 0.012335747480392456
1 0.5599439740180969 0.5135616660118103 0.019408226013183594 0.059704989194869995
1 0.3593103289604187 0.4924422800540924 0.008223801851272583 0.030592620372772217
1 0.3273083567619324 0.4980684518814087 0.010526478290557861 0.040461212396621704
1 0.15268145501613617 0.5179603099822998 0.01184225082397461 0.06414589285850525
0 0.519745945930481 0.48158735036849976 0.00822383165359497 0.008388310670852661
1 0.3513219356536865 0.4954034090042114 0.010526478290557861 0.03602039813995361
1 0.0505497083067894 0.5317535996437073 0.007017921656370163 0.07779932022094727
1 0.1647455096244812 0.512000560760498 0.014832824468612671 0.05970495939254761
1 0.1921086311340332 0.5023114085197449 0.013487085700035095 0.03157949447631836
1 0.372374951839447 0.4919494092464447 0.008223801851272583 0.0325663685798645
1 0.58487868309021 0.48750853538513184 0.004605352878570557 0.01924377679824829
1 0.38520410656929016 0.48750853538513184 0.00822383165359497 0.02911233901977539
1 0.289259135723114 0.5001732110977173 0.014254480600357056 0.05098789930343628
2 0.45204734802246094 0.48543602228164673 0.004605352878570557 0.01953977346420288
1 0.47566699981689453 0.47961366176605225 0.004605352878570557 0.012335747480392456
1 0.4827941358089447 0.47961366176605225 0.004605352878570557 0.012335747480392456
1 0.5601094961166382 0.5121800303459167 0.015789806842803955 0.05970501899719238
1 0.010526499710977077 0.5324106216430664 0.02039509452879429 0.09227132797241211
0 0.5105352401733398 0.4771465063095093 0.005592226982116699 0.006907999515533447
0 0.48487693071365356 0.4746793508529663 0.010197550058364868 0.016776621341705322
1 0.6325773000717163 0.5092741250991821 0.017836332321166992 0.06606489419937134
1 0.37871497869491577 0.4912756681442261 0.011184394359588623 0.036020368337631226
1 0.6727091073989868 0.5245157480239868 0.02401357889175415 0.0789487361907959
1 0.5901418924331665 0.5077391266822815 0.011184394359588623 0.036020368337631226
1 0.5664991140365601 0.4928368926048279 0.010526478290557861 0.042139142751693726
1 0.03541528433561325 0.5291202068328857 0.025549300014972687 0.08191052079200745
1 0.6306031346321106 0.5121800303459167 0.01578974723815918 0.05970501899719238
1 0.3352034091949463 0.4981163740158081 0.009374558925628662 0.036020368337631226
