0 0.7694213390350342 0.5363580584526062 0.0480271577835083 0.028618931770324707
0 0.2822417616844177 0.5373449325561523 0.030921608209609985 0.031086087226867676
0 0.22314003109931946 0.5286276340484619 0.02335566282272339 0.013980567455291748
0 0.3212229311466217 0.5353711843490601 0.04769819974899292 0.026645243167877197
0 0.19506919384002686 0.5333974957466125 0.007565930485725403 0.008388280868530273
0 0.3745133876800537 0.5368514657020569 0.06809329986572266 0.03157949447631836
0 0.35115766525268555 0.5358645915985107 0.02138194441795349 0.02319127321243286
0 0.5861945152282715 0.5393186807632446 0.059869468212127686 0.030099213123321533
0 0.7088940143585205 0.536358118057251 0.051316678524017334 0.030099213123321533
0 0.8440936803817749 0.5343843698501587 0.05000084638595581 0.026645183563232422
0 0.37846076488494873 0.5388251543045044 0.059376150369644165 0.02565842866897583
0 0.18520060181617737 0.5324106216430664 0.013158127665519714 0.013322591781616211
0 0.18070510029792786 0.5337264537811279 0.005153581500053406 0.012335717678070068
0 0.21464213728904724 0.535864531993866 0.015131875872612 0.014309525489807129
0 0.24391892552375793 0.5324105024337769 0.01578974723815918 0.012335777282714844
0 0.2961901128292084 0.5279697179794312 0.016447782516479492 0.01292794942855835
0 0.9095554351806641 0.5259960889816284 0.028289973735809326 0.019737184047698975
0 0.2604220509529114 0.5320816040039062 0.02236875891685486 0.012335717678070068
