0 0.7533026933670044 0.570898175239563 0.20691150426864624 0.10065966844558716
0 0.5036272406578064 0.5506675243377686 0.07796192169189453 0.06167870759963989
0 0.6181029081344604 0.5595492124557495 0.07039594650268555 0.0537838339805603
0 0.11513359844684601 0.5546149611473083 0.011842317879199982 0.01578974723815918
0 0.45987647771835327 0.5309303402900696 0.06250110268592834 0.031086087226867676
0 0.30548763275146484 0.5690888166427612 0.08914634585380554 0.04523110389709473
0 0.0031250547617673874 0.8003429174423218 0.006250109523534775 0.0750012993812561
0 0.41053348779678345 0.5605361461639404 0.051974594593048096 0.047862708568573
0 0.4556000828742981 0.5536280870437622 0.06052738428115845 0.0537838339805603
0 0.7924480438232422 0.5935958623886108 0.20625358819961548 0.09572535753250122
0 0.5634967088699341 0.5565886497497559 0.06710648536682129 0.0537838339805603
0 0.15098947286605835 0.5664572715759277 0.12039683759212494 0.07204073667526245
