0 0.966126561164856 0.8857063055038452 0.06774681806564331 0.22500395774841309
0 0.4884953796863556 0.3725394010543823 0.0828961730003357 0.05921158194541931
0 0.34945207834243774 0.45875975489616394 0.024610906839370728 0.03977304697036743
0 0.34212619066238403 0.4648107588291168 0.018600791692733765 0.04478996992111206
0 0.48829221725463867 0.5477069616317749 0.1730293333530426 0.2995118200778961
0 0.8716347813606262 0.7033710479736328 0.25673043727874756 0.24128711223602295
0 0.5863040685653687 0.4667845368385315 0.03782963752746582 0.062172144651412964
0 0.3000052571296692 0.45247501134872437 0.07474976778030396 0.08536335825920105
0 0.5753198862075806 0.7581891417503357 0.3062553405761719 0.3992420434951782
1 0.7236968874931335 0.4653041958808899 0.026645183563232422 0.11102166771888733
0 0.39638853073120117 0.4194152355194092 0.016447633504867554 0.012335717678070068
0 0.046053435653448105 0.4924428164958954 0.09112001210451126 0.10362023115158081
0 0.8289618492126465 0.52303546667099 0.188490092754364 0.11842310428619385
1 0.37401968240737915 0.5309303402900696 0.06085631251335144 0.159377783536911
0 0.9397280812263489 0.5131669044494629 0.12054383754730225 0.08980423212051392
0 0.3789539933204651 0.45685094594955444 0.05690890550613403 0.07056042551994324
