0 0.39609602093696594 0.5082873106002808 0.007785201072692871 0.011348903179168701
0 0.3769803047180176 0.5195814371109009 0.022697776556015015 0.028618931770324707
0 0.3572430908679962 0.5240223407745361 0.028618931770324707 0.028618931770324707
0 0.8717257976531982 0.500831127166748 0.04276388883590698 0.03404664993286133
0 0.4263232350349426 0.500831127166748 0.007565945386886597 0.011348843574523926
0 0.4338891804218292 0.500831127166748 0.011513352394104004 0.011348843574523926
0 0.8812566995620728 0.6547812223434448 0.23748666048049927 0.25460976362228394
0 0.614484429359436 0.5309303402900696 0.05493515729904175 0.05822467803955078
0 0.4478696584701538 0.5030515193939209 0.013158142566680908 0.01282915472984314
0 0.27829447388648987 0.5415390729904175 0.03322422504425049 0.03478682041168213
0 0.508232593536377 0.5151405930519104 0.022697746753692627 0.025658369064331055
0 0.29105788469314575 0.5384305715560913 0.039276957511901855 0.036711156368255615
0 0.5934314727783203 0.5279697179794312 0.01611870527267456 0.051316678524017334
0 0.6829066872596741 0.5679376125335693 0.08256721496582031 0.08536332845687866
0 0.9467270970344543 0.5052720308303833 0.06644856929779053 0.03996783494949341
0 0.4595475196838379 0.5023114681243896 0.013158142566680908 0.011348903179168701
0 0.09416371583938599 0.580026388168335 0.10008364170789719 0.07611137628555298
0 0.5792864561080933 0.5195814371109009 0.024671435356140137 0.030099213123321533
