0 0.9667932391166687 0.8827457427978516 0.06611955165863037 0.22747105360031128
0 0.4881298542022705 0.3725394010543823 0.08460184931755066 0.0582977831363678
0 0.350144624710083 0.45953887701034546 0.023658663034439087 0.04094168543815613
0 0.3416726589202881 0.46431732177734375 0.01875033974647522 0.04457315802574158
0 0.4880019724369049 0.5477069616317749 0.173029363155365 0.2995118200778961
0 0.8716347813606262 0.7036307454109192 0.25673043727874756 0.24128711223602295
0 0.5861474871635437 0.4669254422187805 0.03782963752746582 0.06365242600440979
0 0.30099213123321533 0.45247501134872437 0.07467237114906311 0.08536335825920105
0 0.5752051472663879 0.7579022645950317 0.30625537037849426 0.39958620071411133
1 0.7227100133895874 0.46645551919937134 0.03223741054534912 0.11694285273551941
0 0.09251806885004044 0.4954034090042114 0.18503613770008087 0.10213994979858398
1 0.29901838302612305 0.5338909029960632 0.065461665391922 0.16529890894889832
0 0.9329023361206055 0.5116865634918213 0.13419538736343384 0.09128448367118835
0 0.3789539933204651 0.4572405219078064 0.05690890550613403 0.07056045532226562
