0 0.500008761882782 0.4263232350349426 0.005592226982116699 0.008388310670852661
0 0.3514712452888489 0.4287903904914856 0.015460789203643799 0.013529062271118164
0 0.31250548362731934 0.4495144486427307 0.07701161503791809 0.049342989921569824
0 0.4746793508529663 0.42237579822540283 0.008552789688110352 0.010361999273300171
0 0.45231056213378906 0.42731010913848877 0.0055921971797943115 0.012829184532165527
0 0.4845479428768158 0.42731010913848877 0.003618478775024414 0.007401466369628906
0 0.3707301616668701 0.4421129822731018 0.027714312076568604 0.02417805790901184
0 0.49342966079711914 0.4287903904914856 0.010526508092880249 0.01159551739692688
1 0.2569124102592468 0.45691588521003723 0.014144986867904663 0.04490208625793457
0 0.47961366176605225 0.4287903904914856 0.010526508092880249 0.010362029075622559
1 0.44507357478141785 0.4287903904914856 0.005263268947601318 0.016776621341705322
0 0.45987647771835327 0.4327378273010254 0.014890611171722412 0.016776621341705322
0 0.7269864082336426 0.5106997489929199 0.25066232681274414 0.13816028833389282
1 0.20318344235420227 0.4559290409088135 0.010307222604751587 0.04046124219894409
1 0.22368812561035156 0.5674441456794739 0.03519797325134277 0.09671223163604736
0 0.5700757503509521 0.4307641386985779 0.0049343109130859375 0.008388310670852661
0 0.1332198828458786 0.7652431726455688 0.2664397656917572 0.4592209458351135
0 0.3769803047180176 0.42402881383895874 0.02664521336555481 0.01875033974647522
0 0.3319741487503052 0.4229598641395569 0.029337257146835327 0.008972376585006714
0 0.5141537189483643 0.4287903904914856 0.008552789688110352 0.010362029075622559
1 0.27605757117271423 0.42997461557388306 0.006710648536682129 0.01855289936065674
0 0.34621167182922363 0.4473571181297302 0.0289478600025177 0.04292839765548706
0 0.15658169984817505 0.4243495464324951 0.021053001284599304 0.016776591539382935
1 0.015789750963449478 0.44112613797187805 0.008223828859627247 0.030592620372772217
1 0.17270039021968842 0.45247501134872437 0.013487070798873901 0.04292836785316467
0 0.5829049348831177 0.4307641386985779 0.021052956581115723 0.013816028833389282
0 0.469087153673172 0.4287903904914856 0.009210705757141113 0.012829184532165527
0 0.22993820905685425 0.4275568723678589 0.021053001284599304 0.012829184532165527
0 0.36382216215133667 0.4539552927017212 0.009429961442947388 0.01595422625541687
0 0.49096256494522095 0.6927752494812012 0.23627057671546936 0.3431803584098816
0 0.4881664514541626 0.4287903904914856 0.0055921971797943115 0.008388310670852661
1 0.7763293981552124 0.46382391452789307 0.021053016185760498 0.0325663685798645
1 0.9667935371398926 0.4692516326904297 0.021875381469726562 0.06389912962913513
0 0.27730751037597656 0.4287903904914856 0.014144986867904663 0.008388310670852661
0 0.5069167613983154 0.4287903904914856 0.005592226982116699 0.010362029075622559
1 0.20724043250083923 0.45000791549682617 0.008511677384376526 0.029667526483535767
1 0.6046980619430542 0.42940711975097656 0.005263268947601318 0.011348873376846313
0 0.2952377200126648 0.4243495464324951 0.018296271562576294 0.008263200521469116
0 0.41842836141586304 0.4327378273010254 0.02730312943458557 0.016776621341705322
0 0.49507445096969604 0.423362672328949 0.008552789688110352 0.005427718162536621
1 0.18783223628997803 0.4559290409088135 0.012829169631004333 0.04490211606025696
