0 0.4884953796863556 0.5126734375953674 0.00789487361907959 0.005921125411987305
0 0.8809409141540527 0.8118475675582886 0.23811811208724976 0.37630486488342285
0 0.324238121509552 0.5457332134246826 0.05855366587638855 0.0652971863746643
0 0.4631659984588623 0.5506675243377686 0.041119158267974854 0.048849523067474365
0 0.40980252623558044 0.5269829034805298 0.012280881404876709 0.007017612457275391
0 0.4322444200515747 0.535926342010498 0.028248876333236694 0.02985250949859619
0 0.07533026486635208 0.7253416776657104 0.14704205095767975 0.3340519070625305
0 0.5960630774497986 0.6365243196487427 0.2003324329853058 0.13964062929153442
0 0.688498854637146 0.5634967088699341 0.11052829027175903 0.07204073667526245
0 0.5125089883804321 0.5358645915985107 0.022697746753692627 0.025164902210235596
0 0.3753355145454407 0.5457332134246826 0.015131831169128418 0.0366782546043396
0 0.35658520460128784 0.5457332134246826 0.022697776556015015 0.04877358675003052
0 0.49454814195632935 0.5207657217979431 0.009868592023849487 0.011052846908569336
0 0.44463497400283813 0.5348777770996094 0.009868592023849487 0.01611870527267456
0 0.40263861417770386 0.5516543984413147 0.043750762939453125 0.054770708084106445
0 0.9322531223297119 0.5945827960968018 0.0098685622215271 0.03602033853530884
0 0.38218259811401367 0.5354626178741455 0.017702549695968628 0.01688629388809204
0 0.5973788499832153 0.5486937761306763 0.043750762939453125 0.04391521215438843
