0 0.43717870116233826 0.5166208744049072 0.008881747722625732 0.006414592266082764
1 0.526324987411499 0.5259960889816284 0.0049343109130859375 0.017270028591156006
0 0.5072457790374756 0.5151406526565552 0.004934251308441162 0.010362029075622559
0 0.12837395071983337 0.7287956476211548 0.25674790143966675 0.334545373916626
0 0.49112701416015625 0.5200749635696411 0.007565945386886597 0.007401406764984131
0 0.4954034090042114 0.5200749039649963 0.00822383165359497 0.0049343109130859375
2 0.5154695510864258 0.5190880298614502 0.0032895803451538086 0.012335777282714844
0 0.4492403268814087 0.519745945930481 0.0049343109130859375 0.006414592266082764
0 0.47961366176605225 0.5185946226119995 0.00789487361907959 0.00789487361907959
0 0.5230355262756348 0.5200749039649963 0.00822383165359497 0.007401466369628906
0 0.45856064558029175 0.5190880298614502 0.00822383165359497 0.011348843574523926
0 0.5585623979568481 0.531423807144165 0.03980332612991333 0.024671494960784912
0 0.500008761882782 0.542772650718689 0.025329381227493286 0.027138590812683105
0 0.5059299468994141 0.5190880298614502 0.00822383165359497 0.010362029075622559
0 0.4789557456970215 0.5259960889816284 0.008881747722625732 0.012335717678070068
0 0.47007399797439575 0.5292034149169922 0.01842138171195984 0.024671494960784912
0 0.49474549293518066 0.5304368734359741 0.012500256299972534 0.01628321409225464
0 0.4996798038482666 0.5183479189872742 0.005592226982116699 0.00789487361907959
