0 0.5069167613983154 0.4939231276512146 0.014802902936935425 0.01085546612739563
0 0.4904690980911255 0.488495409488678 0.011842310428619385 0.006908029317855835
0 0.44902104139328003 0.5062588453292847 0.14342358708381653 0.07598817348480225
0 0.5141537189483643 0.4731990694999695 0.007236957550048828 0.009868621826171875
1 0.9564545750617981 0.5624393224716187 0.01879703998565674 0.09325820207595825
1 0.025084104388952255 0.5072442293167114 0.029770761728286743 0.058223187923431396
1 0.7619492411613464 0.5056237578392029 0.02039504051208496 0.07168802618980408
1 0.21727371215820312 0.5245157480239868 0.013158798217773438 0.08190882205963135
1 0.17911279201507568 0.500831127166748 0.04309353232383728 0.08412954211235046
0 0.5898129940032959 0.4980555772781372 0.02097076177597046 0.04706084728240967
1 0.8908050656318665 0.500831127166748 0.015131831169128418 0.03552696108818054
1 0.380598783493042 0.500831127166748 0.02039507031440735 0.0636523962020874
0 0.2907945513725281 0.605438232421875 0.1534566581249237 0.1579798460006714
1 0.17730572819709778 0.4707319140434265 0.010526493191719055 0.022697776556015015
0 0.49310070276260376 0.5593825578689575 0.10694083571434021 0.054210543632507324
1 0.24474111199378967 0.5176077485084534 0.021053001284599304 0.06858673691749573
1 0.9385032653808594 0.5590558052062988 0.013158082962036133 0.09819251298904419
0 0.4838900566101074 0.4771465063095093 0.01578974723815918 0.030592620372772217
1 0.14514108002185822 0.49914371967315674 0.02631625533103943 0.055116206407547
0 0.511522114276886 0.47566622495651245 0.007236957550048828 0.009868592023849487
0 0.6952985525131226 0.6111972332000732 0.15274620056152344 0.15477395057678223
0 0.49310073256492615 0.47023850679397583 0.009210705757141113 0.017763465642929077
1 0.989153265953064 0.5639901161193848 0.021693408489227295 0.10723841190338135
0 0.6225986480712891 0.5023114681243896 0.04269534349441528 0.046937525272369385
0 0.4628370404243469 0.4731990694999695 0.035855889320373535 0.03700721263885498
1 0.9279767274856567 0.5590558052062988 0.020395100116729736 0.10115307569503784
1 0.037171702831983566 0.5097128748893738 0.037171706557273865 0.0557575523853302
1 0.21579325199127197 0.525502622127533 0.022368818521499634 0.08338963985443115
1 0.19556443393230438 0.48750853538513184 0.010526508092880249 0.03157949447631836
1 0.20000416040420532 0.5067583322525024 0.020889028906822205 0.04824471473693848
1 0.18551050126552582 0.5093646049499512 0.019930750131607056 0.06777438521385193
1 0.7960665225982666 0.5274763107299805 0.02236884832382202 0.04391521215438843
0 0.49310073256492615 0.5362801551818848 0.08107823133468628 0.03712409734725952
1 0.915805459022522 0.5638489723205566 0.024718940258026123 0.10326796770095825
0 0.45658719539642334 0.7228732109069824 0.2628340721130371 0.35740524530410767
1 0.22960928082466125 0.520568311214447 0.015131831169128418 0.08733701705932617
0 0.6073033213615417 0.49625062942504883 0.03782963752746582 0.049836426973342896
1 0.350006103515625 0.48750853538513184 0.01315811276435852 0.05279695987701416
0 0.5105352401733398 0.4939231276512146 0.007236957550048828 0.012335777282714844
0 0.5557813048362732 0.4905138611793518 0.01794278621673584 0.02314618229866028
1 0.28191283345222473 0.5097128748893738 0.02434253692626953 0.0557575523853302
1 0.26480725407600403 0.5028048753738403 0.010329127311706543 0.05792859196662903
0 0.8315935134887695 0.5916222333908081 0.1305943727493286 0.11842316389083862
1 0.8273171186447144 0.5111227035522461 0.019643187522888184 0.043915241956710815
1 0.7431070804595947 0.500831127166748 0.014474630355834961 0.05328989028930664
0 0.5309303998947144 0.4862748384475708 0.011842310428619385 0.015296310186386108
1 0.8307517766952515 0.5275861024856567 0.01776355504989624 0.02883845567703247
1 0.20789837837219238 0.4915313422679901 0.009353727102279663 0.03026062250137329
0 0.526324987411499 0.47023850679397583 0.033224284648895264 0.019243746995925903
0 0.6047807931900024 0.570898175239563 0.08404701948165894 0.10362023115158081
1 0.7802767753601074 0.5047785639762878 0.019737184047698975 0.07154726982116699
0 0.49441659450531006 0.46629106998443604 0.03103134036064148 0.018750399351119995
1 0.8346878886222839 0.499154657125473 0.009868621826171875 0.029014766216278076
0 0.49112701416015625 0.4748075008392334 0.004605352878570557 0.009868592023849487
0 0.12849579751491547 0.6865251660346985 0.25699159502983093 0.3783509433269501
1 0.23854875564575195 0.5185946226119995 0.020588815212249756 0.0839126706123352
1 0.9378453493118286 0.5590558052062988 0.020395100116729736 0.09720569849014282
1 0.5266539454460144 0.4944165349006653 0.008552789688110352 0.02072402834892273
0 0.5265308022499084 0.48010706901550293 0.01019752025604248 0.012335747480392456
0 0.5437595248222351 0.503298282623291 0.03848755359649658 0.04292836785316467
0 0.5003377199172974 0.4786267876625061 0.00822383165359497 0.01085546612739563
1 0.8349320888519287 0.5185946226119995 0.024624764919281006 0.045607149600982666
