0 0.6246819496154785 0.5171142816543579 0.012829124927520752 0.0054277777671813965
1 0.34474289417266846 0.5674441456794739 0.02927681803703308 0.11595594882965088
0 0.5341599583625793 0.5277456641197205 0.01743447780609131 0.02615177631378174
1 0.8010008335113525 0.5437595248222351 0.008881747722625732 0.01578974723815918
1 0.3446123003959656 0.558512806892395 0.021447807550430298 0.08980506658554077
0 0.661524772644043 0.5422792434692383 0.029276788234710693 0.033059775829315186
1 0.44671833515167236 0.5718849897384644 0.03157949447631836 0.10263335704803467
0 0.7029728293418884 0.5516543984413147 0.05427730083465576 0.06463932991027832
1 0.8220539093017578 0.5358646512031555 0.005263268947601318 0.005427718162536621
1 0.5579044818878174 0.5822470188140869 0.03519797325134277 0.09572535753250122
0 0.9033052921295166 0.5916222333908081 0.05690890550613403 0.08536332845687866
1 0.6773145198822021 0.5279697775840759 0.004605352878570557 0.010362029075622559
0 0.8334552645683289 0.5919499397277832 0.11195230484008789 0.11036258935928345
1 0.5817865133285522 0.5376409888267517 0.011184394359588623 0.05891549587249756
1 0.45150095224380493 0.536054253578186 0.013183444738388062 0.048280179500579834
1 0.5894838571548462 0.5419504046440125 0.01414501667022705 0.05855381488800049
0 0.5253381729125977 0.5309303402900696 0.025000393390655518 0.02368462085723877
0 0.17566096782684326 0.6069185137748718 0.27796536684036255 0.23191192746162415
0 0.5528612732887268 0.5148107409477234 0.019408226013183594 0.04144808650016785
0 0.5648125410079956 0.5309303402900696 0.022039830684661865 0.02368462085723877
0 0.6595510244369507 0.5309303402900696 0.026645183563232422 0.015296339988708496
0 0.622708261013031 0.537838339805603 0.03223741054534912 0.04292839765548706
0 0.5243512392044067 0.5393186807632446 0.027632057666778564 0.020723998546600342
0 0.7664607763290405 0.5630033016204834 0.05230355262756348 0.04391521215438843
1 0.30625537037849426 0.5516543984413147 0.020395100116729736 0.08684360980987549
0 0.535947322845459 0.5314234495162964 0.01019752025604248 0.020724058151245117
1 0.4195249080657959 0.5384963750839233 0.017105549573898315 0.057073235511779785
1 0.9187657833099365 0.5516543984413147 0.01206141710281372 0.02187502384185791
0 0.6789592504501343 0.5422792434692383 0.011184453964233398 0.024671494960784912
1 0.6055560111999512 0.5436184406280518 0.012594342231750488 0.05730867385864258
2 0.35428252816200256 0.5482003688812256 0.01578974723815918 0.0789487361907959
