2 0.1555948257446289 0.5595492720603943 0.012829169631004333 0.03700721263885498
0 0.24671484529972076 0.5506675243377686 0.04539552330970764 0.0439152717590332
0 0.45658695697784424 0.5210617780685425 0.00296059250831604 0.0044408440589904785
0 0.08388304710388184 0.5506675243377686 0.04111914336681366 0.020724058151245117
0 0.17368724942207336 0.5447463989257812 0.028618931770324707 0.018750369548797607
0 0.15296320617198944 0.5447463989257812 0.012500226497650146 0.014802873134613037
2 0.19375339150428772 0.5521478056907654 0.011184394359588623 0.031086087226867676
0 0.4996798038482666 0.5388252139091492 0.09046211838722229 0.15543031692504883
0 0.23026719689369202 0.5373449325561523 0.008552774786949158 0.005921125411987305
2 0.21250371634960175 0.5501741170883179 0.00789487361907959 0.028618931770324707
2 0.2250039279460907 0.5482003688812256 0.007236972451210022 0.027632057666778564
0 0.22204336524009705 0.5373449325561523 0.014144986867904663 0.0049343109130859375
0 0.10460709035396576 0.5477069616317749 0.024013571441173553 0.018750309944152832
0 0.13717344403266907 0.5477069616317749 0.03322426974773407 0.017763495445251465
0 0.4032965302467346 0.5309303402900696 0.009868592023849487 0.016776561737060547
