0 0.48882433772087097 0.503298282623291 0.006907999515533447 0.010362029075622559
0 0.41250723600387573 0.49639028310775757 0.006908029317855835 0.010362029075622559
0 0.5421147346496582 0.5042850971221924 0.009539663791656494 0.012335717678070068
0 0.4440867304801941 0.4899756908416748 0.00822383165359497 0.010362029075622559
0 0.14342355728149414 0.5087260007858276 0.034869030117988586 0.017270028591156006
0 0.4789557456970215 0.49737709760665894 0.006907999515533447 0.010361999273300171
0 0.5421147346496582 0.4973771274089813 0.006907999515533447 0.003947436809539795
0 0.4322444200515747 0.4939231276512146 0.006908029317855835 0.010362029075622559
0 0.4789557456970215 0.5052720308303833 0.011513352394104004 0.014309465885162354
0 0.40099388360977173 0.49639028310775757 0.0019737184047698975 0.00296059250831604
0 0.52303546667099 0.5042851567268372 0.011513352394104004 0.014309436082839966
0 0.40099385380744934 0.5023114085197449 0.008881747722625732 0.0029605627059936523
0 0.7315917611122131 0.6508337259292603 0.16184496879577637 0.15641719102859497
0 0.38520410656929016 0.5250091552734375 0.03486901521682739 0.04539555311203003
0 0.10033070296049118 0.5866879224777222 0.15658168494701385 0.14309459924697876
0 0.4592185616493225 0.4899756908416748 0.006907999515533447 0.010362029075622559
0 0.4654686450958252 0.49096253514289856 0.0034539997577667236 0.003947436809539795
0 0.17993736267089844 0.5106997489929199 0.023355677723884583 0.010362029075622559
0 0.3898094594478607 0.49737709760665894 0.01644766330718994 0.010361999273300171
0 0.5065878629684448 0.49737709760665894 0.00822383165359497 0.010361999273300171
0 0.423362672328949 0.4954034090042114 0.006907999515533447 0.010362029075622559
0 0.4743503928184509 0.4919494092464447 0.016447633504867554 0.024671494960784912
0 0.2552676200866699 0.5052720308303833 0.022697746753692627 0.0029606223106384277
0 0.5036272406578064 0.503298282623291 0.008223801851272583 0.010362029075622559
