0 0.3059264123439789 0.4781333804130554 0.020066142082214355 0.02417805790901184
0 0.13191020488739014 0.4924428164958954 0.03808114677667618 0.019737184047698975
1 0.4842190146446228 0.49932193756103516 0.011803537607192993 0.017270058393478394
0 0.6210634708404541 0.506382405757904 0.03125053644180298 0.019737154245376587
0 0.22138544917106628 0.4781333804130554 0.014144986867904663 0.006908029317855835
0 0.8142383694648743 0.5105806589126587 0.014315128326416016 0.011604130268096924
1 0.165134459733963 0.48208048939704895 0.0049345046281814575 0.019737184047698975
0 0.17006877064704895 0.5151405930519104 0.042763903737068176 0.04983639717102051
0 0.5404700040817261 0.5250091552734375 0.04736924171447754 0.0325663685798645
0 0.10460709035396576 0.5037916898727417 0.05032982677221298 0.025658339262008667
0 0.5838918089866638 0.5264894962310791 0.057895779609680176 0.03996783494949341
0 0.03293641656637192 0.49688369035720825 0.04206489771604538 0.027570396661758423
0 0.022197511047124863 0.6028478145599365 0.044395022094249725 0.10411369800567627
0 0.6572483777999878 0.5195814371109009 0.03125053644180298 0.028618931770324707
0 0.23412072658538818 0.4727056324481964 0.009680822491645813 0.014309465885162354
0 0.2516491413116455 0.5210617780685425 0.03980332612991333 0.04539555311203003
0 0.7207362651824951 0.537838339805603 0.059869468212127686 0.056744396686553955
0 0.14342355728149414 0.4880019426345825 0.0386989563703537 0.02576407790184021
0 0.7598817348480225 0.5111931562423706 0.008552789688110352 0.014309406280517578
0 0.34276914596557617 0.6049448251724243 0.10329106450080872 0.1144760251045227
0 0.3477034568786621 0.5452398061752319 0.11019930243492126 0.05674445629119873
0 0.07204073667526245 0.5738587379455566 0.09039627760648727 0.06996828317642212
0 0.8006719350814819 0.5097128748893738 0.022697746753692627 0.0212174654006958
0 0.9306083917617798 0.5111931562423706 0.048356056213378906 0.03404664993286133
0 0.8536334037780762 0.5077393651008606 0.05493515729904175 0.04144808650016785
0 0.6210634708404541 0.5496807098388672 0.08750158548355103 0.05822473764419556
0 0.15098948776721954 0.7130059003829956 0.29342618584632874 0.2876695394515991
1 0.33717697858810425 0.5097128748893738 0.009539633989334106 0.019737154245376587
0 0.1881611943244934 0.5258552432060242 0.042763903737068176 0.037430763244628906
0 0.6909663081169128 0.5173606872558594 0.038323283195495605 0.0441613495349884
0 0.7454078197479248 0.5136603116989136 0.02565830945968628 0.030099183320999146
0 0.4937586486339569 0.5921156406402588 0.12072581052780151 0.06492644548416138
0 0.21381953358650208 0.4727056622505188 0.006825655698776245 0.01690015196800232
0 0.6563602685928345 0.4936268925666809 0.053389132022857666 0.045000553131103516
0 0.19835874438285828 0.4779220223426819 0.01710556447505951 0.021851927042007446
0 0.7118798494338989 0.5037916898727417 0.008932292461395264 0.010893315076828003
0 0.6419572830200195 0.5346306562423706 0.060362160205841064 0.04687577486038208
0 0.1555948257446289 0.5565886497497559 0.13822606205940247 0.0410040020942688
0 0.8963972926139832 0.5052720308303833 0.03223741054534912 0.014309465885162354
0 0.8934279680252075 0.639978289604187 0.21314412355422974 0.19342440366744995
0 0.11019929498434067 0.4825742244720459 0.01710556447505951 0.019737184047698975
0 0.08158037066459656 0.49096253514289856 0.02171090990304947 0.02565830945968628
0 0.22039860486984253 0.4727056324481964 0.015131846070289612 0.01578974723815918
0 0.1710556149482727 0.4741859436035156 0.01710556447505951 0.011348873376846313
0 0.12829172611236572 0.47566622495651245 0.013158127665519714 0.01578974723815918
0 0.9506745338439941 0.5437595248222351 0.08256721496582031 0.06562614440917969
1 0.3513219356536865 0.4712253510951996 0.006579041481018066 0.018750309944152832
0 0.06428693234920502 0.4880019724369049 0.010526500642299652 0.019737184047698975
0 0.2401357889175415 0.5778061747550964 0.0865146666765213 0.08980417251586914
0 0.21953481435775757 0.49484843015670776 0.02232779562473297 0.028989285230636597
1 0.1746741086244583 0.4781333804130554 0.0055921971797943115 0.02121749520301819
0 0.234543576836586 0.5023114681243896 0.008552789688110352 0.0325663685798645
1 0.9023184180259705 0.5023114085197449 0.011513352394104004 0.019737213850021362
0 0.2983604967594147 0.46974503993988037 0.003947436809539795 0.005921155214309692
0 0.14638414978981018 0.4825742244720459 0.03618483245372772 0.02121749520301819
0 0.7096949219703674 0.49720555543899536 0.030263662338256836 0.02121749520301819
0 0.047204699367284775 0.49096256494522095 0.03134927898645401 0.02417805790901184
0 0.7207362651824951 0.5052720308303833 0.02565830945968628 0.00592118501663208
0 0.7690924406051636 0.5181012153625488 0.03026372194290161 0.035526931285858154
0 0.2631624937057495 0.500831127166748 0.05888259410858154 0.07401442527770996
0 0.07739795744419098 0.4794021546840668 0.010526500642299652 0.0063440799713134766
0 0.9934296607971191 0.7130059003829956 0.013140618801116943 0.046875834465026855
0 0.367046058177948 0.5778061747550964 0.06940910220146179 0.09375166893005371
0 0.223030224442482 0.4741859436035156 0.014144986867904663 0.01282915472984314
0 0.650669276714325 0.5210617780685425 0.026645183563232422 0.021217525005340576
0 0.4861927032470703 0.747901201248169 0.22437235713005066 0.2797943949699402
0 0.08750152587890625 0.47566622495651245 0.025658346712589264 0.017270028591156006
0 0.4806005358695984 0.5580689907073975 0.10263338685035706 0.11940997838973999
0 0.3019789457321167 0.46974503993988037 0.009539633989334106 0.009868592023849487
0 0.0845409482717514 0.4803534150123596 0.022697769105434418 0.01578974723815918
0 0.10318180918693542 0.4766530692577362 0.016118697822093964 0.014309465885162354
0 0.7427761554718018 0.5264894962310791 0.020066142082214355 0.03996783494949341
