0 0.6134976148605347 0.5259960293769836 0.06644850969314575 0.06513270735740662
0 0.6950779557228088 0.5679373741149902 0.09556078910827637 0.09942597150802612
0 0.3190845251083374 0.5437595248222351 0.07105386257171631 0.1134888231754303
0 0.9107801914215088 0.6656366586685181 0.17843955755233765 0.201812744140625
0 0.3542824983596802 0.5269829034805298 0.054277271032333374 0.08585676550865173
0 0.797546923160553 0.60593181848526 0.1541147232055664 0.14235460758209229
0 0.38191455602645874 0.5037916898727417 0.022039860486984253 0.03750067949295044
0 0.5730363130569458 0.5062588453292847 0.04440861940383911 0.05526411533355713
0 0.09769907593727112 0.7347167730331421 0.19539815187454224 0.3636576533317566
0 0.5296145677566528 0.48701512813568115 0.04901403188705444 0.06069186329841614
0 0.3977043330669403 0.5092194080352783 0.01578974723815918 0.024671494960784912
0 0.2786232829093933 0.5728718638420105 0.10427813231945038 0.1381603479385376
0 0.35888785123825073 0.49688369035720825 0.04046124219894409 0.027632087469100952
0 0.37928295135498047 0.5116865634918213 0.01842135190963745 0.04687580466270447
