0 0.6727091073989868 0.5329040288925171 0.03914541006088257 0.019737184047698975
0 0.8411331176757812 0.5388252139091492 0.04473763704299927 0.020724058151245117
0 0.36250633001327515 0.537838339805603 0.02072402834892273 0.023191213607788086
0 0.2901366651058197 0.531423807144165 0.015460789203643799 0.008881747722625732
0 0.27533355355262756 0.5304381847381592 0.017215251922607422 0.00625002384185791
0 0.10033070296049118 0.5486937761306763 0.03519798815250397 0.0310860276222229
0 0.25449979305267334 0.5291224122047424 0.018531054258346558 0.008223772048950195
0 0.007977113127708435 0.5457332134246826 0.01595422625541687 0.025164902210235596
0 0.04539553076028824 0.5289566516876221 0.022039860486984253 0.008881747722625732
0 0.40658605098724365 0.5329040288925171 0.02730312943458557 0.018750369548797607
0 0.1325681060552597 0.6256688237190247 0.1496736705303192 0.11250197887420654
0 0.48586374521255493 0.5279697775840759 0.025329381227493286 0.017763495445251465
0 0.3388217091560364 0.5289566516876221 0.017434507608413696 0.01776343584060669
0 0.4345470666885376 0.5299434661865234 0.027961015701293945 0.019737184047698975
0 0.031906913965940475 0.5437604188919067 0.040132224559783936 0.03404664993286133
