0 0.8569228649139404 0.5644835233688354 0.11644941568374634 0.06661301851272583
0 0.8811888694763184 0.8118475675582886 0.2376222014427185 0.37630486488342285
0 0.3253346383571625 0.5467201471328735 0.05592203140258789 0.07204073667526245
0 0.46382391452789307 0.5516543984413147 0.041119128465652466 0.04786264896392822
0 0.8236986398696899 0.5965564846992493 0.15625274181365967 0.09868597984313965
0 0.45749157667160034 0.5145238041877747 0.006579071283340454 0.009868621826171875
0 0.4653191566467285 0.5138397216796875 0.010107815265655518 0.009868621826171875
0 0.41974419355392456 0.5329040288925171 0.011184394359588623 0.01381605863571167
0 0.38323038816452026 0.5368515253067017 0.022697746753692627 0.02615177631378174
0 0.702643871307373 0.6064251065254211 0.19638502597808838 0.11496913433074951
0 0.40263861417770386 0.5486937761306763 0.04177704453468323 0.048849523067474365
0 0.21678011119365692 0.5787930488586426 0.1730293333530426 0.09079104661941528
0 0.42783641815185547 0.5283645391464233 0.014868706464767456 0.015592396259307861
