0 0.15098948776721954 0.5753390192985535 0.2825707495212555 0.13519978523254395
0 0.5355356931686401 0.5876747369766235 0.03848755359649658 0.04292839765548706
0 0.8481146097183228 0.7006701231002808 0.3037707209587097 0.34490734338760376
0 0.3431033492088318 0.5834774971008301 0.11496293544769287 0.04687410593032837
0 0.6249544620513916 0.5675255060195923 0.17340999841690063 0.0956411361694336
0 0.18418166041374207 0.6008096933364868 0.19214403629302979 0.13735687732696533
0 0.05205683037638664 0.7060978412628174 0.10411366075277328 0.17122012376785278
0 0.47928470373153687 0.5891550779342651 0.022039860486984253 0.01529628038406372
0 0.9651484489440918 0.8911663889884949 0.06809329986572266 0.21766722202301025
0 0.13520611822605133 0.6330624222755432 0.2654741704463959 0.17861592769622803
