0 0.5059299468994141 0.47171878814697266 0.005592167377471924 0.006908029317855835
1 0.9292919635772705 0.5554368495941162 0.021930038928985596 0.09161287546157837
1 0.015131843276321888 0.5097128748893738 0.029276827350258827 0.06365242600440979
1 0.7605396509170532 0.5047785639762878 0.021053016185760498 0.07056045532226562
1 0.21250373125076294 0.5245157480239868 0.015131846070289612 0.0824027955532074
1 0.44342881441116333 0.4924428164958954 0.005921155214309692 0.02565830945968628
1 0.22133100032806396 0.520197868347168 0.033936843276023865 0.11330363154411316
0 0.5898129343986511 0.488495409488678 0.019408226013183594 0.03157952427864075
1 0.7352102398872375 0.5028048753738403 0.022368788719177246 0.06365242600440979
1 0.2171090543270111 0.46382391452789307 0.009868606925010681 0.022697776556015015
0 0.2913503348827362 0.6045705080032349 0.15511846542358398 0.15679150819778442
0 0.49310076236724854 0.559882640838623 0.10816338658332825 0.05687779188156128
1 0.055590949952602386 0.47599655389785767 0.023903995752334595 0.05279982089996338
1 0.898699939250946 0.5491872429847717 0.013158082962036133 0.08733701705932617
0 0.4838900566101074 0.4786267876625061 0.014802902936935425 0.03305980563163757
0 0.5473780035972595 0.5171142816543579 0.11677837371826172 0.0690801739692688
1 0.00855278130620718 0.48750853538513184 0.013816030696034431 0.08240273594856262
0 0.511522114276886 0.47683483362197876 0.007236957550048828 0.009868592023849487
1 0.5671151876449585 0.48750853538513184 0.005263209342956543 0.012829184532165527
0 0.6871830821037292 0.6071035861968994 0.14868676662445068 0.1460551619529724
1 0.9575825929641724 0.5620163679122925 0.020395100116729736 0.10115307569503784
0 0.6210634708404541 0.4981163740158081 0.03536111116409302 0.046381235122680664
0 0.4618501663208008 0.47171878814697266 0.033224254846572876 0.03700721263885498
0 0.9353694915771484 0.8642745018005371 0.1292610764503479 0.27145105600357056
1 0.8855417966842651 0.540305495262146 0.022368788719177246 0.07796269655227661
0 0.5059298872947693 0.488495409488678 0.016447633504867554 0.015296310186386108
1 0.18686361610889435 0.5173126459121704 0.038191258907318115 0.08472368121147156
1 0.8602124452590942 0.5245157480239868 0.02236884832382202 0.038980960845947266
1 0.22631976008415222 0.48553481698036194 0.008552774786949158 0.012829184532165527
1 0.1944112926721573 0.48750853538513184 0.009868592023849487 0.022697746753692627
1 0.2019772231578827 0.5082319974899292 0.019079506397247314 0.04884868860244751
1 0.18388479948043823 0.5097128748893738 0.019079282879829407 0.06365242600440979
0 0.49211385846138 0.5363580584526062 0.08209437131881714 0.040892958641052246
0 0.47566622495651245 0.5047785639762878 0.07829084992408752 0.05378386378288269
1 0.9102133512496948 0.5590558052062988 0.02401357889175415 0.10312682390213013
1 0.1381603181362152 0.48553481698036194 0.015131846070289612 0.030592620372772217
0 0.45066577196121216 0.7243547439575195 0.26776787638664246 0.35872334241867065
1 0.2342146337032318 0.5146471261978149 0.015131846070289612 0.07549470663070679
0 0.6088922023773193 0.4884953796863556 0.03848749399185181 0.03848749399185181
1 0.37007224559783936 0.4944165349006653 0.015131860971450806 0.04687580466270447
0 0.5539571046829224 0.48553478717803955 0.017434537410736084 0.012335747480392456
1 0.28717607259750366 0.5028048753738403 0.02434253692626953 0.0537838339805603
1 0.28191280364990234 0.48750853538513184 0.009868592023849487 0.01578974723815918
0 0.8311581611633301 0.5908965468406677 0.13033318519592285 0.11881494522094727
1 0.8266592025756836 0.5136603713035583 0.021382033824920654 0.043915241956710815
1 0.7023149132728577 0.500831127166748 0.013158082962036133 0.046875834465026855
0 0.5309303402900696 0.48158738017082214 0.012829184532165527 0.010855436325073242
1 0.42369163036346436 0.4924428462982178 0.008772224187850952 0.0309218168258667
1 0.20789837837219238 0.48750853538513184 0.009868592023849487 0.020329415798187256
0 0.5447463989257812 0.48553481698036194 0.006579101085662842 0.005427718162536621
0 0.5187590718269348 0.47171878814697266 0.047040313482284546 0.020724058151245117
0 0.6031354069709778 0.5716380476951599 0.08092248439788818 0.09991979598999023
1 0.7756714820861816 0.5037916898727417 0.019737184047698975 0.07056042551994324
0 0.4785735011100769 0.4595697522163391 0.0032362937927246094 0.007201462984085083
1 0.7246837615966797 0.500831127166748 0.01381605863571167 0.05279695987701416
0 0.49112701416015625 0.4754483103752136 0.004605352878570557 0.009868592023849487
0 0.1282588243484497 0.6909005045890808 0.2565176486968994 0.37224340438842773
1 0.24342530965805054 0.5088905096054077 0.015241503715515137 0.06283009052276611
0 0.2761097550392151 0.49984467029571533 0.13805001974105835 0.07549437880516052
1 0.9069236516952515 0.5486940145492554 0.021052956581115723 0.09227138757705688
0 0.5279697179794312 0.48010706901550293 0.009092271327972412 0.012158125638961792
0 0.500995397567749 0.4771465063095093 0.009868383407592773 0.0100325345993042
1 0.6062606573104858 0.5077391862869263 0.013158142566680908 0.027632057666778564
