0 0.2955353558063507 0.4593830406665802 0.007236957550048828 0.006907999515533447
0 0.2944130301475525 0.45247501134872437 0.008185118436813354 0.01085546612739563
1 0.8536334037780762 0.4954034090042114 0.007565915584564209 0.0439152717590332
0 0.0787842720746994 0.5028048753738403 0.031250543892383575 0.012335717678070068
0 0.21985043585300446 0.4669490456581116 0.010197550058364868 0.009539783000946045
0 0.7664607763290405 0.5116865634918213 0.1075676679611206 0.062172144651412964
0 0.5621808767318726 0.48158735036849976 0.19868767261505127 0.12829169631004333
0 0.19121575355529785 0.4765591025352478 0.007236957550048828 0.016776621341705322
0 0.3460586965084076 0.537838339805603 0.14342355728149414 0.07993561029434204
0 0.10033070296049118 0.4993508458137512 0.028618916869163513 0.017763495445251465
0 0.055264126509428024 0.5023114085197449 0.030921615660190582 0.02072402834892273
0 0.22993823885917664 0.4608633518218994 0.00822383165359497 0.012335747480392456
0 0.2963867783546448 0.47023850679397583 0.013636618852615356 0.019243746995925903
0 0.28322863578796387 0.46703118085861206 0.002631634473800659 0.01085546612739563
0 0.10119794309139252 0.4941025376319885 0.028379686176776886 0.024671465158462524
0 0.20888523757457733 0.4692516326904297 0.017434507608413696 0.016776621341705322
0 0.22055524587631226 0.47752246260643005 0.016964584589004517 0.019314229488372803
1 0.7621843814849854 0.5121800303459167 0.017105579376220703 0.065132737159729
0 0.2034369707107544 0.48240458965301514 0.019315704703330994 0.024501830339431763
0 0.37297528982162476 0.466192364692688 0.04509124159812927 0.06911718845367432
0 0.18224003911018372 0.47652965784072876 0.014802888035774231 0.02282118797302246
0 0.19145071506500244 0.4746793508529663 0.011513352394104004 0.018947690725326538
0 0.13980507850646973 0.5102062821388245 0.04046124219894409 0.05230352282524109
0 0.18684537708759308 0.5146471858024597 0.03947436809539795 0.04292836785316467
0 0.22171440720558167 0.47023850679397583 0.011184394359588623 0.013816028833389282
0 0.17763468623161316 0.4799725413322449 0.012739449739456177 0.017763465642929077
0 0.07039596885442734 0.4954034090042114 0.02401357889175415 0.010855436325073242
0 0.10404469072818756 0.7494167685508728 0.20808938145637512 0.5011664628982544
0 0.1301860511302948 0.48492228984832764 0.014802888035774231 0.011467963457107544
1 0.7750135660171509 0.5087260007858276 0.015131831169128418 0.07154726982116699
0 0.4628370404243469 0.7911372184753418 0.298725962638855 0.4177256226539612
0 0.3338874280452728 0.488495409488678 0.03947436809539795 0.04292836785316467
0 0.24572798609733582 0.46777135133743286 0.011842310428619385 0.013816028833389282
0 0.6990253925323486 0.4924428462982178 0.021052956581115723 0.02911236882209778
1 0.0844728946685791 0.4919493794441223 0.00772472470998764 0.012846201658248901
0 0.11414673924446106 0.4939231276512146 0.015214048326015472 0.024671465158462524
0 0.16283178329467773 0.4801070988178253 0.0250004380941391 0.02615177631378174
0 0.24993851780891418 0.46629106998443604 0.008618652820587158 0.014704078435897827
0 0.11984014511108398 0.492215096950531 0.018269561231136322 0.027632087469100952
0 0.25033333897590637 0.4401392936706543 0.007236972451210022 0.015296310186386108
1 0.8283039331436157 0.4993508458137512 0.011842310428619385 0.04342183470726013
1 0.9128450155258179 0.5146471858024597 0.02516496181488037 0.08684363961219788
1 0.8233696818351746 0.5195814371109009 0.019408226013183594 0.06858676671981812
