0 0.42171791195869446 0.457902729511261 0.012829184532165527 0.020813733339309692
0 0.5931024551391602 0.49467724561691284 0.02960580587387085 0.03602039813995361
0 0.587990403175354 0.48553481698036194 0.025987327098846436 0.030592620372772217
0 0.5688070058822632 0.4671369791030884 0.020395100116729736 0.027632087469100952
0 0.560865044593811 0.4480341672897339 0.033224284648895264 0.019243746995925903
0 0.675834059715271 0.5782995820045471 0.05847132205963135 0.05822467803955078
0 0.5138247609138489 0.4539552927017212 0.007236957550048828 0.006908029317855835
0 0.37752842903137207 0.48553478717803955 0.033224254846572876 0.03898093104362488
0 0.41600242257118225 0.460863322019577 0.01578974723815918 0.022204339504241943
0 0.42994171380996704 0.45099472999572754 0.014802902936935425 0.020724058151245117
0 0.40033596754074097 0.4731990694999695 0.02039507031440735 0.027632057666778564
1 0.5877885818481445 0.4559290409088135 0.002808868885040283 0.020344525575637817
1 0.449349969625473 0.6241885423660278 0.020395100116729736 0.0828961730003357
0 0.2960578203201294 0.5990236401557922 0.07467237114906311 0.08126413822174072
0 0.4187573194503784 0.5866879224777222 0.06842225790023804 0.09128445386886597
0 0.6513271927833557 0.5575755834579468 0.0480271577835083 0.04835611581802368
1 0.5937603712081909 0.46382391452789307 0.00592118501663208 0.02417805790901184
0 0.40691500902175903 0.4664049744606018 0.01644766330718994 0.02368462085723877
1 0.17763468623161316 0.5556018352508545 0.022039860486984253 0.043421804904937744
0 0.34671658277511597 0.5047785639762878 0.03684273362159729 0.04440867900848389
0 0.3348742723464966 0.5176077485084534 0.03980332612991333 0.04292836785316467
1 0.1154625415802002 0.5743521451950073 0.018750332295894623 0.0750012993812561
1 0.08059351146221161 0.5871813297271729 0.024671487510204315 0.07253420352935791
0 0.3174397647380829 0.527538001537323 0.04506659507751465 0.046875834465026855
1 0.7391576766967773 0.5590558052062988 0.011184453964233398 0.05625098943710327
0 0.059869468212127686 0.6434323191642761 0.1190810352563858 0.1519763469696045
0 0.19177967309951782 0.6128396987915039 0.10230442881584167 0.09128445386886597
0 0.3654669225215912 0.5023114085197449 0.019408226013183594 0.03898093104362488
1 0.16217389702796936 0.5669506788253784 0.018750324845314026 0.07006698846817017
0 0.9961435794830322 0.685373842716217 0.007712900638580322 0.03848755359649658
1 0.946398138999939 0.6434323191642761 0.0365138053894043 0.10312676429748535
1 0.7628422975540161 0.6281359791755676 0.03157949447631836 0.09671223163604736
1 0.9575825333595276 0.6611957550048828 0.03157949447631836 0.09819251298904419
1 0.1325681060552597 0.5886616706848145 0.02368462085723877 0.07746845483779907
0 0.6088922023773193 0.5100418925285339 0.030592620372772217 0.02911236882209778
0 0.5782996416091919 0.4835451543331146 0.011842310428619385 0.02615177631378174
1 0.5792864561080933 0.45247501134872437 0.0049343109130859375 0.008881717920303345
1 0.9371874332427979 0.6473797559738159 0.033224284648895264 0.09177792072296143
0 0.43804222345352173 0.4494219422340393 0.009334057569503784 0.016776591539382935
0 0.6319189071655273 0.533890962600708 0.04704028367996216 0.04588896036148071
0 0.5644835233688354 0.4648107886314392 0.020305335521697998 0.02355000376701355
0 0.931668758392334 0.8513219356536865 0.1366625428199768 0.29735612869262695
0 0.7049465179443359 0.6044514179229736 0.07993561029434204 0.07204073667526245
0 0.5582334995269775 0.4581415355205536 0.017434537410736084 0.022204339504241943
0 0.6171160936355591 0.5200749039649963 0.037829577922821045 0.04292836785316467
0 0.273031085729599 0.5605361461639404 0.0690801590681076 0.062172114849090576
0 0.39474374055862427 0.4786267876625061 0.01644766330718994 0.030592650175094604
1 0.22122012078762054 0.5375910997390747 0.012335270643234253 0.057978689670562744
