0 0.7730398178100586 0.5250091552734375 0.003947436809539795 0.012829124927520752
0 0.32007139921188354 0.4840545058250427 0.0190792977809906 0.027138620615005493
0 0.13191020488739014 0.4924428164958954 0.038274653255939484 0.019737184047698975
1 0.4842190146446228 0.49758028984069824 0.01277109980583191 0.017270058393478394
0 0.6210637092590332 0.5067522525787354 0.03125053644180298 0.019737184047698975
0 0.22138544917106628 0.47566622495651245 0.011513352394104004 0.005921155214309692
0 0.814408540725708 0.5103254318237305 0.01397484540939331 0.011093676090240479
1 0.1634896993637085 0.48553481698036194 0.004605337977409363 0.0212174654006958
0 0.18980595469474792 0.5037916898727417 0.03881646692752838 0.03404662013053894
0 0.5404700040817261 0.5210617780685425 0.045724451541900635 0.03404664993286133
0 0.10460709035396576 0.5037916898727417 0.05032982677221298 0.025658339262008667
0 0.5853721499443054 0.5279698371887207 0.06513261795043945 0.04342186450958252
0 0.032525233924388885 0.49688369035720825 0.04247607663273811 0.028187155723571777
0 0.02171090617775917 0.6034644842147827 0.04342181235551834 0.10263341665267944
0 0.6557680368423462 0.511809766292572 0.027796447277069092 0.016036152839660645
0 0.2325698584318161 0.4727056324481964 0.006579071283340454 0.014309465885162354
0 0.2536228597164154 0.5210617184638977 0.037829622626304626 0.04687580466270447
0 0.6666237711906433 0.5437594652175903 0.08026444911956787 0.06562614440917969
0 0.14315594732761383 0.48786813020706177 0.03908408433198929 0.02545759081840515
0 0.7644870281219482 0.5166208744049072 0.01611870527267456 0.025658369064331055
0 0.34276914596557617 0.6046487092971802 0.10263338685035706 0.11250197887420654
0 0.06940910965204239 0.5551084280014038 0.09671221673488617 0.05970495939254761
0 0.07228748500347137 0.5705282688140869 0.08791279047727585 0.06303566694259644
0 0.7825794816017151 0.5136603116989136 0.026645183563232422 0.03700721263885498
0 0.9306083917617798 0.5264894962310791 0.05131673812866211 0.06118527054786682
0 0.8536334037780762 0.5023114681243896 0.05611938238143921 0.0325663685798645
0 0.4901401400566101 0.5496807098388672 0.11118614673614502 0.06710642576217651
0 0.14753547310829163 0.7218876481056213 0.29507094621658325 0.2960578203201294
1 0.3628352880477905 0.5195814371109009 0.01315811276435852 0.03848749399185181
0 0.18791452050209045 0.5264894962310791 0.042763903737068176 0.03552669286727905
0 0.6940910816192627 0.518101155757904 0.03717172145843506 0.04144808650016785
0 0.7445853352546692 0.5023114681243896 0.020066142082214355 0.011348932981491089
0 0.4937586486339569 0.5921156406402588 0.12072581052780151 0.06411898136138916
0 0.21233919262886047 0.4766530990600586 0.00707244873046875 0.008388310670852661
0 0.656063973903656 0.49096256494522095 0.0546720027923584 0.03937581181526184
0 0.19934558868408203 0.4755316376686096 0.017015844583511353 0.02242863178253174
0 0.7121833562850952 0.5037916898727417 0.00904613733291626 0.009868592023849487
0 0.5279697775840759 0.5368515253067017 0.02368462085723877 0.02417808771133423
0 0.1555948257446289 0.5580689907073975 0.14144983887672424 0.03996777534484863
0 0.895410418510437 0.5052720308303833 0.03125053644180298 0.015789777040481567
0 0.239495187997818 0.4827170968055725 0.007513970136642456 0.02417805790901184
0 0.8934279680252075 0.639238178730011 0.21314412355422974 0.19342446327209473
0 0.1136532723903656 0.4810939431190491 0.01685880869626999 0.0178869366645813
0 0.08552780747413635 0.4880019724369049 0.023684628307819366 0.02417808771133423
0 0.22072751820087433 0.471225380897522 0.01480284333229065 0.01677665114402771
0 0.165134459733963 0.4727056622505188 0.00657905638217926 0.005921155214309692
0 0.1309233456850052 0.4741859436035156 0.013158120214939117 0.015789777040481567
0 0.8792917132377625 0.5353711843490601 0.1016465425491333 0.04687577486038208
1 0.3542824983596802 0.4712253510951996 0.006579071283340454 0.020477294921875
0 0.0647568553686142 0.4880019724369049 0.01052650436758995 0.019737184047698975
0 0.2401357740163803 0.5778061151504517 0.08158037066459656 0.08240276575088501
0 0.22401708364486694 0.49170276522636414 0.021053001284599304 0.02713865041732788
1 0.17204248905181885 0.4781333804130554 0.005592212080955505 0.02121749520301819
1 0.900344729423523 0.5023112297058105 0.006085574626922607 0.01652979850769043
0 0.3019789457321167 0.4727056324481964 0.01315811276435852 0.014309465885162354
0 0.14572623372077942 0.4825742244720459 0.036184847354888916 0.02121749520301819
0 0.709725022315979 0.4964941740036011 0.030263662338256836 0.0212174654006958
0 0.04679351672530174 0.49096256494522095 0.03159598261117935 0.02417805790901184
0 0.7207362651824951 0.518101155757904 0.02171093225479126 0.028618931770324707
0 0.7483683824539185 0.5250091552734375 0.03717166185379028 0.035526931285858154
0 0.26414936780929565 0.4998442530632019 0.06184318661689758 0.07105386257171631
0 0.07786789536476135 0.4808119535446167 0.010526500642299652 0.006814032793045044
0 0.992451548576355 0.7130059003829956 0.014144957065582275 0.042928338050842285
0 0.36645376682281494 0.5778061747550964 0.06842222809791565 0.09375166893005371
0 0.223030224442482 0.4712253510951996 0.014144986867904663 0.009868621826171875
0 0.6352084875106812 0.5279697179794312 0.03223741054534912 0.03848749399185181
0 0.4861927330493927 0.748032808303833 0.22450393438339233 0.2790706753730774
0 0.0865146666765213 0.47566622495651245 0.025658346712589264 0.017270028591156006
0 0.4811927080154419 0.5571807026863098 0.10204115509986877 0.11635100841522217
0 0.3059263825416565 0.4712253510951996 0.014144986867904663 0.01578974723815918
0 0.07993561029434204 0.4766530990600586 0.01611870527267456 0.008388310670852661
0 0.10238662362098694 0.4766530692577362 0.01611870527267456 0.014309465885162354
