0 0.5075746774673462 0.5526412725448608 0.005921125411987305 0.006907999515533447
1 0.4246784746646881 0.5664572715759277 0.004276394844055176 0.01825690269470215
0 0.48092949390411377 0.5595492720603943 0.010526508092880249 0.012829184532165527
0 0.49902188777923584 0.5556018352508545 0.003289550542831421 0.006908059120178223
0 0.4977060556411743 0.5556018352508545 0.007894843816757202 0.00789487361907959
0 0.42369163036346436 0.5699112415313721 0.02927681803703308 0.014802873134613037
0 0.5056009292602539 0.5556018352508545 0.00822383165359497 0.010362029075622559
0 0.52303546667099 0.5605361461639404 0.009868621826171875 0.011842310428619385
0 0.5302724838256836 0.5565886497497559 0.003947436809539795 0.0098685622215271
0 0.0009868593188002706 0.5891550779342651 0.001973718637600541 0.012335717678070068
0 0.5371804237365723 0.5565886497497559 0.010197579860687256 0.012335717678070068
0 0.4671134352684021 0.5634967088699341 0.012500226497650146 0.01578974723815918
0 0.5322461724281311 0.5531346797943115 0.005592226982116699 0.007401466369628906
0 0.5256670713424683 0.5486937761306763 0.003947436809539795 0.004934251308441162
0 0.037336744368076324 0.588168203830719 0.04769814386963844 0.025658369064331055
0 0.03190845251083374 0.5827404260635376 0.05592203140258789 0.03602033853530884
