0 0.36250633001327515 0.5422792434692383 0.08815941214561462 0.056744396686553955
0 0.6006684303283691 0.5807667374610901 0.05065876245498657 0.06611955165863037
0 0.5509964823722839 0.5462266206741333 0.03388214111328125 0.04292839765548706
0 0.7885006666183472 0.670570969581604 0.23191195726394653 0.22352367639541626
0 0.21974068880081177 0.5837273001670837 0.11052824556827545 0.07598817348480225
0 0.33739668130874634 0.5521475076675415 0.08037394285202026 0.046382248401641846
0 0.3569141626358032 0.537838339805603 0.02664521336555481 0.01776343584060669
0 0.28717607259750366 0.56843101978302 0.0845409482717514 0.07056045532226562
0 0.488495409488678 0.5477069616317749 0.028618931770324707 0.03454005718231201
0 0.37434864044189453 0.533890962600708 0.017434507608413696 0.006907999515533447
0 0.07607041299343109 0.6429388523101807 0.15214082598686218 0.13519972562789917
0 0.10592290759086609 0.6000105142593384 0.1996745467185974 0.1228640079498291
0 0.6447480916976929 0.5975433588027954 0.09375160932540894 0.08980417251586914
0 0.4034940004348755 0.5580688714981079 0.01440805196762085 0.010855436325073242
