0 0.5516543984413147 0.4440867304801941 0.0424349308013916 0.04687580466270447
0 0.5259960889816284 0.3789539933204651 0.017434537410736084 0.017763465642929077
0 0.6789592504501343 0.5699112415313721 0.13552868366241455 0.15098947286605835
0 0.5977078676223755 0.5092194080352783 0.07829087972640991 0.09128448367118835
0 0.5496807098388672 0.37352627515792847 0.020395100116729736 0.022204339504241943
0 0.500008761882782 0.3789539933204651 0.017434507608413696 0.019243746995925903
0 0.5296145677566528 0.42731010913848877 0.023026764392852783 0.030592620372772217
0 0.6937621235847473 0.46777135133743286 0.07467234134674072 0.06661298871040344
0 0.32928210496902466 0.4495144486427307 0.03782960772514343 0.06661301851272583
0 0.5398120880126953 0.43717870116233826 0.03125053644180298 0.041448116302490234
0 0.8938391208648682 0.7845855951309204 0.21232175827026367 0.43082886934280396
0 0.7648160457611084 0.46629106998443604 0.054277241230010986 0.05526414513587952
0 0.5259960889816284 0.41793495416641235 0.020395100116729736 0.030592650175094604
