0 0.43783658742904663 0.5546149611473083 0.013816028833389282 0.014802932739257812
0 0.46185019612312317 0.5156340599060059 0.00789487361907959 0.0098685622215271
0 0.41184931993484497 0.5536280870437622 0.03980332612991333 0.04983639717102051
0 0.3904673457145691 0.5486937761306763 0.01940825581550598 0.037007272243499756
0 0.45494216680526733 0.5156340599060059 0.005921155214309692 0.003947436809539795
0 0.4572448432445526 0.5126734375953674 0.007236957550048828 0.005921125411987305
0 0.4671134352684021 0.5156340599060059 0.0026316046714782715 0.003947436809539795
0 0.36448004841804504 0.5546149611473083 0.035855889320373535 0.04194152355194092
0 0.446389377117157 0.5417858362197876 0.00789487361907959 0.003947436809539795
0 0.4536263346672058 0.533890962600708 0.009868592023849487 0.011842310428619385
0 0.4592185616493225 0.5240223407745361 0.009210705757141113 0.00789487361907959
0 0.4477052092552185 0.5506675243377686 0.009210675954818726 0.016776621341705322
