1 0.5549439191818237 0.4954034090042114 0.010526537895202637 0.02911233901977539
1 0.24737313389778137 0.49367648363113403 0.012829184532165527 0.020230621099472046
0 0.5121804475784302 0.4808468222618103 0.011842310428619385 0.008388310670852661
1 0.3445786237716675 0.49589693546295166 0.00822383165359497 0.0315796434879303
0 0.47566622495651245 0.49096256494522095 0.010197550058364868 0.009868592023849487
0 0.48125842213630676 0.48898887634277344 0.004605352878570557 0.009868592023849487
0 0.5187590718269348 0.5171142816543579 0.04868507385253906 0.06365245580673218
1 0.3592168688774109 0.49589693546295166 0.005263239145278931 0.02911236882209778
1 0.10658080875873566 0.5674440860748291 0.03684275597333908 0.12730485200881958
1 0.5292855501174927 0.48050349950790405 0.0029606223106384277 0.00789487361907959
0 0.49869292974472046 0.48701509833335876 0.024013608694076538 0.016776621341705322
1 0.19879767298698425 0.5136603116989136 0.012280896306037903 0.05000084638595581
1 0.5450752973556519 0.5112915635108948 0.013947784900665283 0.05250111222267151
1 0.36415112018585205 0.4954034090042114 0.00822383165359497 0.030592650175094604
1 0.32407355308532715 0.499103844165802 0.008607745170593262 0.036760807037353516
1 0.18989090621471405 0.5139085650444031 0.011019796133041382 0.05884075164794922
0 0.5120155811309814 0.48282110691070557 0.00822383165359497 0.006908029317855835
1 0.3513219356536865 0.4954034090042114 0.010526478290557861 0.03157949447631836
1 0.3391517996788025 0.4997216463088989 0.010526508092880249 0.03898012638092041
1 0.12881675362586975 0.5263156294822693 0.01578974723815918 0.07343319058418274
1 0.19961117208003998 0.5142460465431213 0.014617770910263062 0.0542776882648468
1 0.3715296983718872 0.4931494891643524 0.007190793752670288 0.020230591297149658
1 0.5667862296104431 0.48750853538513184 0.0029605627059936523 0.020230621099472046
1 0.38471126556396484 0.4914572238922119 0.00641515851020813 0.026399344205856323
1 0.29974910616874695 0.500831127166748 0.013231098651885986 0.04824638366699219
2 0.45402154326438904 0.48879295587539673 0.004605352878570557 0.016184300184249878
1 0.46250808238983154 0.48183441162109375 0.004605323076248169 0.012335717678070068
1 0.4654686748981476 0.4840545058250427 0.004605352878570557 0.012335747480392456
1 0.5450752973556519 0.5126752853393555 0.015021264553070068 0.05411139130592346
1 0.09144897013902664 0.5279697775840759 0.00822383165359497 0.07450786232948303
0 0.5023114085197449 0.4786267876625061 0.0055921971797943115 0.005427718162536621
0 0.4784623980522156 0.4762415289878845 0.010197550058364868 0.016776591539382935
1 0.6123698353767395 0.5074569582939148 0.015296339988708496 0.05875346064567566
1 0.37683889269828796 0.4897635877132416 0.011184394359588623 0.03602033853530884
1 0.6440902352333069 0.5210617780685425 0.019408226013183594 0.06858673691749573
1 0.5690889358520508 0.5023114085197449 0.011184394359588623 0.02911233901977539
1 0.5541628003120422 0.5046797394752502 0.010526537895202637 0.038191527128219604
1 0.11019929498434067 0.5077391266822815 0.012829169631004333 0.029112309217453003
1 0.5702069401741028 0.4827722907066345 0.004605293273925781 0.012335747480392456
1 0.6223793029785156 0.5077391266822815 0.013487100601196289 0.05526408553123474
1 0.3325716257095337 0.5023114681243896 0.008223801851272583 0.03503352403640747
