1 0.8687648773193359 0.5188413858413696 0.01175999641418457 0.018380343914031982
0 0.349677175283432 0.52303546667099 0.01578974723815918 0.04983639717102051
1 0.7140631675720215 0.5221895575523376 0.007565915584564209 0.049836426973342896
1 0.8056609630584717 0.5210617780685425 0.02143681049346924 0.053537070751190186
1 0.008059351705014706 0.5111931562423706 0.01611870341002941 0.1268114149570465
0 0.6460639238357544 0.512344479560852 0.023355722427368164 0.03996780514717102
0 0.9616309404373169 0.5536280870437622 0.07673811912536621 0.06595498323440552
1 0.7176113128662109 0.5130435824394226 0.009292840957641602 0.042064785957336426
0 0.4973771274089813 0.5284631848335266 0.2933163046836853 0.4967188537120819
0 0.8727381229400635 0.5640661716461182 0.149117112159729 0.08084660768508911
1 0.707578182220459 0.5195814371109009 0.013158142566680908 0.059704989194869995
1 0.2659403383731842 0.5079036355018616 0.013998806476593018 0.0845409631729126
0 0.954957127571106 0.5266240835189819 0.09008568525314331 0.041448116302490234
1 0.08750153332948685 0.5521478652954102 0.04177704453468323 0.1766478419303894
1 0.2401357889175415 0.518101155757904 0.01710556447505951 0.08388301730155945
1 0.7200784683227539 0.5195814371109009 0.012500226497650146 0.054277271032333374
