1 0.9511616230010986 0.508233904838562 0.028782904148101807 0.07203876972198486
0 0.6947489976882935 0.47615963220596313 0.06381690502166748 0.05526411533355713
0 0.5710626244544983 0.43323126435279846 0.01578974723815918 0.030592620372772217
0 0.47599518299102783 0.42188239097595215 0.01644766330718994 0.020724058151245117
0 0.35428252816200256 0.44260644912719727 0.03223741054534912 0.03996780514717102
0 0.5404700040817261 0.44260644912719727 0.03519797325134277 0.03898093104362488
0 0.39671748876571655 0.4263232350349426 0.013816028833389282 0.02615174651145935
0 0.5102062821388245 0.4248429536819458 0.022039860486984253 0.02615177631378174
1 0.21612221002578735 0.659715473651886 0.06677748262882233 0.27829432487487793
0 0.32928207516670227 0.45099472999572754 0.04506659507751465 0.05279695987701416
0 0.42237579822540283 0.4110269248485565 0.029605776071548462 0.06069183349609375
0 0.49079805612564087 0.4149743914604187 0.011842310428619385 0.009868592023849487
0 0.48520585894584656 0.4302706718444824 0.025000452995300293 0.030592650175094604
1 0.6891567707061768 0.4401392936706543 0.012829124927520752 0.02368462085723877
0 0.34671658277511597 0.4480341672897339 0.017434507608413696 0.036020368337631226
0 0.36612480878829956 0.4401392936706543 0.01118442416191101 0.02911236882209778
1 0.0654616728425026 0.6518206000328064 0.09835697710514069 0.34095990657806396
0 0.6292873620986938 0.4342181086540222 0.012829124927520752 0.013816028833389282
0 0.2638204097747803 0.4840545058250427 0.06447482109069824 0.06759986281394958
0 0.6401427984237671 0.4579027593135834 0.03125053644180298 0.04440867900848389
0 0.5644835829734802 0.4302706718444824 0.019408226013183594 0.03305980563163757
0 0.5960630178451538 0.4554356038570404 0.06283003091812134 0.07598817348480225
0 0.5009956359863281 0.4204021096229553 0.013816028833389282 0.023684650659561157
0 0.8967262506484985 0.7967979907989502 0.20559567213058472 0.4064040780067444
0 0.29145246744155884 0.47171878814697266 0.0480271577835083 0.05526411533355713
0 0.46415287256240845 0.4164546728134155 0.01118442416191101 0.015296310186386108
1 0.2861891984939575 0.42780354619026184 0.014144986867904663 0.0325663685798645
0 0.5404700040817261 0.4194152355194092 0.00822383165359497 0.012335717678070068
0 0.31645292043685913 0.46234363317489624 0.04243496060371399 0.048356086015701294
0 0.3707301616668701 0.4194152355194092 0.04243496060371399 0.05970501899719238
0 0.438165545463562 0.4194152355194092 0.007236987352371216 0.009868592023849487
0 0.449349969625473 0.423362672328949 0.01842135190963745 0.024671494960784912
0 0.5157985091209412 0.41793495416641235 0.018421411514282227 0.027632057666778564
0 0.026645204052329063 0.6266556978225708 0.05263249948620796 0.24474108219146729
1 0.26217561960220337 0.44112616777420044 0.013487070798873901 0.028125494718551636
1 0.06744588911533356 0.6611948013305664 0.06107274442911148 0.28239887952804565
1 0.26809680461883545 0.6148133873939514 0.05329039692878723 0.20477330684661865
1 0.18191957473754883 0.6521497368812561 0.05284924805164337 0.2611813545227051
0 0.4422776997089386 0.4820854365825653 0.0577315092086792 0.06587320566177368
0 0.4039544463157654 0.4194152355194092 0.01282915472984314 0.01924377679824829
