0 0.5151405930519104 0.34737449884414673 0.04769822955131531 0.030592620372772217
0 0.4388234615325928 0.38339486718177795 0.01578974723815918 0.030592620372772217
0 0.38355934619903564 0.4593830406665802 0.051645636558532715 0.062172114849090576
0 0.5778062343597412 0.4379187822341919 0.04144817590713501 0.04687580466270447
0 0.6273136138916016 0.5363580584526062 0.07467234134674072 0.09128448367118835
0 0.536358118057251 0.3779670000076294 0.010197579860687256 0.022204309701919556
0 0.46036985516548157 0.3537890315055847 0.01644766330718994 0.020724058151245117
0 0.5539571046829224 0.39326345920562744 0.03125053644180298 0.03454005718231201
1 0.28717607259750366 0.5477069616317749 0.03157949447631836 0.08931076526641846
0 0.4222114086151123 0.40781956911087036 0.03684273362159729 0.0537838339805603
0 0.5631677508354187 0.4149743616580963 0.03388214111328125 0.04835611581802368
0 0.6210634708404541 0.4001714587211609 0.012829124927520752 0.02911236882209778
0 0.9060103893280029 0.8504584431648254 0.18797922134399414 0.2990831136703491
0 0.045477770268917084 0.8235341310501099 0.09095554053783417 0.3172752857208252
0 0.42599427700042725 0.34490734338760376 0.0055921971797943115 0.009868592023849487
0 0.5350422859191895 0.36957883834838867 0.022039830684661865 0.021464109420776367
0 0.6072474718093872 0.37327948212623596 0.02532947063446045 0.02294456958770752
0 0.6042869091033936 0.4993508458137512 0.0690801739692688 0.08141589164733887
0 0.3542824983596802 0.4993508458137512 0.065461665391922 0.08437645435333252
0 0.5483648777008057 0.38191455602645874 0.027632057666778564 0.030592650175094604
0 0.43833011388778687 0.4021451473236084 0.014802902936935425 0.03651374578475952
0 0.39063042402267456 0.6394845247268677 0.18816152215003967 0.1820753812789917
0 0.44704729318618774 0.367605060338974 0.02401357889175415 0.027632057666778564
0 0.5556018352508545 0.4016517698764801 0.028618931770324707 0.03700721263885498
