0 0.13881821930408478 0.5639901161193848 0.04671134799718857 0.03207296133041382
0 0.6914594769477844 0.5496807098388672 0.03388214111328125 0.018750369548797607
0 0.6000105142593384 0.5447463989257812 0.009868621826171875 0.012829124927520752
0 0.3532956540584564 0.5521478056907654 0.025658369064331055 0.012829184532165527
0 0.7690923810005188 0.5496807098388672 0.035855889320373535 0.018750369548797607
0 0.30428165197372437 0.5536280870437622 0.029605776071548462 0.012829184532165527
0 0.025329390540719032 0.5689244270324707 0.050658781081438065 0.02911233901977539
0 0.5026403665542603 0.5501741170883179 0.0246715247631073 0.017270028591156006
0 0.3539535403251648 0.5536280870437622 0.030592650175094604 0.012829184532165527
0 0.730604887008667 0.5477069616317749 0.0365138053894043 0.025164902210235596
0 0.47040295600891113 0.5506675243377686 0.02730312943458557 0.012829184532165527
0 0.7167888879776001 0.5373449325561523 0.0036185383796691895 0.0029605627059936523
0 0.5381672978401184 0.5477069616317749 0.035855889320373535 0.019737184047698975
