0 0.45263949036598206 0.49096253514289856 0.019408226013183594 0.010855436325073242
0 0.1095413863658905 0.52303546667099 0.046053431928157806 0.0439152717590332
0 0.3845462203025818 0.49096253514289856 0.01118442416191101 0.016776621341705322
0 0.480271577835083 0.500831127166748 0.01940825581550598 0.009868592023849487
0 0.5184301137924194 0.5200748443603516 0.03684276342391968 0.03750067949295044
0 0.39277005195617676 0.500831127166748 0.014802902936935425 0.017763465642929077
0 0.17566096782684326 0.5116865634918213 0.025658339262008667 0.022204339504241943
0 0.3246767520904541 0.4993508458137512 0.022039860486984253 0.027632087469100952
1 0.8368567228317261 0.5097128748893738 0.014473974704742432 0.030592679977416992
0 0.4148098826408386 0.4939231276512146 0.02105298638343811 0.02911236882209778
0 0.017434515058994293 0.5309303402900696 0.03388217091560364 0.03700721263885498
0 0.34178251028060913 0.4993506371974945 0.015131771564483643 0.01924365758895874
0 0.00847054272890091 0.533890962600708 0.01694108545780182 0.03848749399185181
0 0.34309810400009155 0.488495409488678 0.006579071283340454 0.00296059250831604
0 0.06447481364011765 0.5324106216430664 0.08552780747413635 0.0690801739692688
0 0.3881646990776062 0.4939231276512146 0.011842310428619385 0.020724058151245117
0 0.36415112018585205 0.488495409488678 0.0055921971797943115 0.008388310670852661
0 0.4305996298789978 0.4939231276512146 0.011842310428619385 0.017763495445251465
0 0.4766530692577362 0.533890962600708 0.05065876245498657 0.06365245580673218
0 0.20329302549362183 0.5062588453292847 0.03223739564418793 0.02072402834892273
0 0.4166739583015442 0.48142290115356445 0.016776621341705322 0.014309436082839966
0 0.24572798609733582 0.5023114085197449 0.02401357889175415 0.02072402834892273
0 0.18026632070541382 0.5161274671554565 0.036842748522758484 0.024671494960784912
0 0.3917831778526306 0.4939231276512146 0.01644766330718994 0.017763495445251465
0 0.14638414978981018 0.5185946226119995 0.026645198464393616 0.027632057666778564
0 0.40494129061698914 0.5062588453292847 0.02401357889175415 0.02911233901977539
1 0.8565939664840698 0.5185946226119995 0.006907999515533447 0.040954649448394775
0 0.35888785123825073 0.4924428462982178 0.011184394359588623 0.013816028833389282
0 0.1674371361732483 0.503298282623291 0.02401357889175415 0.013816028833389282
0 0.30115658044815063 0.5042850971221924 0.02861890196800232 0.027632057666778564
0 0.3532956540584564 0.5615229606628418 0.0828961730003357 0.08684366941452026
0 0.43520498275756836 0.5023114085197449 0.021053016185760498 0.02911233901977539
0 0.684551477432251 0.52303546667099 0.04704028367996216 0.05082324147224426
0 0.28158387541770935 0.503298282623291 0.03125053644180298 0.019243746995925903
0 0.3532956838607788 0.49639028310775757 0.010197550058364868 0.016776591539382935
0 0.45625799894332886 0.5092194080352783 0.03223738074302673 0.03996783494949341
0 0.2421095073223114 0.6098791360855103 0.18585850298404694 0.20279961824417114
0 0.13519972562789917 0.5200748443603516 0.010197535157203674 0.027632057666778564
