0 0.5118510723114014 0.4993508458137512 0.005592226982116699 0.022204309701919556
0 0.43323126435279846 0.488495409488678 0.00822383165359497 0.006908029317855835
0 0.5233644247055054 0.500831127166748 0.025000452995300293 0.03454005718231201
0 0.5279697179794312 0.5077391266822815 0.021053016185760498 0.029112309217453003
0 0.47007399797439575 0.4939231276512146 0.007236987352371216 0.017763495445251465
0 0.38553306460380554 0.4993508458137512 0.014802873134613037 0.020724058151245117
0 0.5759969353675842 0.49639028310775757 0.007236957550048828 0.006908029317855835
0 0.5401409864425659 0.5131669044494629 0.02401357889175415 0.033059775829315186
0 0.5582334399223328 0.5230355262756348 0.0424349308013916 0.04588896036148071
0 0.45625799894332886 0.500831127166748 0.016447633504867554 0.02220436930656433
0 0.2667809724807739 0.5092194080352783 0.045066580176353455 0.02072402834892273
0 0.1996745467185974 0.5102063417434692 0.025000423192977905 0.016776621341705322
0 0.43158650398254395 0.488495409488678 0.0026316046714782715 0.006908029317855835
0 0.48750853538513184 0.48553478717803955 0.021053016185760498 0.008388310670852661
0 0.3477034568786621 0.4954034090042114 0.013816028833389282 0.015296339988708496
0 0.3789539933204651 0.4924428462982178 0.003618478775024414 0.006908029317855835
0 0.05329040437936783 0.5546149611473083 0.10592290759086609 0.08684360980987549
0 0.315466046333313 0.49639028310775757 0.027632057666778564 0.013816028833389282
0 0.5759968757629395 0.4924428462982178 0.00822383165359497 0.012335747480392456
0 0.39638853073120117 0.4924428462982178 0.009210675954818726 0.006908029317855835
0 0.5115220546722412 0.49639028310775757 0.00822383165359497 0.026151806116104126
0 0.5611940622329712 0.49639028310775757 0.023026764392852783 0.020724058151245117
0 0.41579675674438477 0.4954034090042114 0.017434507608413696 0.019243746995925903
0 0.511522114276886 0.4954034090042114 0.011184453964233398 0.02368462085723877
0 0.48948225378990173 0.5353711843490601 0.05690890550613403 0.07154732942581177
0 0.24572798609733582 0.5077391266822815 0.026645198464393616 0.017763465642929077
0 0.1769767701625824 0.5131669044494629 0.050658777356147766 0.020723998546600342
0 0.5056009292602539 0.49096256494522095 0.014802873134613037 0.017763465642929077
0 0.2944130301475525 0.503298282623291 0.01842138171195984 0.017763495445251465
0 0.46185019612312317 0.4954034090042114 0.01644766330718994 0.024671465158462524
0 0.2769785523414612 0.503298282623291 0.025658339262008667 0.019243746995925903
0 0.12237055599689484 0.5353711843490601 0.05230354517698288 0.055264174938201904
0 0.4292822480201721 0.48554158210754395 0.006579041481018066 0.010361671447753906
0 0.4437577724456787 0.5077391862869263 0.025987297296524048 0.03454011678695679
0 0.15098947286605835 0.5131669044494629 0.0230267196893692 0.016776621341705322
0 0.40164950489997864 0.5013316869735718 0.02302604913711548 0.02763107419013977
0 0.4204021096229553 0.488495409488678 0.013816028833389282 0.012335747480392456
0 0.3358611464500427 0.5077391266822815 0.02927681803703308 0.036020368337631226
0 0.3634932041168213 0.503298282623291 0.03388217091560364 0.03157949447631836
0 0.22533288598060608 0.5092194080352783 0.03125055134296417 0.01776343584060669
1 0.650669276714325 0.5146471858024597 0.012829184532165527 0.04736927151679993
0 0.3687564730644226 0.5639901161193848 0.08914628624916077 0.09128451347351074
0 0.3036237359046936 0.4954034090042114 0.011842310428619385 0.009868621826171875
0 0.4838900566101074 0.49639028310775757 0.028618931770324707 0.024671465158462524
0 0.3092159330844879 0.5185946226119995 0.04506659507751465 0.03996780514717102
0 0.48948225378990173 0.49639028310775757 0.027632057666778564 0.013816028833389282
0 0.22434602677822113 0.6276425719261169 0.21447744965553284 0.23585939407348633
0 0.011102167889475822 0.5299434661865234 0.022204335778951645 0.03157949447631836
