0 0.9709786176681519 0.9340947866439819 0.058042705059051514 0.1318104863166809
0 0.3634932041168213 0.48553481698036194 0.007236957550048828 0.006907999515533447
0 0.3523075580596924 0.4847954213619232 0.02894797921180725 0.015296339988708496
0 0.5095484256744385 0.5255025625228882 0.04309287667274475 0.04835611581802368
0 0.30822908878326416 0.48553481698036194 0.011842310428619385 0.01924377679824829
0 0.47369250655174255 0.500831127166748 0.012829184532165527 0.03454005718231201
0 0.49507445096969604 0.5146471261978149 0.030263662338256836 0.03848749399185181
0 0.19309549033641815 0.5560952425003052 0.11414673924446106 0.08437645435333252
0 0.292439341545105 0.5200748443603516 0.11052826046943665 0.059211552143096924
0 0.3615194857120514 0.4954034090042114 0.07269865274429321 0.06069183349609375
0 0.09835697710514069 0.639978289604187 0.07993560284376144 0.10065966844558716
0 0.28421550989151 0.5215551853179932 0.08190932869911194 0.05526411533355713
0 0.45987647771835327 0.503298282623291 0.02401357889175415 0.020724058151245117
0 0.12163041532039642 0.5792864561080933 0.24326083064079285 0.18750324845314026
0 0.054688457399606705 0.670570969581604 0.10937691479921341 0.21365505456924438
0 0.31086069345474243 0.5102062821388245 0.07829084992408752 0.04687580466270447
0 0.48586374521255493 0.503298282623291 0.02861890196800232 0.03700721263885498
0 0.6358664035797119 0.6222147941589355 0.14901578426361084 0.16431206464767456
0 0.24572798609733582 0.5324106216430664 0.11875207722187042 0.06217217445373535
0 0.3421112596988678 0.5023114085197449 0.05526411533355713 0.038487523794174194
0 0.3957306146621704 0.4954034090042114 0.00822383165359497 0.020724058151245117
0 0.2289513647556305 0.5501741170883179 0.11315988004207611 0.08141589164733887
