0 0.6273136138916016 0.5353711843490601 0.0480271577835083 0.04687577486038208
0 0.8190932869911194 0.6542877554893494 0.32204508781433105 0.37204599380493164
0 0.6651431918144226 0.5605361461639404 0.051645636558532715 0.06513267755508423
0 0.41974419355392456 0.5452398061752319 0.04506659507751465 0.07352101802825928
0 0.438165545463562 0.5353711843490601 0.03782960772514343 0.062172114849090576
0 0.684551477432251 0.56843101978302 0.01842135190963745 0.05526411533355713
0 0.1357754021883011 0.7968889474868774 0.2715508043766022 0.3113541603088379
0 0.25658345222473145 0.6819198131561279 0.16250285506248474 0.20329302549362183
0 0.45099472999572754 0.5116865634918213 0.011842310428619385 0.01529628038406372
0 0.599681556224823 0.5215551853179932 0.03519797325134277 0.041448116302490234
0 0.3532956540584564 0.5990236401557922 0.10065966844558716 0.1287851333618164
0 0.5700757503509521 0.5062588453292847 0.03782963752746582 0.04835611581802368
0 0.4595475196838379 0.5259960889816284 0.011842310428619385 0.01924377679824829
0 0.41053348779678345 0.5590558052062988 0.054277271032333374 0.08141595125198364
