1 0.5394831299781799 0.570898175239563 0.04079020023345947 0.11200851202011108
2 0.34079545736312866 0.5210617780685425 0.00559273362159729 0.022205054759979248
1 0.42994171380996704 0.5136603116989136 0.002631634473800659 0.015296339988708496
0 0.33623120188713074 0.5353711843490601 0.011184394359588623 0.029112398624420166
0 0.37904611229896545 0.5190880298614502 0.01644766330718994 0.017763495445251465
1 0.7706707119941711 0.5541215538978577 0.03194081783294678 0.09977114200592041
1 0.14441043138504028 0.5847141742706299 0.03322426974773407 0.09177792072296143
0 0.5536280870437622 0.5338909029960632 0.05888265371322632 0.0789487361907959
1 0.10888348519802094 0.5950762033462524 0.038158565759658813 0.11200857162475586
1 0.3654669225215912 0.5185946226119995 0.004276394844055176 0.02417808771133423
0 0.4754030108451843 0.5092194080352783 0.006579071283340454 0.022204339504241943
0 0.49849051237106323 0.5146471858024597 0.025987297296524048 0.0345400869846344
1 0.19375339150428772 0.5886616110801697 0.03157949447631836 0.09177792072296143
1 0.7432461380958557 0.5408694744110107 0.021757960319519043 0.07916027307510376
2 0.024671485647559166 0.6611957550048828 0.04671134427189827 0.25855714082717896
1 0.8598834276199341 0.5644835829734802 0.03486901521682739 0.1287851333618164
1 0.11381778120994568 0.5477069616317749 0.014473937451839447 0.04194152355194092
0 0.250004380941391 0.5560952425003052 0.03519798815250397 0.046875834465026855
0 0.45066577196121216 0.5116865634918213 0.01282915472984314 0.01529628038406372
1 0.11118615418672562 0.5477069616317749 0.017763465642929077 0.04588896036148071
0 0.41020452976226807 0.5077391266822815 0.02861890196800232 0.030592650175094604
1 0.4782978296279907 0.512179970741272 0.006908029317855835 0.020230591297149658
0 0.5322461724281311 0.5605361461639404 0.06842222809791565 0.07204073667526245
1 0.22434604167938232 0.5185946226119995 0.013487085700035095 0.020230591297149658
1 0.9739391803741455 0.7707371711730957 0.05212157964706421 0.3735262155532837
1 0.4358628988265991 0.5146471261978149 0.006908029317855835 0.02417808771133423
1 0.7638291716575623 0.8043227195739746 0.1921086311340332 0.391354501247406
0 0.3881646990776062 0.5161274671554565 0.00822383165359497 0.008388280868530273
0 0.3973753750324249 0.5047785639762878 0.07269865274429321 0.0246715247631073
1 0.3092159330844879 0.5822470188140869 0.024671494960784912 0.10312682390213013
0 0.31645292043685913 0.5329040884971619 0.04144808650016785 0.04440867900848389
0 0.2139291763305664 0.5564242005348206 0.0698477178812027 0.0739595890045166
1 0.6674458980560303 0.531423807144165 0.017763495445251465 0.059951722621917725
1 0.3822435140609741 0.5210617780685425 0.008552759885787964 0.02417808771133423
1 0.4631659984588623 0.5171142816543579 0.01019752025604248 0.02417808771133423
0 0.4825742244720459 0.5106997489929199 0.013816028833389282 0.022204339504241943
1 0.469087153673172 0.5171142816543579 0.004276394844055176 0.02417808771133423
0 0.40099388360977173 0.5161274671554565 0.016397029161453247 0.01666271686553955
1 0.8309355974197388 0.5477069616317749 0.027961015701293945 0.09671223163604736
0 0.16316074132919312 0.5728719234466553 0.06743539869785309 0.07746845483779907
0 0.28125491738319397 0.5477069616317749 0.03881645202636719 0.038980960845947266
1 0.7579079866409302 0.579779863357544 0.03157949447631836 0.12089025974273682
1 0.6753407716751099 0.5669506788253784 0.03157949447631836 0.09671217203140259
0 0.5019824504852295 0.5176077485084534 0.02861890196800232 0.03305983543395996
1 0.6486591100692749 0.5340556502342224 0.01611870527267456 0.05965065956115723
0 0.4286259412765503 0.5116865634918213 0.010197550058364868 0.01381605863571167
1 0.12237056344747543 0.5950762033462524 0.021381959319114685 0.09819245338439941
1 0.6108659505844116 0.5375916361808777 0.01611870527267456 0.05970501899719238
0 0.47204771637916565 0.5023114085197449 0.07927769422531128 0.030592650175094604
1 0.153621107339859 0.531423807144165 0.01611870527267456 0.020230591297149658
0 0.4842190146446228 0.5131669044494629 0.01118442416191101 0.016776621341705322
1 0.599681556224823 0.5185946226119995 0.015742778778076172 0.046241432428359985
0 0.3036237359046936 0.5422792434692383 0.026645183563232422 0.03454005718231201
