0 0.5204038619995117 0.8104928135871887 0.3536275029182434 0.37901437282562256
1 0.3401375412940979 0.5718849897384644 0.010526508092880249 0.06414586305618286
0 0.5204038619995117 0.5264894962310791 0.011513352394104004 0.014309465885162354
0 0.09549044072628021 0.5717439651489258 0.016259580850601196 0.020583033561706543
1 0.7283022403717041 0.5412923693656921 0.011184394359588623 0.0439152717590332
1 0.8437647819519043 0.5146471858024597 0.006424665451049805 0.03157952427864075
0 0.5269829034805298 0.5309303402900696 0.013158082962036133 0.01727008819580078
1 0.995074450969696 0.6370177268981934 0.00985109806060791 0.07993555068969727
0 0.5832338929176331 0.5407989025115967 0.04473757743835449 0.02713865041732788
1 0.3378821015357971 0.5630033016204834 0.01578974723815918 0.060691893100738525
1 0.7980402708053589 0.540305495262146 0.010526537895202637 0.06414586305618286
1 0.4027738571166992 0.5886616706848145 0.030857354402542114 0.08783048391342163
1 0.9348548054695129 0.5548841953277588 0.01578974723815918 0.06513267755508423
1 0.9789645075798035 0.5624094605445862 0.021052956581115723 0.0767742395401001
1 0.3730328679084778 0.5613290071487427 0.017352372407913208 0.07093065977096558
0 0.5276410579681396 0.5166208744049072 0.013486862182617188 0.022204697132110596
0 0.17171353101730347 0.5560952425003052 0.01578974723815918 0.020724058151245117
1 0.7605396509170532 0.5210617780685425 0.011184394359588623 0.03602033853530884
0 0.15000233054161072 0.5605361461639404 0.03125055134296417 0.02368462085723877
1 0.9170114994049072 0.552970290184021 0.02171093225479126 0.07664620876312256
1 0.991793692111969 0.5630033016204834 0.01578974723815918 0.07894879579544067
1 0.9723854660987854 0.6261622905731201 0.0480271577835083 0.1327325701713562
0 0.22582346200942993 0.5484476089477539 0.033224254846572876 0.019243717193603516
0 0.47566622495651245 0.5368515253067017 0.011513352394104004 0.017270028591156006
1 0.35586732625961304 0.540305495262146 0.010526508092880249 0.01578974723815918
0 0.47204774618148804 0.5188407897949219 0.02138170599937439 0.024178028106689453
1 0.3484360873699188 0.56843101978302 0.019408226013183594 0.05974984169006348
0 0.5348775386810303 0.5240223407745361 0.010526537895202637 0.013322234153747559
1 0.8179240226745605 0.5484747290611267 0.013487040996551514 0.05526411533355713
0 0.491784930229187 0.537838339805603 0.017105579376220703 0.019737184047698975
1 0.2755553424358368 0.5876743793487549 0.028947889804840088 0.07680922746658325
0 0.5138247609138489 0.5264894962310791 0.008552789688110352 0.011348903179168701
1 0.6594411134719849 0.5238580703735352 0.005044221878051758 0.011513769626617432
1 0.8062641024589539 0.5482003688812256 0.013487100601196289 0.05181014537811279
1 0.3765849471092224 0.5560952425003052 0.010526478290557861 0.04164642095565796
0 0.34202635288238525 0.5411694049835205 0.021710902452468872 0.017270028591156006
1 0.130594402551651 0.6236951351165771 0.029276832938194275 0.15296322107315063
0 0.04029681533575058 0.5743521451950073 0.031250547617673874 0.027632057666778564
1 0.12096581608057022 0.647811770439148 0.03326471149921417 0.16233915090560913
0 0.46497467160224915 0.537838339805603 0.018833398818969727 0.022697746753692627
1 0.21480639278888702 0.6483665704727173 0.027632057666778564 0.1263180375099182
1 0.577312707901001 0.5955696105957031 0.0480271577835083 0.07993561029434204
0 0.5123441219329834 0.5240223407745361 0.007565915584564209 0.011348903179168701
1 0.6177740097045898 0.6236951351165771 0.045724451541900635 0.1440814733505249
0 0.48915329575538635 0.5240223407745361 0.011513352394104004 0.011348903179168701
1 0.3910033702850342 0.5833743810653687 0.015601664781570435 0.07366150617599487
1 0.21250371634960175 0.636030912399292 0.03223741054534912 0.15888434648513794
1 0.36053261160850525 0.5630033016204834 0.011842310428619385 0.060691893100738525
0 0.5042456388473511 0.5286802649497986 0.011908084154129028 0.013184428215026855
0 0.11447568237781525 0.5630033016204834 0.01940823346376419 0.01924377679824829
0 0.878131628036499 0.8397263288497925 0.24373674392700195 0.32054734230041504
0 0.4810935854911804 0.5353711843490601 0.014144986867904663 0.017270028591156006
1 0.3111896514892578 0.5960630178451538 0.0365138053894043 0.09325820207595825
1 0.7342233657836914 0.542772650718689 0.012829184532165527 0.04638242721557617
0 0.46053439378738403 0.5264894962310791 0.008552759885787964 0.006907999515533447
0 0.4595475196838379 0.533890962600708 0.015131831169128418 0.017270028591156006
1 0.0380258746445179 0.6677975654602051 0.03988470137119293 0.13964062929153442
