0 0.42204126715660095 0.4579027593135834 0.012829184532165527 0.022204339504241943
0 0.5931024551391602 0.49618977308273315 0.02960580587387085 0.036020368337631226
0 0.5876703262329102 0.48553481698036194 0.025987327098846436 0.030592620372772217
0 0.5690889358520508 0.47023850679397583 0.020395100116729736 0.027632087469100952
0 0.6768211126327515 0.5782995820045471 0.06019872426986694 0.058594584465026855
0 0.5138247609138489 0.4539552927017212 0.00789487361907959 0.006908029317855835
0 0.3778475522994995 0.4840545058250427 0.033224254846572876 0.03898093104362488
0 0.4171125590801239 0.460863322019577 0.01578974723815918 0.022204339504241943
0 0.42994171380996704 0.45099472999572754 0.014802902936935425 0.020724058151245117
0 0.40082910656929016 0.4731990694999695 0.020395100116729736 0.02615177631378174
1 0.5871813297271729 0.45494216680526733 0.004276394844055176 0.020230621099472046
0 0.3052684962749481 0.5728718638420105 0.05625098943710327 0.030592679977416992
0 0.4171125590801239 0.5866879224777222 0.07204073667526245 0.09671217203140259
0 0.6523140668869019 0.549899697303772 0.04506659507751465 0.031250059604644775
1 0.5957341194152832 0.4628363251686096 0.005921125411987305 0.02171093225479126
0 0.40855979919433594 0.46777135133743286 0.017434507608413696 0.02368462085723877
1 0.1309233456850052 0.6177740097045898 0.022039860486984253 0.08783048391342163
0 0.34671658277511597 0.5062588453292847 0.03684273362159729 0.0444086492061615
0 0.3348742723464966 0.5176077485084534 0.04046124219894409 0.04292836785316467
1 0.1996745467185974 0.5412923693656921 0.014473944902420044 0.057237863540649414
1 0.17072667181491852 0.5516543984413147 0.01875033974647522 0.054770708084106445
0 0.31715768575668335 0.5284631848335266 0.04506656527519226 0.046875834465026855
1 0.776658296585083 0.5541214942932129 0.008552730083465576 0.008881747722625732
0 0.16052912175655365 0.6158002614974976 0.03980332612991333 0.07746845483779907
0 0.36552178859710693 0.502187967300415 0.01940825581550598 0.0376240611076355
1 0.11052824556827545 0.6177739500999451 0.026316247880458832 0.09177792072296143
0 0.49902188777923584 0.45642244815826416 0.01118442416191101 0.00296059250831604
1 0.6355374455451965 0.6266556978225708 0.03223741054534912 0.11102163791656494
1 0.5039561986923218 0.6128396987915039 0.02138197422027588 0.11102169752120972
0 0.29145246744155884 0.6434323191642761 0.28125494718551636 0.16480553150177002
1 0.9312663078308105 0.6523140668869019 0.026316285133361816 0.09177792072296143
2 0.491784930229187 0.4534618854522705 0.00493428111076355 0.007401466369628906
0 0.6074898838996887 0.5106997489929199 0.03017711639404297 0.02911236882209778
0 0.5782996416091919 0.48322683572769165 0.011842310428619385 0.02615177631378174
1 0.5792864561080933 0.45258474349975586 0.0049343109130859375 0.016776591539382935
1 0.6355373859405518 0.6281359791755676 0.01611870527267456 0.09177792072296143
0 0.43680864572525024 0.4484967589378357 0.01056760549545288 0.016776621341705322
1 0.9312663078308105 0.6434323191642761 0.02203989028930664 0.09671223163604736
0 0.6319189667701721 0.533890962600708 0.046736836433410645 0.046192467212677
0 0.5640499591827393 0.4648107886314392 0.019744694232940674 0.02433505654335022
0 0.9580672383308411 0.8963216543197632 0.08386552333831787 0.2073567509651184
0 0.7050082683563232 0.6044513583183289 0.08115893602371216 0.07069921493530273
0 0.5582334995269775 0.4593830406665802 0.017434537410736084 0.022204339504241943
0 0.6161291599273682 0.5200749039649963 0.037829577922821045 0.041448116302490234
0 0.2713863253593445 0.5477069616317749 0.06644852459430695 0.041448116302490234
0 0.39474374055862427 0.4771465063095093 0.017434507608413696 0.030592620372772217
1 0.24309635162353516 0.5161274671554565 0.012829169631004333 0.04440867900848389
