0 0.45205461978912354 0.5571368932723999 0.008881747722625732 0.0043312907218933105
0 0.34112441539764404 0.5817536115646362 0.030263692140579224 0.028618931770324707
0 0.6013263463973999 0.5630033016204834 0.01842135190963745 0.013322651386260986
0 0.3095448613166809 0.5736942291259766 0.007346659898757935 0.013651549816131592
0 0.5072457194328308 0.5580689907073975 0.01644766330718994 0.013322591781616211
0 0.47204774618148804 0.5674441456794739 0.0190792977809906 0.020724058151245117
0 0.36250633001327515 0.5743521451950073 0.015789777040481567 0.016283154487609863
0 0.4789557456970215 0.5620164275169373 0.020724058151245117 0.02368462085723877
0 0.8427779078483582 0.5506675243377686 0.05690884590148926 0.038980960845947266
0 0.43520498275756836 0.5506675243377686 0.01578974723815918 0.013322591781616211
0 0.9121869802474976 0.5279697775840759 0.006907999515533447 0.012335777282714844
0 0.48882433772087097 0.560042679309845 0.011513352394104004 0.016283154487609863
0 0.7858690023422241 0.5437595248222351 0.02138197422027588 0.018750309944152832
0 0.8289618492126465 0.5393186807632446 0.01842135190963745 0.010361969470977783
0 0.7509999871253967 0.542772650718689 0.020724058151245117 0.021710872650146484
0 0.6273136138916016 0.5477069616317749 0.020724058151245117 0.012335777282714844
0 0.9141607284545898 0.5570821166038513 0.018421411514282227 0.031086087226867676
0 0.5842207670211792 0.5639901161193848 0.022697746753692627 0.019737184047698975
0 0.49599558115005493 0.5596479773521423 0.00493428111076355 0.015098929405212402
1 0.8210669755935669 0.5353711843490601 0.00789487361907959 0.02713865041732788
0 0.5319172143936157 0.560042679309845 0.018421411514282227 0.02368462085723877
0 0.3980332612991333 0.5704047083854675 0.013816028833389282 0.013322591781616211
0 0.9922783374786377 0.6394848823547363 0.01544332504272461 0.05575752258300781
0 0.4250074326992035 0.5664572715759277 0.008881747722625732 0.013322591781616211
0 0.5217196345329285 0.5536280870437622 0.0049343109130859375 0.006414592266082764
0 0.4473762512207031 0.5847141742706299 0.0500008761882782 0.06266558170318604
0 0.5085614919662476 0.5610296726226807 0.01381605863571167 0.013322651386260986
0 0.5072457194328308 0.5630033016204834 0.01578974723815918 0.018750369548797607
0 0.3809277415275574 0.5743521451950073 0.022697776556015015 0.02368462085723877
0 0.48948225378990173 0.5630033016204834 0.006907999515533447 0.01628321409225464
