1 0.05625098571181297 0.5289566516876221 0.012536786496639252 0.053619444370269775
1 0.449678897857666 0.4973771274089813 0.005263239145278931 0.012335717678070068
1 0.5292855501174927 0.4919493794441223 0.012829124927520752 0.036020368337631226
0 0.6235755681991577 0.6297957897186279 0.44937941431999207 0.2768144905567169
0 0.8950814604759216 0.4863637685775757 0.0424349308013916 0.03996777534484863
1 0.4068055748939514 0.508397102355957 0.015570491552352905 0.04539519548416138
1 0.9144896864891052 0.47961366176605225 0.012171268463134766 0.0325663685798645
1 0.9648194909095764 0.4751727879047394 0.012171268463134766 0.03947436809539795
1 0.37007224559783936 0.5289565920829773 0.021710902452468872 0.0730275809764862
0 0.5878398418426514 0.5089729428291321 0.11727184057235718 0.07154729962348938
1 0.2687546908855438 0.5102062821388245 0.00822383165359497 0.028125494718551636
0 0.9855347871780396 0.4746793508529663 0.028930366039276123 0.04292836785316467
1 0.6809329986572266 0.48750853538513184 0.01217120885848999 0.03157949447631836
2 0.6352096796035767 0.49022212624549866 0.012829184532165527 0.0157892107963562
1 0.047369249165058136 0.5541215538978577 0.005263250321149826 0.00789487361907959
2 0.9723854064941406 0.48158738017082214 0.01940828561782837 0.04046124219894409
0 0.46185019612312317 0.5240223407745361 0.08141583204269409 0.049096137285232544
0 0.35888785123825073 0.5284632444381714 0.08914628624916077 0.0537838339805603
1 0.9473849534988403 0.5190880298614502 0.02401357889175415 0.09227132797241211
1 0.9391611814498901 0.5131669044494629 0.012829184532165527 0.07746845483779907
1 0.9031401872634888 0.5126734972000122 0.03141564130783081 0.08832329511642456
0 0.16020016372203827 0.6068870425224304 0.2613077461719513 0.2996273338794708
1 0.35216766595840454 0.500831127166748 0.012829184532165527 0.022697776556015015
1 0.39638853073120117 0.49885740876197815 0.012171238660812378 0.0325663685798645
1 0.9848856925964355 0.6069185137748718 0.029276788234710693 0.20378649234771729
0 0.6217517852783203 0.6337763071060181 0.44704729318618774 0.28421550989151
0 0.8556070923805237 0.48010706901550293 0.0424349308013916 0.057977765798568726
1 0.6283004283905029 0.4840545058250427 0.011184394359588623 0.024671465158462524
1 0.3538440465927124 0.4954034090042114 0.005811482667922974 0.012335777282714844
1 0.38372406363487244 0.4976240396499634 0.012829184532165527 0.022697776556015015
1 0.0247185118496418 0.5303665399551392 0.012829171493649483 0.04234105348587036
1 0.4496789276599884 0.4954034090042114 0.012829184532165527 0.028125524520874023
1 0.5046141147613525 0.5166208744049072 0.012829184532165527 0.05279695987701416
1 0.5187591314315796 0.4919493794441223 0.00822383165359497 0.022697776556015015
1 0.06338407099246979 0.5151665806770325 0.00460534542798996 0.00789487361907959
2 0.6950779557228088 0.49293625354766846 0.01644766330718994 0.028125494718551636
1 0.9674509763717651 0.4690049886703491 0.00822383165359497 0.027632325887680054
0 0.013554291799664497 0.5739933252334595 0.027108583599328995 0.0794869065284729
