0 0.4710614085197449 0.4801065921783447 0.0460534393787384 0.07228744029998779
0 0.3932640552520752 0.5062582492828369 0.022533267736434937 0.043421804904937744
0 0.13421288132667542 0.6276425123214722 0.19145071506500244 0.18750327825546265
0 0.6625115871429443 0.5792864561080933 0.10394918918609619 0.1115151047706604
0 0.542772650718689 0.5047785639762878 0.01644766330718994 0.036020368337631226
0 0.4398103356361389 0.48948222398757935 0.020395100116729736 0.02615174651145935
0 0.5730363130569458 0.5161274671554565 0.044079720973968506 0.062172114849090576
0 0.3389868140220642 0.5250086784362793 0.07417890429496765 0.09375157952308655
0 0.6098791360855103 0.5363580584526062 0.0690801739692688 0.09128448367118835
0 0.6881699562072754 0.5102062821388245 0.04309284687042236 0.036020368337631226
0 0.3957311511039734 0.4786263108253479 0.011842310428619385 0.016776591539382935
0 0.5325751304626465 0.503298282623291 0.020395100116729736 0.02368462085723877
0 0.6508342027664185 0.49861031770706177 0.032237350940704346 0.04613599181175232
0 0.9024741649627686 0.8108606934547424 0.19505172967910767 0.37827861309051514
0 0.5631677508354187 0.5062588453292847 0.04309284687042236 0.05378386378288269
0 0.37730923295021057 0.5200748443603516 0.030263662338256836 0.06463927030563354
0 0.4162907600402832 0.4931824207305908 0.034539997577667236 0.036020368337631226
0 0.575503945350647 0.5262422561645508 0.0312504768371582 0.06365245580673218
