1 0.8121852874755859 0.5097128748893738 0.013487040996551514 0.015296339988708496
0 0.4095466136932373 0.533126950263977 0.03388217091560364 0.030592620372772217
1 0.16645029187202454 0.5605361461639404 0.021381959319114685 0.08042901754379272
0 0.503298282623291 0.4954034090042114 0.014802902936935425 0.02368462085723877
0 0.4250074625015259 0.56843101978302 0.07368549704551697 0.08141589164733887
0 0.5762897729873657 0.5227718353271484 0.011842310428619385 0.031140148639678955
1 0.9047423601150513 0.566145658493042 0.026731789112091064 0.09712779521942139
0 0.6082342863082886 0.5116865634918213 0.05690890550613403 0.08536332845687866
1 0.6500113606452942 0.5274763107299805 0.01019752025604248 0.03947436809539795
0 0.4672068953514099 0.5492657423019409 0.025893837213516235 0.056822896003723145
1 0.6652012467384338 0.5250091552734375 0.012829184532165527 0.0445827841758728
1 0.1019754707813263 0.6000105142593384 0.04079018533229828 0.11102169752120972
1 0.18733921647071838 0.5388252139091492 0.010197535157203674 0.020970821380615234
1 0.3370608389377594 0.5408568978309631 0.01611870527267456 0.04597580432891846
0 0.6523140668869019 0.5146471858024597 0.012829184532165527 0.02368462085723877
1 0.6940910816192627 0.5225419998168945 0.01019752025604248 0.04588896036148071
1 0.3763223886489868 0.7554408311843872 0.12072578072547913 0.3350387215614319
1 0.7401444911956787 0.7810992002487183 0.1460551619529724 0.4307640790939331
1 0.7434340715408325 0.5289566516876221 0.013487100601196289 0.05477064847946167
1 0.7526443600654602 0.5357411503791809 0.02203989028930664 0.0783318281173706
1 0.9473850131034851 0.5644835233688354 0.0424349308013916 0.11842316389083862
1 0.3736340403556824 0.533890962600708 0.010197550058364868 0.03938931226730347
1 0.38750678300857544 0.76185542345047 0.13519972562789917 0.4090532064437866
1 0.8115273714065552 0.5171142816543579 0.018750309944152832 0.02417808771133423
1 0.6719102263450623 0.5225420594215393 0.009257674217224121 0.03700721263885498
0 0.4833965599536896 0.5000910758972168 0.02796083688735962 0.03528010845184326
1 0.1304301619529724 0.5657172799110413 0.024671480059623718 0.08931076526641846
1 0.47248637676239014 0.5121800303459167 0.25011399388313293 0.07796195149421692
1 0.7144861817359924 0.5171143412590027 0.014473915100097656 0.03700724244117737
1 0.062172144651412964 0.5975433588027954 0.034869033843278885 0.11348879337310791
1 0.6899791955947876 0.5267361402511597 0.01611870527267456 0.04835611581802368
1 0.6457350254058838 0.5109462738037109 0.008059322834014893 0.02368408441543579
1 0.6408005952835083 0.5289566516876221 0.009210705757141113 0.037007272243499756
0 0.25451570749282837 0.5491872429847717 0.13327303528785706 0.1574040651321411
