0 0.4942520558834076 0.5363580584526062 0.00789487361907959 0.010855436325073242
0 0.5062588453292847 0.531423807144165 0.005263268947601318 0.006907999515533447
0 0.3602038025856018 0.5649769306182861 0.03470447659492493 0.03996771574020386
0 0.46824127435684204 0.5339614152908325 0.005263239145278931 0.008740782737731934
0 0.46645551919937134 0.5353711843490601 0.00789487361907959 0.00789487361907959
0 0.40625709295272827 0.5585623979568481 0.008552759885787964 0.014802932739257812
0 0.44112613797187805 0.5442529320716858 0.012829184532165527 0.012829184532165527
0 0.4500736594200134 0.5418844819068909 0.010789662599563599 0.012237071990966797
0 0.49397796392440796 0.5792864561080933 0.05343663692474365 0.05701851844787598
0 0.49211385846138 0.5452398061752319 0.02335566282272339 0.011842310428619385
0 0.46824127435684204 0.5455217361450195 0.014426946640014648 0.018397867679595947
0 0.388164758682251 0.555108368396759 0.026974141597747803 0.03256630897521973
0 0.2595440149307251 0.5891550779342651 0.059211552143096924 0.05822473764419556
0 0.29539990425109863 0.5664572715759277 0.033224284648895264 0.03700721263885498
0 0.4996798038482666 0.5343843698501587 0.004605323076248169 0.0049343109130859375
0 0.3502879738807678 0.5452398061752319 0.02420160174369812 0.05202162265777588
0 0.5252723693847656 0.5335948467254639 0.003289520740509033 0.00592118501663208
