0 0.03980332612991333 0.5467201471328735 0.01710556074976921 0.024671494960784912
0 0.4322444200515747 0.540305495262146 0.039145439863204956 0.016283154487609863
1 0.3253346383571625 0.5580689907073975 0.013158142566680908 0.05970501899719238
0 0.2848733961582184 0.5570821166038513 0.02335566282272339 0.035033464431762695
0 0.08223828673362732 0.5551084280014038 0.05361936241388321 0.04835611581802368
0 0.024671483784914017 0.5787930488586426 0.04934296756982803 0.08536332845687866
0 0.09868593513965607 0.5570821166038513 0.03092159330844879 0.031086087226867676
0 0.7814289331436157 0.6476273536682129 0.21003705263137817 0.2511560916900635
0 0.5105353593826294 0.5499280691146851 0.0407901406288147 0.034539997577667236
0 0.23947787284851074 0.5363580584526062 0.014473944902420044 0.016283154487609863
1 0.9427803754806519 0.6676108837127686 0.06184321641921997 0.20872122049331665
0 0.19835872948169708 0.5590558052062988 0.03980332612991333 0.037007272243499756
1 0.2971537411212921 0.577312707901001 0.021162688732147217 0.07434338331222534
1 0.43520498275756836 0.5842207670211792 0.020724058151245117 0.09375160932540894
0 0.3075711727142334 0.5551084280014038 0.030921578407287598 0.0310860276222229
