0 0.48356109857559204 0.4727056622505188 0.006579071283340454 0.00493428111076355
0 0.46582841873168945 0.49694183468818665 0.006024390459060669 0.003947436809539795
0 0.5309303402900696 0.49441689252853394 0.004605293273925781 0.01085546612739563
0 0.5364950299263 0.49100348353385925 0.007236957550048828 0.007771432399749756
0 0.49639028310775757 0.5322461724281311 0.04539552330970764 0.04786264896392822
0 0.4556000828742981 0.4801070988178253 0.006579071283340454 0.003947436809539795
0 0.07927770167589188 0.5195814371109009 0.03980332612991333 0.03996783494949341
0 0.47040295600891113 0.49096253514289856 0.005263239145278931 0.006907999515533447
0 0.46382391452789307 0.4820808172225952 0.003289520740509033 0.003947436809539795
0 0.5369114279747009 0.4964798390865326 0.010735869407653809 0.015116870403289795
0 0.42369163036346436 0.4880019426345825 0.006579071283340454 0.006908029317855835
0 0.4782978296279907 0.4810939431190491 0.005263239145278931 0.0049343109130859375
0 0.061152465641498566 0.5759227275848389 0.12230493128299713 0.13291019201278687
0 0.5037614107131958 0.47240912914276123 0.006875097751617432 0.007450848817825317
0 0.46842923760414124 0.48306766152381897 0.003947436809539795 0.0049343109130859375
0 0.3500061333179474 0.4978705644607544 0.012500226497650146 0.011842280626296997
0 0.4556000828742981 0.48306766152381897 0.006579071283340454 0.00789487361907959
0 0.5508503913879395 0.4938862919807434 0.012500226497650146 0.011842310428619385
0 0.3098783493041992 0.5001727938652039 0.007346242666244507 0.0065788328647613525
0 0.322984516620636 0.5197225213050842 0.06541481614112854 0.06661298871040344
0 0.4986268877983093 0.49648934602737427 0.0284881591796875 0.04352089762687683
0 0.0036184843629598618 0.505765438079834 0.0072369687259197235 0.00789487361907959
0 0.5490227937698364 0.5116865634918213 0.02861887216567993 0.031086057424545288
0 0.45658695697784424 0.4978705644607544 0.01118442416191101 0.011842280626296997
0 0.4381657838821411 0.4880019724369049 0.005920976400375366 0.00542759895324707
0 0.5215407609939575 0.4941914677619934 0.01743447780609131 0.027138620615005493
0 0.450338214635849 0.48010706901550293 0.003947794437408447 0.005921155214309692
0 0.09949180483818054 0.7771518230438232 0.19898360967636108 0.31273597478866577
0 0.4092180132865906 0.4855346977710724 0.008552789688110352 0.00789487361907959
0 0.4375080466270447 0.4815872609615326 0.006579071283340454 0.006907999515533447
