0 0.9658798575401306 0.8851218819618225 0.06824028491973877 0.22975623607635498
1 0.6388269662857056 0.5146471261978149 0.005921125411987305 0.028125464916229248
0 0.49310073256492615 0.48158735036849976 0.005592226982116699 0.013816028833389282
1 0.2516491413116455 0.5146471261978149 0.008552789688110352 0.01529628038406372
0 0.2861891984939575 0.5240223407745361 0.02664521336555481 0.030592620372772217
1 0.34836137294769287 0.4954034090042114 0.006908029317855835 0.019243746995925903
0 0.3645916283130646 0.521061897277832 0.02324545383453369 0.028454840183258057
0 0.5294507145881653 0.48824989795684814 0.014802932739257812 0.017763465642929077
0 0.9565869569778442 0.5960630774497986 0.0868261456489563 0.136680006980896
0 0.35888785123825073 0.4771465063095093 0.011842310428619385 0.015296339988708496
0 0.11087168753147125 0.5531322956085205 0.11545580625534058 0.10484892129898071
0 0.35066401958465576 0.5131669044494629 0.013816028833389282 0.026151716709136963
0 0.24572798609733582 0.5654704570770264 0.08815944194793701 0.0828961730003357
0 0.4250074625015259 0.48701509833335876 0.010197550058364868 0.01924377679824829
1 0.05427726358175278 0.5195814371109009 0.012829173356294632 0.01924377679824829
1 0.6065895557403564 0.49639075994491577 0.0064688920974731445 0.026645183563232422
0 0.49671921133995056 0.4771465063095093 0.011184394359588623 0.015296339988708496
0 0.055428601801395416 0.6000105142593384 0.11085720360279083 0.1574040651321411
0 0.3869607448577881 0.5141534805297852 0.01710537075996399 0.02236759662628174
1 0.24424982070922852 0.5134152173995972 0.01069001853466034 0.026645183563232422
0 0.536440908908844 0.4963909387588501 0.015542864799499512 0.02072402834892273
0 0.2944130599498749 0.5171142816543579 0.01578974723815918 0.020723998546600342
0 0.5519833564758301 0.4731990694999695 0.014802873134613037 0.033059775829315186
0 0.549351692199707 0.5161274671554565 0.023026764392852783 0.017763495445251465
0 0.6779723763465881 0.5353711843490601 0.0424349308013916 0.03848749399185181
1 0.6177740097045898 0.4983639717102051 0.00592118501663208 0.026645183563232422
0 0.565799355506897 0.4771465063095093 0.022039830684661865 0.02615177631378174
0 0.2611887753009796 0.5309303402900696 0.0404612272977829 0.02615177631378174
1 0.0023026717826724052 0.5195814371109009 0.0046053435653448105 0.01924377679824829
1 0.6092211604118347 0.4954034090042114 0.004276394844055176 0.022697776556015015
0 0.5778061151504517 0.5304368734359741 0.03996783494949341 0.054524004459381104
0 0.5529701709747314 0.5501741170883179 0.0578957200050354 0.059211552143096924
0 0.5049430727958679 0.4924428164958954 0.01644769310951233 0.01776343584060669
0 0.7506710290908813 0.5477069616317749 0.06250107288360596 0.06217217445373535
0 0.5225423574447632 0.4667860269546509 0.014802873134613037 0.027632057666778564
1 0.6292871832847595 0.5148943662643433 0.008552789688110352 0.02479475736618042
2 0.6151423454284668 0.5259960293769836 0.012829184532165527 0.03947436809539795
0 0.37994086742401123 0.4840545058250427 0.012829184532165527 0.015296310186386108
0 0.29704469442367554 0.537838339805603 0.013816028833389282 0.033059775829315186
