0 0.4556000828742981 0.5106997489929199 0.003947436809539795 0.0029606223106384277
0 0.4503368139266968 0.5106997489929199 0.0019737184047698975 0.0029606223106384277
0 0.43520498275756836 0.5250091552734375 0.016776621341705322 0.018750369548797607
0 0.491878867149353 0.5013949871063232 0.008693784475326538 0.015578240156173706
0 0.5157985091209412 0.5457332134246826 0.03388217091560364 0.03799408674240112
0 0.06513272225856781 0.5575755834579468 0.08388304710388184 0.03996783494949341
0 0.5075746774673462 0.5250092148780823 0.02203989028930664 0.01578974723815918
0 0.5661283135414124 0.5176076889038086 0.009210705757141113 0.011842310428619385
0 0.5421147346496582 0.5106997489929199 0.005263268947601318 0.00592118501663208
0 0.5062588453292847 0.5077391862869263 0.011184394359588623 0.011842310428619385
0 0.4657976031303406 0.5185946226119995 0.0019737184047698975 0.0029605627059936523
0 0.4000070095062256 0.5106997489929199 0.01118442416191101 0.01578974723815918
0 0.33322954177856445 0.533890962600708 0.03388217091560364 0.03799408674240112
0 0.7240258455276489 0.538825273513794 0.07861977815628052 0.03799408674240112
0 0.45987647771835327 0.5077391266822815 0.007236957550048828 0.00789487361907959
0 0.5302724838256836 0.5166208744049072 0.013158142566680908 0.016776621341705322
0 0.7799478769302368 0.6394848823547363 0.20625358819961548 0.21365505456924438
0 0.41250723600387573 0.5279697775840759 0.01118442416191101 0.01578974723815918
0 0.4714548885822296 0.5120810270309448 0.007631778717041016 0.011842310428619385
0 0.38520413637161255 0.5126734972000122 0.025987297296524048 0.016776621341705322
0 0.44507357478141785 0.5225420594215393 0.016776621341705322 0.018750309944152832
0 0.46842920780181885 0.5099596381187439 0.00789487361907959 0.00789487361907959
0 0.38586199283599854 0.5319172143936157 0.025329381227493286 0.03207290172576904
0 0.42796802520751953 0.542772650718689 0.029934734106063843 0.04588896036148071
0 0.5095484256744385 0.5106997489929199 0.011842310428619385 0.00592118501663208
0 0.04251719266176224 0.6217213869094849 0.08503438532352448 0.15641719102859497
0 0.8151458501815796 0.5259960889816284 0.0805935263633728 0.033059775829315186
0 0.45658692717552185 0.5195814371109009 0.00789487361907959 0.011842310428619385
0 0.42928382754325867 0.5176076889038086 0.012500226497650146 0.003947436809539795
