1 0.560207188129425 0.49688369035720825 0.005592226982116699 0.008388280868530273
0 0.3579009771347046 0.48948225378990173 0.04243496060371399 0.030592620372772217
0 0.5638256669044495 0.5699113011360168 0.03848755359649658 0.06069183349609375
0 0.7056044340133667 0.6498469114303589 0.1618449091911316 0.1613515019416809
0 0.27599167823791504 0.5477069616317749 0.06809329986572266 0.04983639717102051
0 0.5465549230575562 0.5691708922386169 0.014802932739257812 0.04983639717102051
0 0.29342618584632874 0.5284632444381714 0.06809329986572266 0.027632057666778564
0 0.4858637750148773 0.4971303939819336 0.08371859788894653 0.052303582429885864
0 0.42402058839797974 0.5284631848335266 0.0460534393787384 0.06463930010795593
0 0.5473779439926147 0.5116865634918213 0.044079720973968506 0.03996783494949341
0 0.9108712077140808 0.8466343879699707 0.17763471603393555 0.30673128366470337
0 0.6246819496154785 0.605438232421875 0.077303946018219 0.08980417251586914
0 0.5944182872772217 0.5822470188140869 0.06809329986572266 0.08437645435333252
0 0.338492751121521 0.5240223407745361 0.07730397582054138 0.04292839765548706
0 0.5473780035972595 0.56843101978302 0.01644766330718994 0.04983639717102051
0 0.5694178342819214 0.572378396987915 0.037829577922821045 0.0675998330116272
0 0.28322863578796387 0.5432660579681396 0.0828961730003357 0.05082327127456665
0 0.15674616396427155 0.5945827960968018 0.3134923279285431 0.22204333543777466
