0 0.41020452976226807 0.5225419998168945 0.009210675954818726 0.0098685622215271
0 0.06973806023597717 0.5674441456794739 0.06973806023597717 0.0577312707901001
0 0.35296669602394104 0.5185946226119995 0.011184394359588623 0.00592118501663208
0 0.434876024723053 0.5141537189483643 0.005921155214309692 0.008881747722625732
0 0.37171703577041626 0.5294500589370728 0.01611870527267456 0.01825690269470215
0 0.3457297086715698 0.5185946226119995 0.005921155214309692 0.006907999515533447
0 0.25296494364738464 0.5225420594215393 0.007894858717918396 0.0049343109130859375
0 0.5042851567268372 0.537838339805603 0.09309375286102295 0.16283178329467773
0 0.17802934348583221 0.5225419998168945 0.007236957550048828 0.003947436809539795
0 0.34145334362983704 0.5185946226119995 0.00592118501663208 0.0049343109130859375
0 0.43356022238731384 0.5195814371109009 0.00789487361907959 0.008881747722625732
0 0.4457314908504486 0.5185946226119995 0.008552789688110352 0.00789487361907959
0 0.4282969832420349 0.5200748443603516 0.0055921971797943115 0.006414592266082764
0 0.2786232829093933 0.5195814371109009 0.005263239145278931 0.004934251308441162
0 0.33158475160598755 0.5185946226119995 0.012171268463134766 0.006907999515533447
0 0.2250039428472519 0.5546150207519531 0.05394831299781799 0.04292839765548706
