2 0.01611870341002941 0.5546149611473083 0.009868592955172062 0.014802932739257812
0 0.4536263644695282 0.5156340599060059 0.007236957550048828 0.011842310428619385
0 0.012253504246473312 0.5906352996826172 0.024507008492946625 0.06365245580673218
0 0.025329390540719032 0.5506675243377686 0.04671134427189827 0.024178028106689453
0 0.12829172611236572 0.5417857766151428 0.0365137904882431 0.018750309944152832
2 0.1519763469696045 0.5511609315872192 0.012829169631004333 0.037007272243499756
0 0.4996798038482666 0.5329040884971619 0.09046211838722229 0.15246978402137756
0 0.207569420337677 0.536358118057251 0.027961015701293945 0.008881747722625732
2 0.17533200979232788 0.5491872429847717 0.009868592023849487 0.03305983543395996
2 0.18881909549236298 0.5462266802787781 0.009868592023849487 0.03404664993286133
0 0.18487165868282318 0.5363580584526062 0.019408226013183594 0.005921125411987305
0 0.0500008761882782 0.5477069616317749 0.029276832938194275 0.024178028106689453
0 0.09112001955509186 0.5457332134246826 0.040461234748363495 0.018750369548797607
0 0.3898094594478607 0.5240223407745361 0.012500226497650146 0.018750309944152832
0 0.14309459924697876 0.5368515253067017 0.0052632540464401245 0.004934251308441162
