0 0.4822452664375305 0.5250091552734375 0.02138194441795349 0.02713865041732788
0 0.437836617231369 0.5087260007858276 0.003289520740509033 0.0049343109130859375
0 0.480271577835083 0.505765438079834 0.005921155214309692 0.0049343109130859375
0 0.4684292674064636 0.5087260007858276 0.005263239145278931 0.0049343109130859375
0 0.4138230085372925 0.5047802925109863 0.002631634473800659 0.003947436809539795
0 0.3273083567619324 0.5087260007858276 0.006579041481018066 0.0029605627059936523
0 0.4957323670387268 0.5126734375953674 0.011842280626296997 0.013815999031066895
0 0.4750083088874817 0.5067522525787354 0.00789487361907959 0.011842310428619385
0 0.3360244035720825 0.5077404379844666 0.009868592023849487 0.0049343109130859375
0 0.40483176708221436 0.5113577842712402 0.010965079069137573 0.011842310428619385
0 0.35461145639419556 0.5225420594215393 0.02664521336555481 0.031086087226867676
0 0.3572430908679962 0.5028048753738403 0.006579041481018066 0.0029606223106384277
0 0.49902188777923584 0.5156340003013611 0.009868592023849487 0.012829184532165527
0 0.26612305641174316 0.5106997489929199 0.009868592023849487 0.003947436809539795
0 0.29145246744155884 0.5299434661865234 0.041119158267974854 0.04588896036148071
0 0.027632063254714012 0.5886616110801697 0.055264126509428024 0.1169428825378418
0 0.4243495464324951 0.5269829034805298 0.018092423677444458 0.023191213607788086
0 0.44507357478141785 0.5087260007858276 0.003289520740509033 0.0049343109130859375
0 0.3052684962749481 0.5087260007858276 0.008552789688110352 0.0049343109130859375
0 0.4210600256919861 0.5126734375953674 0.009868592023849487 0.009868621826171875
0 0.41184931993484497 0.5329040288925171 0.02401357889175415 0.02713865041732788
0 0.15315967798233032 0.5704051852226257 0.183556467294693 0.17250308394432068
0 0.3957306146621704 0.5047785639762878 0.006579071283340454 0.0029605627059936523
0 0.4190862774848938 0.5028048753738403 0.0026316046714782715 0.0029606223106384277
0 0.4477052092552185 0.5087260007858276 0.003289520740509033 0.009868621826171875
0 0.4898111820220947 0.5067522525787354 0.002631634473800659 0.003947436809539795
0 0.37928295135498047 0.5195814371109009 0.02138197422027588 0.02319115400314331
0 0.4417840242385864 0.5126734375953674 0.009868592023849487 0.009868621826171875
0 0.3519798517227173 0.5047785639762878 0.002631634473800659 0.0029605627059936523
0 0.45658695697784424 0.5067522525787354 0.006579071283340454 0.004934251308441162
0 0.48717957735061646 0.5067522525787354 0.003289520740509033 0.003947436809539795
