0 0.6042869091033936 0.5417858362197876 0.011842310428619385 0.011842310428619385
0 0.41184931993484497 0.5654704570770264 0.02138194441795349 0.025164902210235596
0 0.2977040112018585 0.5457332134246826 0.008552789688110352 0.011842310428619385
0 0.4898112118244171 0.5467200875282288 0.008552789688110352 0.012829184532165527
0 0.6546189785003662 0.5452402234077454 0.011184394359588623 0.013815999031066895
0 0.4204021096229553 0.5546149611473083 0.01118442416191101 0.014802932739257812
0 0.2401357889175415 0.6074119210243225 0.07171179354190826 0.08388304710388184
1 0.40362548828125 0.5516543984413147 0.003289520740509033 0.012335777282714844
0 0.46053439378738403 0.5486937761306763 0.008552759885787964 0.011842310428619385
0 0.4977060556411743 0.5526412725448608 0.009868592023849487 0.011842310428619385
0 0.5171142816543579 0.5565886497497559 0.01611870527267456 0.01776343584060669
0 0.844262957572937 0.542772650718689 0.02171117067337036 0.01578998565673828
0 0.5529701709747314 0.5496807098388672 0.017434537410736084 0.011842310428619385
0 0.1671081781387329 0.64244544506073 0.10658080875873566 0.10658085346221924
0 0.7799478769302368 0.5467201471328735 0.027961015701293945 0.011842310428619385
