0 0.09835697710514069 0.48701509833335876 0.04243495315313339 0.026699483394622803
1 0.10888348519802094 0.7361971139907837 0.09901488572359085 0.3917831778526306
0 0.16842399537563324 0.5309303402900696 0.08355408906936646 0.08684360980987549
0 0.18224003911018372 0.48530107736587524 0.016447648406028748 0.009868592023849487
0 0.9758306741714478 0.5876747369766235 0.04833859205245972 0.07746845483779907
0 0.3022972345352173 0.4978705644607544 0.018081754446029663 0.024671465158462524
0 0.21465688943862915 0.4920390844345093 0.013098344206809998 0.019243746995925903
1 0.9260088205337524 0.5284631848335266 0.028124451637268066 0.10263276100158691
0 0.292439341545105 0.4940190315246582 0.019280284643173218 0.02460750937461853
0 0.1529780626296997 0.4825742244720459 0.010197550058364868 0.006908029317855835
0 0.31934618949890137 0.5004386305809021 0.027893751859664917 0.03628206253051758
1 0.6894857883453369 0.7391576766967773 0.0694090723991394 0.3592168092727661
0 0.15723958611488342 0.48948225378990173 0.02763207256793976 0.015296339988708496
0 0.028992149978876114 0.4922150671482086 0.05798429995775223 0.03345829248428345
0 0.27796539664268494 0.49096256494522095 0.011184394359588623 0.017763465642929077
0 0.3950791358947754 0.4939231276512146 0.049336522817611694 0.03406599164009094
0 0.21250373125076294 0.4939231276512146 0.005827173590660095 0.019243746995925903
0 0.2554183900356293 0.48553478717803955 0.01673547923564911 0.012335747480392456
1 0.8404752016067505 0.7929415106773376 0.14967364072799683 0.39178311824798584
0 0.42553144693374634 0.5271663069725037 0.08045962452888489 0.08772134780883789
0 0.20987209677696228 0.4954034090042114 0.0055921971797943115 0.020301103591918945
0 0.28520235419273376 0.4939231276512146 0.007236957550048828 0.019243746995925903
0 0.11326508224010468 0.5215551853179932 0.04502712935209274 0.06069183349609375
0 0.3634932041168213 0.49639028310775757 0.02559906244277954 0.028978973627090454
0 0.04983639717102051 0.5546150207519531 0.09967279434204102 0.10362023115158081
0 0.09109018743038177 0.5309303402900696 0.06151419132947922 0.07154726982116699
0 0.20072230696678162 0.4940601587295532 0.020303741097450256 0.026151806116104126
0 0.196056067943573 0.4978705644607544 0.018421366810798645 0.02368462085723877
0 0.2227012664079666 0.49096253514289856 0.007236957550048828 0.016776621341705322
0 0.1325681060552597 0.4840545058250427 0.025658339262008667 0.013816028833389282
0 0.3559272885322571 0.4924428164958954 0.01591312885284424 0.020446479320526123
0 0.1381603181362152 0.5023114681243896 0.019408240914344788 0.024671494960784912
0 0.3809277415275574 0.525502622127533 0.03751799464225769 0.06588587164878845
0 0.3329005837440491 0.5077391266822815 0.033450692892074585 0.0363599956035614
0 0.20066140592098236 0.4944612383842468 0.00822383165359497 0.015296310186386108
0 0.18253609538078308 0.4884953796863556 0.011184409260749817 0.003947436809539795
0 0.9673316478729248 0.5388242602348328 0.06513243913650513 0.07109642028808594
