0 0.09815958142280579 0.4873111844062805 0.042040154337882996 0.025658249855041504
0 0.1500026285648346 0.5393186211585999 0.09934384375810623 0.09671220183372498
0 0.18322688341140747 0.4845238924026489 0.016447648406028748 0.009868592023849487
0 0.25296494364738464 0.48553478717803955 0.019408226013183594 0.013816028833389282
0 0.30255356431007385 0.4978705644607544 0.01833808422088623 0.024671465158462524
0 0.21480640769004822 0.491702675819397 0.013322606682777405 0.018503636121749878
1 0.9213976860046387 0.5432660579681396 0.03717172145843506 0.1095413863658905
0 0.2926367521286011 0.4939231276512146 0.01763191819190979 0.024671465158462524
0 0.15272338688373566 0.4825742244720459 0.010197550058364868 0.006908029317855835
0 0.3194792866706848 0.4993508458137512 0.027632087469100952 0.03641512989997864
0 0.17566096782684326 0.49096253514289856 0.010197550058364868 0.006907999515533447
0 0.15723958611488342 0.4864230155944824 0.029276832938194275 0.013816028833389282
0 0.029276827350258827 0.4960499405860901 0.058553654700517654 0.03942325711250305
0 0.27796539664268494 0.49096256494522095 0.011184394359588623 0.017763465642929077
1 0.7901453971862793 0.6888278722763062 0.11644941568374634 0.35280221700668335
0 0.20789837837219238 0.4840545356273651 0.004605337977409363 0.003947436809539795
0 0.3948211371898651 0.4939231276512146 0.04959452152252197 0.03329196572303772
0 0.2132214456796646 0.4949997067451477 0.005861341953277588 0.018167167901992798
1 0.4171125590801239 0.7819950580596924 0.1789504885673523 0.43600988388061523
1 0.24145159125328064 0.488495409488678 0.004934296011924744 0.013816028833389282
1 0.07434340566396713 0.7919870615005493 0.14868681132793427 0.41602593660354614
0 0.4258807599544525 0.5292623043060303 0.08080893754959106 0.08929333090782166
0 0.20987209677696228 0.4954034090042114 0.0055921971797943115 0.01962992548942566
0 0.23355671763420105 0.48701512813568115 0.020395100116729736 0.012335747480392456
0 0.28520235419273376 0.4939231276512146 0.007236957550048828 0.01945522427558899
0 0.11414673924446106 0.5047785639762878 0.03585589677095413 0.03157949447631836
1 0.16020017862319946 0.48553478717803955 0.013487085700035095 0.013816028833389282
0 0.36404144763946533 0.4974592328071594 0.025000423192977905 0.02911233901977539
0 0.07940436899662018 0.5338909029960632 0.06943470984697342 0.07496342062950134
0 0.2012096643447876 0.4951567053794861 0.019572705030441284 0.02615177631378174
0 0.19506919384002686 0.49836403131484985 0.019408181309700012 0.02516496181488037
0 0.22368812561035156 0.49096256494522095 0.007236957550048828 0.017368704080581665
0 0.1325681060552597 0.4840545058250427 0.025658339262008667 0.013816028833389282
0 0.3559272885322571 0.4924428462982178 0.017237097024917603 0.018947631120681763
0 0.1361865997314453 0.4939231276512146 0.01743452250957489 0.006908029317855835
0 0.380927711725235 0.5269829034805298 0.03684276342391968 0.06463930010795593
0 0.3329005837440491 0.5077391862869263 0.03327980637550354 0.036103665828704834
0 0.20066140592098236 0.49816685914993286 0.00822383165359497 0.022204309701919556
0 0.18585851788520813 0.4993508458137512 0.017434507608413696 0.024671465158462524
0 0.9665377736091614 0.5480209589004517 0.06692445278167725 0.09227132797241211
