0 0.45066577196121216 0.4601232409477234 0.03634929656982422 0.04539552330970764
0 0.5105352401733398 0.457902729511261 0.027632087469100952 0.038487523794174194
0 0.5253381133079529 0.5541215538978577 0.12533113360404968 0.057237863540649414
1 0.2194117307662964 0.4825742244720459 0.00657905638217926 0.030099213123321533
0 0.8161327242851257 0.44186627864837646 0.01644766330718994 0.02368462085723877
0 0.5289566516876221 0.4554356038570404 0.017434537410736084 0.027632057666778564
0 0.560207188129425 0.457902729511261 0.007236957550048828 0.01085546612739563
0 0.47731098532676697 0.4554356038570404 0.02401357889175415 0.020724058151245117
0 0.3377249836921692 0.5996820330619812 0.12050670385360718 0.15066111087799072
0 0.4829031825065613 0.47566622495651245 0.033224284648895264 0.036020368337631226
0 0.1674371361732483 0.6821677088737488 0.33438074588775635 0.40979400277137756
1 0.8092246651649475 0.4455670118331909 0.008552789688110352 0.030099213123321533
0 0.42599427700042725 0.4731990694999695 0.03782960772514343 0.03700721263885498
0 0.5375094413757324 0.4498845338821411 0.01842135190963745 0.02652183175086975
0 0.793105959892273 0.6384980082511902 0.24572795629501343 0.2674388885498047
0 0.549351692199707 0.45099472999572754 0.01381605863571167 0.02368462085723877
0 0.5352067947387695 0.6996837854385376 0.20208734273910522 0.2666170597076416
1 0.9783065915107727 0.5506675243377686 0.028618931770324707 0.12237057089805603
0 0.5042850971221924 0.46629106998443604 0.02401357889175415 0.030592650175094604
0 0.5556018352508545 0.45247501134872437 0.007236957550048828 0.019243746995925903
0 0.49507445096969604 0.4416195750236511 0.019408226013183594 0.022204339504241943
