1 0.6832356452941895 0.5926090478897095 0.04079020023345947 0.1578974723815918
0 0.7480393648147583 0.5116865634918213 0.011842310428619385 0.030592650175094604
0 0.2401357889175415 0.500831127166748 0.03947438299655914 0.08141589164733887
1 0.0684220939874649 0.6190075874328613 0.042928047478199005 0.11546194553375244
1 0.04447603225708008 0.5929504632949829 0.027277788147330284 0.11542445421218872
1 0.5861944556236267 0.5556018352508545 0.017763495445251465 0.09819251298904419
0 0.41974419355392456 0.4164546728134155 0.009210675954818726 0.013816028833389282
0 0.446060448884964 0.4095466434955597 0.00822383165359497 0.010855436325073242
0 0.42599430680274963 0.4164546728134155 0.00822383165359497 0.009868592023849487
0 0.2713863253593445 0.47023850679397583 0.03684276342391968 0.05378386378288269
1 0.38915157318115234 0.48306766152381897 0.017763465642929077 0.08536332845687866
0 0.6200766563415527 0.5077391862869263 0.07993561029434204 0.07450789213180542
0 0.8490279912948608 0.5215551853179932 0.2098720669746399 0.11447572708129883
0 0.588826060295105 0.42957979440689087 0.027632057666778564 0.062172144651412964
0 0.9078674912452698 0.8069779872894287 0.18407893180847168 0.3860440254211426
0 0.35888785123825073 0.45960733294487 0.038846373558044434 0.05499500036239624
0 0.37796711921691895 0.45247501134872437 0.02927681803703308 0.03996780514717102
0 0.3230319619178772 0.4731990694999695 0.05888259410858154 0.06463930010795593
1 0.47583043575286865 0.4712253510951996 0.017352253198623657 0.043421804904937744
0 0.6206686496734619 0.43875741958618164 0.04717189073562622 0.05230355262756348
1 0.4697452783584595 0.4712253510951996 0.013980478048324585 0.04144817590713501
1 0.6002302169799805 0.5626744031906128 0.042544662952423096 0.1266472041606903
0 0.5473780035972595 0.7559342384338379 0.2519780695438385 0.3133278489112854
0 0.11579149961471558 0.525502622127533 0.13519972562789917 0.08437648415565491
0 0.534548819065094 0.5023114085197449 0.11579152941703796 0.0883239209651947
0 0.523693323135376 0.42023760080337524 0.03333395719528198 0.05049431324005127
1 0.5861945152282715 0.5556018352508545 0.020395100116729736 0.10065966844558716
0 0.3036237359046936 0.4440867304801941 0.02401357889175415 0.019243746995925903
0 0.47928470373153687 0.537838339805603 0.1960560381412506 0.10608738660812378
0 0.3230319619178772 0.4401392936706543 0.023026704788208008 0.015296310186386108
0 0.3230319619178772 0.41793495416641235 0.011184394359588623 0.01085546612739563
0 0.28882086277008057 0.46629106998443604 0.030263692140579224 0.043915241956710815
1 0.2881629467010498 0.5960630178451538 0.033224254846572876 0.16677922010421753
