0 0.5059299468994141 0.49639028310775757 0.017434537410736084 0.019243746995925903
0 0.48948225378990173 0.49569952487945557 0.014506757259368896 0.017763465642929077
1 0.9700827598571777 0.563805103302002 0.021052956581115723 0.09646546840667725
1 0.09122912585735321 0.5064225196838379 0.022368811070919037 0.05575752258300781
1 0.7625133991241455 0.5047785639762878 0.02006596326828003 0.0708073079586029
1 0.21381953358650208 0.5343843698501587 0.019079282879829407 0.09128451347351074
1 0.4388234615325928 0.49145597219467163 0.008552789688110352 0.020230889320373535
0 0.5898129940032959 0.4987955689430237 0.021422922611236572 0.04687580466270447
1 0.361519455909729 0.48158735036849976 0.013816028833389282 0.030592650175094604
1 0.6128396987915039 0.49639028310775757 0.016447603702545166 0.05082324147224426
0 0.29165974259376526 0.6041404604911804 0.1495835930109024 0.15017175674438477
1 0.4204021096229553 0.4845479428768158 0.009868592023849487 0.01578974723815918
0 0.49310073256492615 0.5586824417114258 0.1052294373512268 0.05047649145126343
1 0.43065035343170166 0.5213915705680847 0.01962772011756897 0.06842374801635742
1 0.9375529289245605 0.559933066368103 0.01381605863571167 0.10115307569503784
0 0.48332610726356506 0.4771465063095093 0.014238953590393066 0.029958248138427734
1 0.4218854308128357 0.5215548276901245 0.022368818521499634 0.06809192895889282
0 0.5121799111366272 0.47665292024612427 0.007236957550048828 0.009868592023849487
1 0.2648072838783264 0.5047785639762878 0.010526508092880249 0.04884955286979675
0 0.5271472930908203 0.47023850679397583 0.02450692653656006 0.016529768705368042
0 0.6210635304450989 0.5023114085197449 0.0463411808013916 0.04780098795890808
0 0.4618501663208008 0.4840545058250427 0.037665218114852905 0.06340575218200684
1 0.9260030388832092 0.5590558052062988 0.020263314247131348 0.10115307569503784
1 0.5023114681243896 0.4845479428768158 0.005263268947601318 0.00789487361907959
1 0.5678460597991943 0.4944165349006653 0.005263268947601318 0.01578974723815918
1 0.1980297863483429 0.531423807144165 0.02236880362033844 0.07944220304489136
1 0.18322688341140747 0.48553481698036194 0.015131846070289612 0.030592620372772217
1 0.18585875630378723 0.5161276459693909 0.020724251866340637 0.051810622215270996
1 0.38191458582878113 0.5393186807632446 0.02434253692626953 0.10312682390213013
1 0.15625274181365967 0.5047785639762878 0.020395085215568542 0.05575752258300781
1 0.4383319020271301 0.5200750827789307 0.022697657346725464 0.06389835476875305
0 0.4933968186378479 0.533890962600708 0.07898160815238953 0.03602033853530884
1 0.8556070327758789 0.5679376125335693 0.0325663685798645 0.11102169752120972
1 0.4944165349006653 0.47566622495651245 0.003289550542831421 0.012829184532165527
0 0.4517011344432831 0.7243141531944275 0.26195985078811646 0.3597666025161743
1 0.2269776463508606 0.48948222398757935 0.02236880362033844 0.03898093104362488
1 0.4361918568611145 0.4872620105743408 0.005263239145278931 0.01332274079322815
0 0.6088922023773193 0.4942314326763153 0.03745967149734497 0.04946643114089966
1 0.3524180054664612 0.4799427092075348 0.012280672788619995 0.03026413917541504
0 0.5105352401733398 0.49639028310775757 0.0065947771072387695 0.016236215829849243
0 0.5539570450782776 0.4936763644218445 0.021765708923339844 0.027138561010360718
1 0.45263949036598206 0.5146471261978149 0.02368462085723877 0.0537838339805603
1 0.2648072838783264 0.48158738017082214 0.008552759885787964 0.01578974723815918
1 0.5214724540710449 0.48750853538513184 0.008552789688110352 0.019737184047698975
1 0.2746758460998535 0.5097128748893738 0.015131860971450806 0.04884958267211914
1 0.8279750347137451 0.5353711843490601 0.02236884832382202 0.09227138757705688
0 0.5335619449615479 0.49039316177368164 0.011842310428619385 0.012335747480392456
1 0.4440867304801941 0.48948225378990173 0.005921155214309692 0.018750309944152832
1 0.511522114276886 0.4924428462982178 0.005263209342956543 0.01282915472984314
0 0.5309303402900696 0.48701512813568115 0.010665416717529297 0.017763465642929077
1 0.4224672019481659 0.5253618955612183 0.02330857515335083 0.05589932203292847
1 0.43202516436576843 0.48553478717803955 0.005263268947601318 0.013816028833389282
1 0.20131930708885193 0.48750853538513184 0.010526493191719055 0.019737184047698975
1 0.6847864389419556 0.49483948945999146 0.014379918575286865 0.048003703355789185
0 0.542772650718689 0.4954034090042114 0.011842310428619385 0.024671465158462524
0 0.5279697179794312 0.47023850679397583 0.027632057666778564 0.015296310186386108
0 0.6088922023773193 0.5699113011360168 0.0921068787574768 0.10460710525512695
1 0.7802767753601074 0.5047785639762878 0.019079267978668213 0.07056045532226562
0 0.5003377199172974 0.46629106998443604 0.03125053644180298 0.02072402834892273
0 0.49178507924079895 0.47500813007354736 0.004605352878570557 0.009868592023849487
0 0.1312997192144394 0.6937621831893921 0.2625994384288788 0.38358479738235474
1 0.22960928082466125 0.5185946226119995 0.02434253692626953 0.0922713577747345
1 0.9417927861213684 0.5590558052062988 0.02434253692626953 0.10171717405319214
0 0.5268732905387878 0.48010706901550293 0.009210705757141113 0.012335747480392456
0 0.399020254611969 0.5092194080352783 0.12739446759223938 0.059211552143096924
0 0.5003377199172974 0.4786267876625061 0.00822383165359497 0.01085546612739563
0 0.8611992597579956 0.5338909029960632 0.13158124685287476 0.07056042551994324
