0 0.330268919467926 0.5013245344161987 0.016447633504867554 0.012335717678070068
0 0.49639028310775757 0.5046140551567078 0.006908029317855835 0.010361999273300171
0 0.44342881441116333 0.5013245344161987 0.006907999515533447 0.006414592266082764
0 0.7259995341300964 0.5536280870437622 0.04868507385253906 0.04539555311203003
0 0.5345488786697388 0.5052720308303833 0.006907999515533447 0.010361969470977783
0 0.4169480800628662 0.5003377199172974 0.009868592023849487 0.010362029075622559
0 0.4838900566101074 0.503298282623291 0.006908029317855835 0.0029605627059936523
0 0.22368812561035156 0.6246820092201233 0.2552676200866699 0.27582719922065735
0 0.5421147346496582 0.5052720308303833 0.006907999515533447 0.010361969470977783
0 0.4365208148956299 0.5023114085197449 0.006908029317855835 0.0029605627059936523
0 0.39540165662765503 0.4963902533054352 0.017105579376220703 0.017270028591156006
0 0.5421147346496582 0.48948225378990173 0.0019736886024475098 0.0029605627059936523
0 0.29799002408981323 0.5042234659194946 0.008635014295578003 0.005612790584564209
0 0.49145597219467163 0.5052720308303833 0.008881747722625732 0.010361969470977783
0 0.1611870378255844 0.5097128748893738 0.02401357889175415 0.010362029075622559
0 0.40494129061698914 0.5013245344161987 0.008881747722625732 0.010361999273300171
0 0.5286276936531067 0.5106997489929199 0.011513352394104004 0.014309465885162354
0 0.5875102877616882 0.5536280870437622 0.04868507385253906 0.05032986402511597
0 0.17006877064704895 0.5097128748893738 0.019079282879829407 0.013322591781616211
0 0.45099472999572754 0.5052720308303833 0.011513352394104004 0.013322621583938599
0 0.4309285879135132 0.5116865634918213 0.02138194441795349 0.024671494960784912
0 0.3536246120929718 0.5023114681243896 0.01644766330718994 0.006414592266082764
0 0.5161274671554565 0.5052720308303833 0.001973748207092285 0.010361969470977783
0 0.47768041491508484 0.4980906844139099 0.012879788875579834 0.017270058393478394
0 0.5065878629684448 0.5052720308303833 0.00822383165359497 0.010361969470977783
