0 0.49310076236724854 0.5023114085197449 0.013816028833389282 0.02072402834892273
0 0.4838900566101074 0.500831127166748 0.011842310428619385 0.017763465642929077
1 0.9167923927307129 0.5570821166038513 0.020395100116729736 0.08733701705932617
1 0.14112089574337006 0.5028048157691956 0.01578974723815918 0.03898093104362488
1 0.7181046605110168 0.5028048753738403 0.015131831169128418 0.06365242600440979
1 0.4296131730079651 0.5018185973167419 0.007236987352371216 0.025658339262008667
0 0.5804044008255005 0.500239372253418 0.020065724849700928 0.038094788789749146
1 0.5769838094711304 0.500831127166748 0.01578974723815918 0.04786264896392822
1 0.7811547517776489 0.508068323135376 0.0210534930229187 0.05839043855667114
0 0.32204508781433105 0.5906352996826172 0.11315986514091492 0.12977200746536255
1 0.6181029081344604 0.5087260007858276 0.010526478290557861 0.04786264896392822
0 0.486959844827652 0.5508313775062561 0.0921068787574768 0.04194188117980957
1 0.7058265209197998 0.5521478652954102 0.02489382028579712 0.08733707666397095
1 0.8900128602981567 0.5576732754707336 0.013158142566680908 0.08930957317352295
0 0.4782978296279907 0.48158738017082214 0.013816028833389282 0.033059775829315186
1 0.6991220712661743 0.5513023138046265 0.03491699695587158 0.09368056058883667
0 0.5069167613983154 0.4840545058250427 0.007236957550048828 0.009868592023849487
1 0.5049430727958679 0.5097128748893738 0.022368818521499634 0.04884958267211914
0 0.5355356931686401 0.4746793508529663 0.004605352878570557 0.01085546612739563
0 0.6090092658996582 0.5046024322509766 0.041307151317596436 0.049343228340148926
0 0.45790231227874756 0.4894816279411316 0.03388175368309021 0.061432480812072754
1 0.5322461128234863 0.4944165349006653 0.005263268947601318 0.019737213850021362
1 0.8789627552032471 0.5570821166038513 0.020395100116729736 0.08733701705932617
1 0.12566009163856506 0.5097128748893738 0.03125053644180298 0.0365138053894043
1 0.15493690967559814 0.4944165349006653 0.021053001284599304 0.03651377558708191
1 0.1516473889350891 0.5097128748893738 0.02434253692626953 0.033553242683410645
1 0.6408007144927979 0.540305495262146 0.029934704303741455 0.09325823187828064
1 0.12566009163856506 0.5047785639762878 0.024342529475688934 0.04490208625793457
1 0.1924375742673874 0.48750853538513184 0.009868592023849487 0.01578974723815918
0 0.4880017042160034 0.531670093536377 0.06858646869659424 0.02911156415939331
1 0.5526412725448608 0.5393186807632446 0.02236884832382202 0.08733707666397095
1 0.04111913964152336 0.5531346797943115 0.04243495315313339 0.14112091064453125
0 0.45675116777420044 0.6725436449050903 0.2014833688735962 0.27187979221343994
1 0.20329302549362183 0.48750853538513184 0.015131846070289612 0.019737184047698975
1 0.42467784881591797 0.5003374218940735 0.005921155214309692 0.029605776071548462
0 0.5960630178451538 0.4978705644607544 0.033224284648895264 0.048356086015701294
0 0.4977060854434967 0.488495409488678 0.00822383165359497 0.005427747964859009
0 0.5447463989257812 0.4978705644607544 0.022039830684661865 0.02615177631378174
1 0.7253416776657104 0.5491872429847717 0.0325663685798645 0.08733701705932617
1 0.2707284092903137 0.5028048753738403 0.005263239145278931 0.020724087953567505
1 0.5769838094711304 0.5097128748893738 0.010526478290557861 0.02368462085723877
1 0.6855382919311523 0.5491872429847717 0.02631622552871704 0.10115310549736023
0 0.5289566516876221 0.4939231276512146 0.009210646152496338 0.012335777282714844
1 0.4366302788257599 0.4998442530632019 0.007236957550048828 0.022697776556015015
0 0.5253381729125977 0.49096253514289856 0.010197579860687256 0.015296339988708496
1 0.17730572819709778 0.48948225378990173 0.013158127665519714 0.014802873134613037
1 0.6460639238357544 0.4944165349006653 0.010526478290557861 0.03157949447631836
0 0.5355356931686401 0.4993508458137512 0.009210705757141113 0.02368462085723877
0 0.5898129940032959 0.5630033016204834 0.07993561029434204 0.08980423212051392
1 0.7398155927658081 0.5028048753738403 0.019079267978668213 0.06266561150550842
0 0.5151405930519104 0.47171878814697266 0.033224254846572876 0.019243746995925903
0 0.4858637750148773 0.48010706901550293 0.004605352878570557 0.009868592023849487
0 0.17873676121234894 0.6381670236587524 0.2459419071674347 0.2777966856956482
1 0.21974068880081177 0.4924428462982178 0.013816028833389282 0.014802902936935425
1 0.9000157117843628 0.5570821166038513 0.02236884832382202 0.09227132797241211
1 0.04769820347428322 0.48750853538513184 0.019079282879829407 0.06266558170318604
0 0.5217196941375732 0.48553478717803955 0.009210646152496338 0.012335747480392456
0 0.3615194857120514 0.5116865634918213 0.12237054109573364 0.04983636736869812
0 0.4940876066684723 0.48553478717803955 0.00822383165359497 0.012335747480392456
