0 0.4631659984588623 0.5136603116989136 0.00789487361907959 0.00789487361907959
0 0.5036272406578064 0.5526412725448608 0.10033071041107178 0.054770708084106445
0 0.34112441539764404 0.5358647108078003 0.020724058151245117 0.02713853120803833
0 0.29276829957962036 0.5269829034805298 0.01315811276435852 0.005921125411987305
0 0.42796802520751953 0.5234056711196899 0.008552789688110352 0.011842310428619385
0 0.31809765100479126 0.5378384590148926 0.028947919607162476 0.031086087226867676
1 0.11052825301885605 0.5713915824890137 0.022039860486984253 0.0636523962020874
0 0.35790112614631653 0.5329040288925171 0.020724058151245117 0.025164902210235596
0 0.8334585428237915 0.5368515253067017 0.18421345949172974 0.0944095253944397
0 0.23213285207748413 0.7253404855728149 0.2444104552268982 0.24638444185256958
0 0.20625360310077667 0.5546150207519531 0.0460534393787384 0.04588896036148071
0 0.9569246768951416 0.5329040288925171 0.05855363607406616 0.060691893100738525
0 0.1671081781387329 0.5699112415313721 0.05131669342517853 0.04588896036148071
0 0.09141242504119873 0.5463911294937134 0.01235402375459671 0.009868621826171875
0 0.055264122784137726 0.5565886497497559 0.006579060107469559 0.011842310428619385
0 0.15098947286605835 0.5496806502342224 0.019408240914344788 0.012829184532165527
0 0.48717963695526123 0.5176079273223877 0.003947436809539795 0.009868621826171875
0 0.3019789755344391 0.5437595248222351 0.019408226013183594 0.02911233901977539
0 0.4789557456970215 0.5195814371109009 0.013158142566680908 0.012829124927520752
0 0.3946341872215271 0.5276409387588501 0.015570402145385742 0.020723998546600342
0 0.5947472453117371 0.5565886497497559 0.13454186916351318 0.06365245580673218
0 0.25691238045692444 0.5496806502342224 0.037171706557273865 0.03404664993286133
0 0.008799496106803417 0.6083987951278687 0.017598992213606834 0.054770708084106445
0 0.28355759382247925 0.5437595248222351 0.0325663685798645 0.03404664993286133
0 0.5095484256744385 0.5161274671554565 0.019079267978668213 0.011842310428619385
0 0.383888304233551 0.5758324265480042 0.14243671298027039 0.07105386257171631
0 0.4159613251686096 0.5236523747444153 0.01315811276435852 0.012829184532165527
0 0.9154765605926514 0.5329040288925171 0.06118530035018921 0.05871814489364624
0 0.11118615418672562 0.8557628393173218 0.22237230837345123 0.2884743809700012
