0 0.24835962057113647 0.5062588453292847 0.007236972451210022 0.02368462085723877
0 0.7977113723754883 0.6123462319374084 0.173029363155365 0.13125228881835938
0 0.004852058365941048 0.5422792434692383 0.009704116731882095 0.04539555311203003
0 0.4250074326992035 0.4746793508529663 0.011842310428619385 0.013816028833389282
0 0.44704729318618774 0.4731990694999695 0.009210705757141113 0.010855436325073242
0 0.20559456944465637 0.5089737772941589 0.022039860486984253 0.025412291288375854
0 0.15460796654224396 0.5131669044494629 0.03125053644180298 0.03602033853530884
0 0.024013577029109 0.5324106216430664 0.04769820347428322 0.05526411533355713
0 0.4554363191127777 0.4697455167770386 0.007236957550048828 0.009868592023849487
0 0.21612221002578735 0.4978705644607544 0.01743452250957489 0.012335777282714844
0 0.4342181086540222 0.4731990694999695 0.007236987352371216 0.010855436325073242
0 0.4055992066860199 0.4939231276512146 0.016940653324127197 0.01850298047065735
0 0.1746741086244583 0.5146471261978149 0.01842138171195984 0.027632057666778564
0 0.41415199637413025 0.48010706901550293 0.011842310428619385 0.01085546612739563
0 0.4613554775714874 0.5235284566879272 0.05279654264450073 0.06759986281394958
0 0.1269759088754654 0.5200749039649963 0.04046124219894409 0.03602039813995361
0 0.42237579822540283 0.4954034090042114 0.015789777040481567 0.019243746995925903
1 0.13585764169692993 0.49836400151252747 0.009539633989334106 0.014309465885162354
0 0.44342881441116333 0.47566622495651245 0.009210705757141113 0.012335747480392456
0 0.4177704453468323 0.48948222398757935 0.014802902936935425 0.012335747480392456
0 0.1884901374578476 0.5092194676399231 0.027632057666778564 0.0345400869846344
