0 0.5309303402900696 0.4939231276512146 0.005592226982116699 0.013816028833389282
1 0.12237056344747543 0.5289566516876221 0.018750324845314026 0.03503352403640747
0 0.04185928404331207 0.6330702900886536 0.08371856808662415 0.1519763469696045
1 0.86481773853302 0.5393186211585999 0.020395100116729736 0.0809224545955658
2 0.4052702486515045 0.48750853538513184 0.018750309944152832 0.03700721263885498
0 0.4654686748981476 0.48701509833335876 0.01644766330718994 0.030592620372772217
1 0.6411296129226685 0.4919493794441223 0.012171268463134766 0.043915241956710815
0 0.5759968757629395 0.4924428462982178 0.03486901521682739 0.026151806116104126
0 0.5381672978401184 0.48701509833335876 0.01578974723815918 0.027632057666778564
0 0.5171142816543579 0.48948225378990173 0.010197579860687256 0.020724058151245117
0 0.44079717993736267 0.48553481698036194 0.023026704788208008 0.03454011678695679
1 0.9010025858879089 0.5358646512031555 0.028618931770324707 0.08092248439788818
1 0.6779723763465881 0.5042851567268372 0.012171268463134766 0.04490211606025696
1 0.8138300180435181 0.5279697775840759 0.02335566282272339 0.09029760956764221
0 0.1480289101600647 0.5945827960968018 0.15460796654224396 0.12286394834518433
1 0.8822523355484009 0.5200749039649963 0.02401357889175415 0.08783045411109924
0 0.3730323910713196 0.4978700280189514 0.024013936519622803 0.02072453498840332
1 0.6621826887130737 0.49441656470298767 0.00822383165359497 0.04046124219894409
0 0.5309303402900696 0.4840545058250427 0.019408226013183594 0.03305980563163757
0 0.49507445096969604 0.48010706901550293 0.019408226013183594 0.01085546612739563
1 0.9174503087997437 0.5516543388366699 0.02171093225479126 0.05625098943710327
1 0.8342251181602478 0.5304368734359741 0.025658369064331055 0.09572535753250122
1 0.6509982347488403 0.4919493794441223 0.010526537895202637 0.043915241956710815
1 0.7394866347312927 0.5121800303459167 0.01644766330718994 0.06661298871040344
1 0.3536246120929718 0.5166208744049072 0.00822383165359497 0.010362029075622559
1 0.5967209339141846 0.4919494092464447 0.010526478290557861 0.04046124219894409
1 0.5931024551391602 0.4919494092464447 0.006907999515533447 0.0325663685798645
0 0.7444208860397339 0.4840545356273651 0.033224284648895264 0.02368462085723877
0 0.460863322019577 0.49096253514289856 0.01644766330718994 0.022204339504241943
0 0.4746793508529663 0.49096253514289856 0.002631634473800659 0.006907999515533447
0 0.3138212561607361 0.5240223407745361 0.06611958146095276 0.08832389116287231
0 0.5381672978401184 0.4939231276512146 0.006579041481018066 0.012335777282714844
0 0.542772650718689 0.49096253514289856 0.01644766330718994 0.022204339504241943
0 0.5355356931686401 0.4924428462982178 0.007236957550048828 0.019243746995925903
0 0.4904690980911255 0.5102062821388245 0.04769822955131531 0.05674442648887634
