1 0.5747089982032776 0.44967883825302124 0.006990313529968262 0.01589241623878479
0 0.9171948432922363 0.7538695335388184 0.16561037302017212 0.4922608733177185
0 0.700998842716217 0.5484468936920166 0.07960629463195801 0.09646517038345337
0 0.41398799419403076 0.49589699506759644 0.027138501405715942 0.03157952427864075
0 0.5734750032424927 0.4860282242298126 0.02401357889175415 0.014144957065582275
0 0.7511633634567261 0.57533860206604 0.1077314019203186 0.12335610389709473
0 0.5509964823722839 0.46234363317489624 0.012829184532165527 0.017763465642929077
0 0.5852075815200806 0.5077391862869263 0.021053016185760498 0.033059775829315186
1 0.3029663562774658 0.490963339805603 0.011349380016326904 0.020725756883621216
0 0.437836617231369 0.52303546667099 0.04769819974899292 0.05674442648887634
1 0.6105369925498962 0.5136603116989136 0.008552789688110352 0.0439152717590332
1 0.43125754594802856 0.45839616656303406 0.007565915584564209 0.01578974723815918
1 0.6564407348632812 0.49580705165863037 0.010436713695526123 0.021621108055114746
1 0.7101075053215027 0.4942644238471985 0.014979720115661621 0.018219202756881714
1 0.6901437044143677 0.5004611015319824 0.011924564838409424 0.024548202753067017
0 0.5047637224197388 0.48836082220077515 0.08950501680374146 0.14215242862701416
1 0.40263861417770386 0.49096253514289856 0.006579071283340454 0.012829184532165527
0 0.5677731037139893 0.48010706901550293 0.03223741054534912 0.03157952427864075
0 0.4516526460647583 0.46234363317489624 0.01842138171195984 0.022204309701919556
0 0.6569193601608276 0.5422792434692383 0.05164569616317749 0.06759989261627197
1 0.25066229701042175 0.5422792434692383 0.023684635758399963 0.0996728241443634
1 0.5939013957977295 0.4708024859428406 0.01010364294052124 0.03298923373222351
0 0.3322426676750183 0.4825742244720459 0.03486904501914978 0.024671465158462524
0 0.5064234733581543 0.5343834161758423 0.0883234441280365 0.08067449927330017
0 0.45625799894332886 0.4554356038570404 0.011842340230941772 0.008388280868530273
0 0.3016500174999237 0.5560952425003052 0.0845409631729126 0.08684360980987549
0 0.511522114276886 0.5891550779342651 0.1019754707813263 0.12977200746536255
0 0.5667862892150879 0.5146471858024597 0.044079720973968506 0.049836426973342896
0 0.4393172860145569 0.4778868556022644 0.025658339262008667 0.033059775829315186
0 0.330268919467926 0.5309303402900696 0.07072493433952332 0.08684360980987549
0 0.4500078558921814 0.46629106998443604 0.017434507608413696 0.019243746995925903
1 0.6421164870262146 0.5037916898727417 0.01414501667022705 0.043915241956710815
0 0.8546202182769775 0.6123462915420532 0.18026626110076904 0.20822733640670776
0 0.4269811511039734 0.4884953796863556 0.023026704788208008 0.022204339504241943
