0 0.8914629817008972 0.5462266802787781 0.01644766330718994 0.02911233901977539
0 0.6082342863082886 0.5792864561080933 0.13881820440292358 0.06759989261627197
0 0.7444208860397339 0.537838339805603 0.03486901521682739 0.04144805669784546
0 0.8003429174423218 0.5462266206741333 0.006579101085662842 0.01381605863571167
0 0.8766601085662842 0.5407989025115967 0.021053016185760498 0.027632057666778564
0 0.8049483299255371 0.5462266206741333 0.006579101085662842 0.012335717678070068
0 0.7598817348480225 0.537838339805603 0.01381605863571167 0.03454011678695679
0 0.6917884349822998 0.5516543984413147 0.06151425838470459 0.07056045532226562
0 0.9098843336105347 0.5422792434692383 0.03388214111328125 0.041448116302490234
0 0.779289960861206 0.5432660579681396 0.01644766330718994 0.023684680461883545
0 0.8674494028091431 0.5407989025115967 0.011842310428619385 0.022204339504241943
0 0.8848838806152344 0.5432660579681396 0.01381605863571167 0.02615177631378174
0 0.9338979125022888 0.5570821166038513 0.04309284687042236 0.05674445629119873
0 0.7681055068969727 0.5422792434692383 0.01381605863571167 0.02615177631378174
0 0.795737624168396 0.5462266206741333 0.005592226982116699 0.01381605863571167
0 0.810540497303009 0.5477069616317749 0.005592226982116699 0.010855436325073242
0 0.7204073667526245 0.5491872429847717 0.017434537410736084 0.05230355262756348
0 0.7894874811172485 0.5432660579681396 0.011842310428619385 0.020723998546600342
