0 0.027796538546681404 0.5437595248222351 0.05559307709336281 0.08684360980987549
0 0.44309985637664795 0.5166208744049072 0.008552789688110352 0.014802932739257812
1 0.5358645915985107 0.5787930488586426 0.011842310428619385 0.044902145862579346
1 0.9029763340950012 0.5319172143936157 0.006908059120178223 0.03848749399185181
1 0.9276478290557861 0.5274763107299805 0.011842310428619385 0.044902145862579346
1 0.6250109672546387 0.5758324861526489 0.022697746753692627 0.0690801739692688
1 0.21217477321624756 0.574845552444458 0.014802888035774231 0.04539555311203003
0 0.1924375742673874 0.5368515253067017 0.14243671298027039 0.06167870759963989
0 0.91021329164505 0.500831127166748 0.0480271577835083 0.04884955286979675
0 0.6825778484344482 0.5077391862869263 0.010526478290557861 0.00592118501663208
1 0.2026352882385254 0.5605360865592957 0.019079238176345825 0.07635819911956787
1 0.9556088447570801 0.5259960293769836 0.01644766330718994 0.05032980442047119
0 0.6694196462631226 0.500831127166748 0.09572535753250122 0.03799411654472351
0 0.7631717920303345 0.5232820510864258 0.036184489727020264 0.02763199806213379
0 0.7292890548706055 0.5077391266822815 0.041119158267974854 0.012829184532165527
0 0.45296844840049744 0.5166208744049072 0.013158142566680908 0.016776621341705322
1 0.23125404119491577 0.5738587379455566 0.02236880362033844 0.07352101802825928
1 0.41119134426116943 0.5603716373443604 0.020833700895309448 0.08158046007156372
0 0.38165146112442017 0.5348777770996094 0.02414509654045105 0.03246760368347168
0 0.8092246651649475 0.5037916898727417 0.05526411533355713 0.043915241956710815
1 0.923371434211731 0.5432660579681396 0.011842310428619385 0.04539555311203003
0 0.9774754643440247 0.500831127166748 0.045049071311950684 0.05871811509132385
0 0.33717694878578186 0.5269829034805298 0.030592620372772217 0.020724058151245117
0 0.6431033611297607 0.5176077485084534 0.037500619888305664 0.028618931770324707
1 0.5585623979568481 0.5738587379455566 0.017763495445251465 0.06266558170318604
0 0.3563827574253082 0.5382179021835327 0.03575468063354492 0.04004371166229248
0 0.40355968475341797 0.5279697775840759 0.02401357889175415 0.02852022647857666
0 0.5269829034805298 0.5136603116989136 0.013158082962036133 0.016776621341705322
0 0.28947874903678894 0.5565887093544006 0.05625098943710327 0.06266558170318604
0 0.6980385780334473 0.5116865634918213 0.025329411029815674 0.016776621341705322
1 0.2036219835281372 0.5827404260635376 0.022368818521499634 0.06611961126327515
0 0.8450806140899658 0.5116865634918213 0.025329411029815674 0.03404662013053894
0 0.9296215176582336 0.5126734375953674 0.07598817348480225 0.06069183349609375
0 0.2912331223487854 0.5342198610305786 0.06798365712165833 0.039309918880462646
0 0.6776436567306519 0.5306837558746338 0.025822818279266357 0.03256648778915405
0 0.05888260900974274 0.6345505714416504 0.11776521801948547 0.12681138515472412
0 0.34342706203460693 0.5136603116989136 0.0424349308013916 0.009868621826171875
1 0.9977883100509644 0.5995170474052429 0.004423379898071289 0.02615177631378174
1 0.5329040288925171 0.565963864326477 0.019079267978668213 0.08092248439788818
0 0.10723871737718582 0.5615229606628418 0.10855452716350555 0.05871814489364624
0 0.3667827248573303 0.5126734375953674 0.014967352151870728 0.005921125411987305
1 0.9171212911605835 0.5250091552734375 0.010526478290557861 0.04539555311203003
0 0.46053436398506165 0.5185946226119995 0.003947436809539795 0.010855436325073242
