0 0.2095431387424469 0.5457332134246826 0.020724043250083923 0.018750369548797607
0 0.10987034440040588 0.538825273513794 0.029276832938194275 0.011842310428619385
0 0.5503385663032532 0.5309303402900696 0.02138197422027588 0.008881688117980957
0 0.9154765605926514 0.5407989025115967 0.059211552143096924 0.03207296133041382
0 0.1365155428647995 0.5398120880126953 0.024013571441173553 0.011842310428619385
0 0.7131704092025757 0.5388252139091492 0.024671494960784912 0.01578974723815918
0 0.42369163036346436 0.5398120880126953 0.013816028833389282 0.016776621341705322
0 0.9467270970344543 0.5225419998168945 0.046053409576416016 0.014802873134613037
0 0.5210617780685425 0.5289566516876221 0.009210646152496338 0.00789487361907959
0 0.9036339521408081 0.5338907837867737 0.08026444911956787 0.03996765613555908
0 0.1595422625541687 0.5467200875282288 0.03782960772514343 0.02615177631378174
0 0.24786660075187683 0.5447462797164917 0.021381959319114685 0.015296220779418945
0 0.18026632070541382 0.5457332134246826 0.013816043734550476 0.010855436325073242
0 0.9499256610870361 0.5496806502342224 0.10014873743057251 0.046875834465026855
0 0.43915241956710815 0.5467201471328735 0.025987297296524048 0.025164902210235596
0 0.41119152307510376 0.5365225076675415 0.019846588373184204 0.01578974723815918
0 0.2536228597164154 0.537838339805603 0.00921069085597992 0.0049343109130859375
0 0.24079369008541107 0.5398120880126953 0.00789487361907959 0.009868621826171875
