1 0.5990236401557922 0.5097128748893738 0.012829184532165527 0.043421775102615356
1 0.7664607763290405 0.48306766152381897 0.00822383165359497 0.012335717678070068
0 0.24835960566997528 0.4495144486427307 0.010197550058364868 0.013816028833389282
0 0.07993561029434204 0.503298282623291 0.03322426974773407 0.012335747480392456
1 0.4865216612815857 0.48750853538513184 0.007565915584564209 0.01578974723815918
0 0.1914915293455124 0.4801071882247925 0.02039515972137451 0.023129582405090332
0 0.10033070296049118 0.500831127166748 0.028618916869163513 0.017763465642929077
0 0.055634189397096634 0.5029282569885254 0.03285420686006546 0.01924377679824829
0 0.2301575392484665 0.4608633518218994 0.008004516363143921 0.012335747480392456
0 0.09957879781723022 0.4894352853298187 0.02861892431974411 0.016776621341705322
0 0.16645029187202454 0.4825742244720459 0.028618916869163513 0.036020368337631226
0 0.22368809580802917 0.49170270562171936 0.02541165053844452 0.028372228145599365
1 0.7618255615234375 0.5112380385398865 0.015490710735321045 0.06549158692359924
0 0.660537838935852 0.5077391862869263 0.1059228777885437 0.06365245580673218
0 0.1743917018175125 0.4942052960395813 0.025564372539520264 0.03186166286468506
1 0.49310073256492615 0.49096256494522095 0.008881747722625732 0.023684650659561157
0 0.3042818009853363 0.46227318048477173 0.03472810983657837 0.04292836785316467
0 0.18224003911018372 0.47023850679397583 0.010197535157203674 0.012335747480392456
0 0.1904638558626175 0.46826475858688354 0.010987043380737305 0.006907999515533447
0 0.13980507850646973 0.500831127166748 0.041448093950748444 0.02615177631378174
0 0.18684537708759308 0.5116865634918213 0.03782960772514343 0.03996783494949341
0 0.44704729318618774 0.5185946226119995 0.11052823066711426 0.06611958146095276
0 0.16020017862319946 0.5516543388366699 0.08092246949672699 0.08536332845687866
0 0.21369832754135132 0.47532862424850464 0.014508575201034546 0.018854200839996338
1 0.08357939124107361 0.4818150997161865 0.007768355309963226 0.02368462085723877
0 0.07039597630500793 0.4946632981300354 0.024013575166463852 0.01085546612739563
0 0.10434313863515854 0.7497649192810059 0.20868627727031708 0.5004701018333435
0 0.12960752844810486 0.48488175868988037 0.014977037906646729 0.013162940740585327
1 0.7736977338790894 0.5087260007858276 0.01644766330718994 0.07154726982116699
0 0.4628370404243469 0.7940720319747925 0.29659315943717957 0.4118559956550598
0 0.3128344416618347 0.48010706901550293 0.025000423192977905 0.03700724244117737
0 0.25033333897590637 0.46777135133743286 0.007236972451210022 0.013322561979293823
0 0.707578182220459 0.48158738017082214 0.005592226982116699 0.010855436325073242
1 0.07730398327112198 0.4878374934196472 0.011184409260749817 0.013322591781616211
1 0.8694231510162354 0.5990236401557922 0.061514198780059814 0.20131933689117432
1 0.526324987411499 0.5674441456794739 0.06381690502166748 0.12483775615692139
0 0.11414673179388046 0.4939231276512146 0.013098269701004028 0.026824742555618286
0 0.2519780993461609 0.43569839000701904 0.002631634473800659 0.012335747480392456
1 0.46612656116485596 0.48158738017082214 0.010526508092880249 0.01825690269470215
0 0.153621107339859 0.4801070988178253 0.0055921971797943115 0.022204339504241943
0 0.20066140592098236 0.4648107588291168 0.010197550058364868 0.006907999515533447
0 0.11922198534011841 0.49180835485458374 0.018421374261379242 0.026574701070785522
0 0.28322863578796387 0.46333047747612 0.003618478775024414 0.01381605863571167
0 0.2381620705127716 0.46629106998443604 0.011184409260749817 0.017763465642929077
0 0.9283057451248169 0.49639028310775757 0.11677831411361694 0.06365242600440979
1 0.9085026979446411 0.514844536781311 0.023026764392852783 0.08684360980987549
1 0.8019877076148987 0.5125836133956909 0.017554044723510742 0.06432515382766724
