0 0.007648160215467215 0.5368515253067017 0.01529632043093443 0.01776343584060669
0 0.5401410460472107 0.5279697179794312 0.009868621826171875 0.014802873134613037
0 0.3825724720954895 0.533890962600708 0.010526508092880249 0.014802873134613037
0 0.3937568962574005 0.5309303402900696 0.008552789688110352 0.005921125411987305
0 0.40658605098724365 0.5348777770996094 0.038487523794174194 0.02516496181488037
1 0.7424471974372864 0.5457332134246826 0.009868621826171875 0.02171093225479126
0 0.5223775506019592 0.5718849897384644 0.04736924171447754 0.0577312707901001
0 0.5157985091209412 0.5269829034805298 0.035855889320373535 0.0577312707901001
0 0.23553043603897095 0.5319172143936157 0.013158127665519714 0.008881747722625732
0 0.25083059072494507 0.5299434661865234 0.00888758897781372 0.006907999515533447
0 0.4977060854434967 0.5358646512031555 0.004605352878570557 0.01578974723815918
0 0.3746775984764099 0.533890962600708 0.015460789203643799 0.01381605863571167
0 0.8635019659996033 0.5269829034805298 0.043750762939453125 0.01578974723815918
0 0.4944165349006653 0.5279697775840759 0.009868592023849487 0.009868621826171875
0 0.03404664993286133 0.6074119806289673 0.06809329986572266 0.08190935850143433
0 0.47040295600891113 0.5279697775840759 0.006579071283340454 0.009868621826171875
0 0.10592290759086609 0.585701048374176 0.07861980050802231 0.05970501899719238
0 0.6812618970870972 0.5388252139091492 0.021381914615631104 0.012829184532165527
1 0.14671309292316437 0.5541215538978577 0.012171268463134766 0.0365138053894043
0 0.4338945746421814 0.5467187166213989 0.03519618511199951 0.03947371244430542
0 0.23881997168064117 0.5546149611473083 0.04177704453468323 0.04490208625793457
0 0.6720512509346008 0.5259960293769836 0.04671132564544678 0.046875834465026855
0 0.5940893292427063 0.5309303402900696 0.07598817348480225 0.1307588815689087
0 0.4782978296279907 0.5279697179794312 0.010526508092880249 0.011842310428619385
1 0.4119216203689575 0.5412923693656921 0.007565945386886597 0.029013395309448242
0 0.8852040767669678 0.798369288444519 0.22959178686141968 0.3291175961494446
0 0.02269776538014412 0.537838339805603 0.016776610165834427 0.0098685622215271
0 0.30066317319869995 0.5329040288925171 0.03651377558708191 0.05477064847946167
0 0.554286003112793 0.5348777770996094 0.020066142082214355 0.02911233901977539
0 0.6746828556060791 0.5975433588027954 0.10658085346221924 0.12089025974273682
1 0.39080095291137695 0.5406348705291748 0.008004218339920044 0.028452813625335693
0 0.223030224442482 0.5319172143936157 0.013816028833389282 0.014802873134613037
