1 0.1325681060552597 0.5950762033462524 0.02894788235425949 0.10312676429748535
1 0.1921086311340332 0.5630033016204834 0.028947874903678894 0.06513267755508423
1 0.4207310676574707 0.8001285791397095 0.10625186562538147 0.3997427821159363
0 0.3348742723464966 0.5346584916114807 0.011184394359588623 0.02911233901977539
0 0.378125935792923 0.5190880298614502 0.01644766330718994 0.017763495445251465
1 0.8003429770469666 0.5620164275169373 0.03223741054534912 0.10707426071166992
1 0.47950392961502075 0.5634967088699341 0.022917062044143677 0.09901487827301025
0 0.5526412725448608 0.5383318066596985 0.06381690502166748 0.08437648415565491
1 0.5759969353675842 0.570898175239563 0.038158535957336426 0.11200851202011108
1 0.47402143478393555 0.5106997489929199 0.006908029317855835 0.02417805790901184
0 0.4757736325263977 0.5095517635345459 0.006579041481018066 0.022204309701919556
0 0.49902188777923584 0.5146471858024597 0.02598726749420166 0.0345400869846344
1 0.491784930229187 0.5630033016204834 0.0289478600025177 0.10312682390213013
1 0.649024486541748 0.7821184396743774 0.08322519063949585 0.4357631802558899
1 0.6832356452941895 0.5324106216430664 0.02138197422027588 0.06611955165863037
1 0.40362548828125 0.5743521451950073 0.033224284648895264 0.09671223163604736
1 0.8529754877090454 0.5669506788253784 0.033224284648895264 0.12878519296646118
1 0.7042886018753052 0.7450788021087646 0.08914631605148315 0.3439205288887024
1 0.08914629369974136 0.7450788021087646 0.07236967980861664 0.321222722530365
0 0.41053348779678345 0.5131669044494629 0.009210675954818726 0.012335717678070068
0 0.2504977881908417 0.5560952425003052 0.03519797325134277 0.046875834465026855
0 0.3733617961406708 0.5092194080352783 0.01019752025604248 0.0054277777671813965
0 0.45066577196121216 0.5131669044494629 0.01282915472984314 0.01529628038406372
1 0.9480429291725159 0.5348777770996094 0.027961015701293945 0.0942450761795044
1 0.3746775984764099 0.570898175239563 0.040790170431137085 0.10065966844558716
1 0.16102251410484314 0.531423807144165 0.012829169631004333 0.01924377679824829
0 0.4213889539241791 0.5077391266822815 0.019408226013183594 0.03700721263885498
0 0.4750083088874817 0.5477069616317749 0.05888259410858154 0.05674445629119873
1 0.2071308195590973 0.5171142816543579 0.013662517070770264 0.01924377679824829
0 0.4322444200515747 0.5102063417434692 0.01118442416191101 0.012335717678070068
1 0.3666731119155884 0.5185946226119995 0.004276394844055176 0.020230591297149658
0 0.38470038771629333 0.5200748443603516 0.00822383165359497 0.016776621341705322
1 0.7750135660171509 0.5556018352508545 0.027961015701293945 0.0942450761795044
0 0.31560373306274414 0.5329040884971619 0.04144808650016785 0.04440867900848389
0 0.21414849162101746 0.5560952425003052 0.07006700336933136 0.07352101802825928
1 0.6292051076889038 0.5210617780685425 0.010197579860687256 0.04736927151679993
1 0.9013315439224243 0.7885329723358154 0.12829172611236572 0.42293399572372437
1 0.15723958611488342 0.5990236401557922 0.03815855085849762 0.12237060070037842
0 0.481645405292511 0.5106997489929199 0.013816028833389282 0.022204339504241943
0 0.3957306146621704 0.5131669044494629 0.023026704788208008 0.01776343584060669
0 0.40099388360977173 0.5161274671554565 0.01842138171195984 0.017763495445251465
1 0.514811635017395 0.5630033016204834 0.03322422504425049 0.09177792072296143
1 0.8164616823196411 0.8382460474967957 0.29145246744155884 0.3235079050064087
1 0.37994086742401123 0.5210617780685425 0.010197550058364868 0.02417808771133423
1 0.18684536218643188 0.7554408311843872 0.06710644066333771 0.3671116828918457
0 0.1615159809589386 0.5615229606628418 0.06283004581928253 0.05970495939254761
1 0.4207310676574707 0.82961106300354 0.12927857041358948 0.3407779335975647
0 0.28125491738319397 0.5467200875282288 0.039035797119140625 0.038980960845947266
1 0.4536263346672058 0.6917884349822998 0.049342960119247437 0.2906301021575928
1 0.7579079866409302 0.579779863357544 0.03157949447631836 0.12335741519927979
1 0.32204508781433105 0.5847141742706299 0.038158565759658813 0.10312676429748535
0 0.5040681958198547 0.5169463157653809 0.028618961572647095 0.033059775829315186
1 0.6159412860870361 0.5235288739204407 0.013111114501953125 0.04736921191215515
0 0.36974331736564636 0.5200749039649963 0.003618478775024414 0.010855436325073242
1 0.4868506193161011 0.570898175239563 0.024671494960784912 0.09819251298904419
1 0.5904708504676819 0.531423807144165 0.012829184532165527 0.04835611581802368
0 0.38915154337882996 0.5171142816543579 0.007236957550048828 0.0098685622215271
1 0.941463828086853 0.7863125801086426 0.10888350009918213 0.42737483978271484
1 0.1095413863658905 0.540305495262146 0.013487078249454498 0.03947436809539795
0 0.48520585894584656 0.5131233334541321 0.011184394359588623 0.016776561737060547
1 0.5786285400390625 0.5097128748893738 0.008552789688110352 0.020230650901794434
0 0.3036237359046936 0.5422792434692383 0.026645183563232422 0.03454005718231201
1 0.1460551917552948 0.7885329723358154 0.12138370424509048 0.42293399572372437
