0 0.38553306460380554 0.5255025625228882 0.012829184532165527 0.027632057666778564
0 0.19539767503738403 0.5882681608200073 0.15151602029800415 0.1366836428642273
0 0.4615212380886078 0.5210617780685425 0.026645183563232422 0.0325663685798645
0 0.39112526178359985 0.5171142816543579 0.0055921971797943115 0.0098685622215271
0 0.30785897374153137 0.5654704570770264 0.04070788621902466 0.062172114849090576
0 0.55729740858078 0.5151405930519104 0.028618931770324707 0.03996777534484863
0 0.4838900566101074 0.5171142816543579 0.009507924318313599 0.012861073017120361
0 0.5434702038764954 0.5151405930519104 0.008552789688110352 0.0212174654006958
0 0.33697983622550964 0.5501741170883179 0.04427701234817505 0.05230355262756348
0 0.5440884828567505 0.5166208744049072 0.004605352878570557 0.024178028106689453
0 0.3552693724632263 0.5447463989257812 0.03684276342391968 0.04539555311203003
0 0.5595173835754395 0.5250091552734375 0.013158142566680908 0.0325663685798645
0 0.5416423082351685 0.5162037014961243 0.009539663791656494 0.028618931770324707
0 0.4825742244720459 0.5407989025115967 0.007762998342514038 0.03996783494949341
0 0.5047013759613037 0.5329543352127075 0.04738256335258484 0.07891839742660522
0 0.3671116828918457 0.537838339805603 0.03388217091560364 0.04835611581802368
0 0.41415196657180786 0.5452398061752319 0.065461665391922 0.08536338806152344
0 0.47204774618148804 0.5166208744049072 0.011513382196426392 0.024178028106689453
0 0.5369002223014832 0.6019842028617859 0.1404629647731781 0.07939958572387695
0 0.5584044456481934 0.8191613554954529 0.3059263825416565 0.36167728900909424
0 0.5279697775840759 0.5605053901672363 0.08750152587890625 0.04391521215438843
0 0.5186594724655151 0.5269829034805298 0.05702847242355347 0.027721762657165527
0 0.26806381344795227 0.5620163679122925 0.06748485565185547 0.11398226022720337
0 0.5766328573226929 0.5283521413803101 0.036184847354888916 0.04501312971115112
0 0.5142154693603516 0.5529597997665405 0.0664689838886261 0.05373215675354004
0 0.4776025414466858 0.52303546667099 0.005592226982116699 0.005259394645690918
0 0.5917866826057434 0.5415637493133545 0.04638242721557617 0.051316678524017334
