0 0.18684537708759308 0.4939231276512146 0.05789574980735779 0.06365242600440979
1 0.1845427006483078 0.4120137691497803 0.00822383165359497 0.04292836785316467
0 0.20987209677696228 0.4593830406665802 0.04868505895137787 0.05526411533355713
0 0.17204248905181885 0.5393186807632446 0.0865146666765213 0.08980423212051392
0 0.18388479948043823 0.3671116828918457 0.011842310428619385 0.017763465642929077
0 0.22829346358776093 0.39721089601516724 0.022039860486984253 0.017763465642929077
0 0.20230618119239807 0.37401968240737915 0.03223739564418793 0.019243746995925903
0 0.4250074625015259 0.4963902533054352 0.065461665391922 0.07746845483779907
0 0.013816031627357006 0.6843869686126709 0.027632063254714012 0.2304316759109497
0 0.21809592843055725 0.4149743616580963 0.0404612272977829 0.046875834465026855
0 0.219082772731781 0.43865901231765747 0.03223739564418793 0.043915241956710815
1 0.19145071506500244 0.4120137691497803 0.0052632540464401245 0.036020368337631226
0 0.05205683037638664 0.5363580584526062 0.10411366075277328 0.11842310428619385
0 0.20987209677696228 0.4884953796863556 0.0230267196893692 0.056744396686553955
0 0.23553043603897095 0.41250723600387573 0.009210675954818726 0.030592650175094604
0 0.1095413938164711 0.5945827960968018 0.1250021904706955 0.14358800649642944
