0 0.49507445096969604 0.5546149611473083 0.006579041481018066 0.009868621826171875
1 0.4000070095062256 0.5704047083854675 0.004276394844055176 0.020230650901794434
0 0.46250808238983154 0.5595492124557495 0.012500196695327759 0.016776621341705322
0 0.48684990406036377 0.5541189908981323 0.002631634473800659 0.005921125411987305
0 0.48356109857559204 0.5565886497497559 0.009210705757141113 0.008881747722625732
0 0.39869117736816406 0.570898175239563 0.035855889320373535 0.016776621341705322
0 0.4924428164958954 0.5565886497497559 0.007565915584564209 0.009375154972076416
0 0.5121800303459167 0.5605361461639404 0.009868621826171875 0.011842310428619385
0 0.5210617780685425 0.5565886497497559 0.003947436809539795 0.0098685622215271
0 0.5259960889816284 0.5565886497497559 0.009539663791656494 0.012335717678070068
0 0.4417840242385864 0.5664572715759277 0.017434507608413696 0.018750309944152832
0 0.5220485925674438 0.5521478056907654 0.005592226982116699 0.007401466369628906
0 0.508232593536377 0.5496806502342224 0.005263268947601318 0.0049343109130859375
