0 0.6181029081344604 0.5146471261978149 0.049671947956085205 0.04391521215438843
1 0.1980314701795578 0.4949074387550354 0.012500226497650146 0.018750309944152832
0 0.20691151916980743 0.537838339805603 0.05230355262756348 0.07845529913902283
0 0.3036237359046936 0.5284631848335266 0.06250107288360596 0.07154726982116699
0 0.503298282623291 0.47023850679397583 0.007236957550048828 0.008388310670852661
1 0.6296162605285645 0.4810939431190491 0.010526478290557861 0.02713865041732788
0 0.511522114276886 0.46777135133743286 0.005592226982116699 0.006908029317855835
0 0.3753355145454407 0.525502622127533 0.054277241230010986 0.06217217445373535
0 0.7259995341300964 0.5146471261978149 0.1305943727493286 0.07450789213180542
1 0.6467218399047852 0.4919494092464447 0.011842310428619385 0.04292839765548706
0 0.6707354187965393 0.6123462319374084 0.15098953247070312 0.1574040651321411
1 0.34474286437034607 0.4983639717102051 0.008552789688110352 0.03552696108818054
1 0.6735839247703552 0.48322945833206177 0.015460371971130371 0.03223612904548645
0 0.503298282623291 0.46333047747612 0.006579041481018066 0.008388280868530273
0 0.5355356931686401 0.48158735036849976 0.00822383165359497 0.017763465642929077
1 0.6039579510688782 0.4771465063095093 0.0049343109130859375 0.014802873134613037
1 0.5934314727783203 0.4810939431190491 0.005592167377471924 0.012829184532165527
0 0.4269811511039734 0.4840545058250427 0.00822383165359497 0.017763465642929077
0 0.35230880975723267 0.4978705644607544 0.04243496060371399 0.02615177631378174
0 0.511522114276886 0.48158735036849976 0.012829184532165527 0.015296310186386108
0 0.915221095085144 0.6498469114303589 0.16955780982971191 0.17812812328338623
0 0.4075729250907898 0.4939231276512146 0.025000452995300293 0.02911236882209778
0 0.48948225378990173 0.5200749039649963 0.049671947956085205 0.06611958146095276
1 0.3062553405761719 0.48750853538513184 0.008552759885787964 0.018750309944152832
1 0.25066226720809937 0.508232593536377 0.008552774786949158 0.04292836785316467
0 0.8730416297912598 0.5102062821388245 0.12796276807785034 0.05378386378288269
0 0.503298282623291 0.4648107588291168 0.006579041481018066 0.006907999515533447
1 0.7957319617271423 0.5181002616882324 0.020394325256347656 0.07796043157577515
0 0.44079717993736267 0.4771465063095093 0.03947436809539795 0.027632057666778564
1 0.29342618584632874 0.48750853538513184 0.011842310428619385 0.02417805790901184
0 0.4940876066684723 0.47171878814697266 0.00822383165359497 0.006908029317855835
1 0.619418740272522 0.4810939431190491 0.009868621826171875 0.025164902210235596
0 0.07533026486635208 0.572378396987915 0.1269759088754654 0.1174362301826477
0 0.38553306460380554 0.4978705644607544 0.030263662338256836 0.02911236882209778
0 0.5822470188140869 0.4954034090042114 0.021053016185760498 0.03157949447631836
0 0.5519833564758301 0.500831127166748 0.04704028367996216 0.05921158194541931
1 0.2828996777534485 0.4810939431190491 0.0055921971797943115 0.01578974723815918
0 0.4940875768661499 0.46234363317489624 0.007236987352371216 0.006908029317855835
1 0.2690836489200592 0.4978705644607544 0.011842310428619385 0.04292836785316467
0 0.6016552448272705 0.5077391266822815 0.03486901521682739 0.043915241956710815
1 0.3134923279285431 0.48553481698036194 0.008552789688110352 0.017270028591156006
1 0.6904714107513428 0.48331218957901 0.014308393001556396 0.049834638833999634
0 0.5832338929176331 0.503298282623291 0.018421411514282227 0.03700721263885498
1 0.5697468519210815 0.47961366176605225 0.005592167377471924 0.01578974723815918
0 0.16381865739822388 0.5516543984413147 0.07269865274429321 0.08684360980987549
0 0.4659602642059326 0.4766519069671631 0.00822383165359497 0.012335747480392456
0 0.949385404586792 0.5324106216430664 0.10122925043106079 0.07993647456169128
0 0.42237579822540283 0.49096253514289856 0.017434507608413696 0.024671494960784912
1 0.29145246744155884 0.4924428164958954 0.009539663791656494 0.030099213123321533
1 0.32961103320121765 0.49836400151252747 0.010526478290557861 0.04292839765548706
0 0.4904690980911255 0.49096253514289856 0.03388214111328125 0.03602033853530884
1 0.6531856656074524 0.48783236742019653 0.011513352394104004 0.04194042086601257
0 0.5141537189483643 0.48010706901550293 0.022039830684661865 0.015296310186386108
