0 0.2555965781211853 0.5585623979568481 0.16020017862319946 0.10065966844558716
0 0.9499256610870361 0.8635019659996033 0.10014873743057251 0.24671483039855957
0 0.6052737236022949 0.56843101978302 0.07072490453720093 0.08980423212051392
0 0.13717345893383026 0.5945827960968018 0.2190827876329422 0.11052829027175903
0 0.22533267736434937 0.5731185674667358 0.07681064307689667 0.0764816403388977
0 0.488495409488678 0.5738587379455566 0.03947439789772034 0.03848749399185181
0 0.33947962522506714 0.5738587379455566 0.014802873134613037 0.03700721263885498
0 0.28322863578796387 0.5447463989257812 0.05329039692878723 0.012335717678070068
0 0.7092229127883911 0.5778061747550964 0.014802873134613037 0.02615177631378174
0 0.3513219356536865 0.5792864561080933 0.03125053644180298 0.030592679977416992
