0 0.005263249855488539 0.6384980082511902 0.010526499710977077 0.1075676679611206
0 0.4829031825065613 0.40263861417770386 0.0921069085597992 0.04835611581802368
0 0.41579675674438477 0.46234363317489624 0.014802902936935425 0.030592650175094604
0 0.017434516921639442 0.45099472999572754 0.031250547617673874 0.024671494960784912
0 0.4832322299480438 0.534548282623291 0.1339932084083557 0.23223990201950073
0 0.4710608720779419 0.3750065565109253 0.01578974723815918 0.006907999515533447
0 0.7036306858062744 0.5876747369766235 0.11875206232070923 0.10213994979858398
1 0.004605344031006098 0.5067523121833801 0.00855278130620718 0.08684363961219788
1 0.010526499710977077 0.508232593536377 0.021052999421954155 0.06957358121871948
0 0.06488600373268127 0.6014907956123352 0.12977200746536255 0.1460552215576172
0 0.5621808767318726 0.46629106998443604 0.03684276342391968 0.05230352282524109
0 0.549351692199707 0.44260644912719727 0.011842310428619385 0.017763465642929077
0 0.3973753750324249 0.44704729318618774 0.007236957550048828 0.012335747480392456
0 0.3266504406929016 0.45642244815826416 0.056908875703811646 0.06759986281394958
0 0.7808437347412109 0.7712305784225464 0.4383125305175781 0.4016517996788025
1 0.40658605098724365 0.43717870116233826 0.004605323076248169 0.017270028591156006
1 0.6371822357177734 0.45839619636535645 0.01611870527267456 0.06118527054786682
0 0.025658342987298965 0.4786267876625061 0.04704029858112335 0.05921158194541931
1 0.7516582608222961 0.5097128748893738 0.029770374298095703 0.07549512386322021
1 0.41612571477890015 0.42977726459503174 0.004605323076248169 0.009868592023849487
0 0.8361988067626953 0.5023114085197449 0.07368546724319458 0.06759986281394958
0 0.4055992066860199 0.4608633518218994 0.01644766330718994 0.036020368337631226
0 0.36974331736564636 0.4786267876625061 0.0690801739692688 0.07993564009666443
0 0.5013245344161987 0.37401968240737915 0.01381605863571167 0.006908029317855835
