0 0.18125317990779877 0.5699112415313721 0.22533288598060608 0.1268114447593689
0 0.6358664035797119 0.5837273001670837 0.09473848342895508 0.11299538612365723
0 0.07376773655414581 0.6276425719261169 0.14753547310829163 0.14358806610107422
0 0.1404629945755005 0.5993525981903076 0.1198485940694809 0.09967279434204102
0 0.48948222398757935 0.5945827960968018 0.03947433829307556 0.024671494960784912
0 0.3062553405761719 0.5847141742706299 0.02861890196800232 0.04835611581802368
0 0.22730661928653717 0.5516543984413147 0.06250110268592834 0.017763495445251465
0 0.7312628030776978 0.5837273597717285 0.053290367126464844 0.033059775829315186
0 0.3532956540584564 0.6039579510688782 0.023026704788208008 0.013815999031066895
0 0.32928207516670227 0.5891550779342651 0.03947436809539795 0.03848749399185181
