0 0.4338891804218292 0.5018180012702942 0.0325663685798645 0.04983639717102051
0 0.6904726028442383 0.5018180012702942 0.001973748207092285 0.009868621826171875
0 0.5243512988090515 0.5565887093544006 0.05526414513587952 0.0577312707901001
0 0.5472683906555176 0.5018179416656494 0.008772134780883789 0.0072370171546936035
0 0.4496789276599884 0.5319172143936157 0.03980332612991333 0.048849523067474365
0 0.5875102877616882 0.5087260007858276 0.02203989028930664 0.011842310428619385
0 0.5102063417434692 0.5018180012702942 0.02401357889175415 0.03700724244117737
0 0.09506745636463165 0.5417858362197876 0.05592203140258789 0.03207296133041382
0 0.3674406111240387 0.5097129344940186 0.010745823383331299 0.015789806842803955
0 0.11447568237781525 0.5388252139091492 0.048685066401958466 0.031086087226867676
0 0.5243512392044067 0.5067522525787354 0.005263268947601318 0.0098685622215271
0 0.025329390540719032 0.5309303402900696 0.0500008724629879 0.024178028106689453
0 0.24671484529972076 0.5388252139091492 0.039145439863204956 0.04786264896392822
0 0.12631800770759583 0.5215551853179932 0.09309373795986176 0.05871811509132385
0 0.38915157318115234 0.5205683708190918 0.022039860486984253 0.025164902210235596
0 0.7319207191467285 0.4998442828655243 0.01381605863571167 0.00592118501663208
0 0.5394831299781799 0.5028048753738403 0.00789487361907959 0.0098685622215271
0 0.03980332612991333 0.5457332134246826 0.06513272225856781 0.031086087226867676
0 0.58487868309021 0.5348777770996094 0.03914541006088257 0.042928338050842285
0 0.35461145639419556 0.5106997489929199 0.012500196695327759 0.019737184047698975
0 0.40724414587020874 0.5110286474227905 0.02094334363937378 0.031086087226867676
0 0.48356109857559204 0.5106997489929199 0.02401357889175415 0.03207293152809143
0 0.5309303402900696 0.5087260007858276 0.012500166893005371 0.016776621341705322
0 0.0096218790858984 0.5348777770996094 0.0192437581717968 0.02516496181488037
0 0.2036219835281372 0.5546149611473083 0.05592203140258789 0.04786264896392822
0 0.4000070095062256 0.5176077485084534 0.01611870527267456 0.024178028106689453
