0 0.8812054395675659 0.8118475675582886 0.23758912086486816 0.37630486488342285
0 0.32401883602142334 0.5457332134246826 0.05855366587638855 0.07006698846817017
0 0.4631659984588623 0.5447463989257812 0.0424349308013916 0.037007272243499756
0 0.8848838806152344 0.6014907956123352 0.10987037420272827 0.08388304710388184
0 0.4595475196838379 0.5136603116989136 0.006579041481018066 0.009868621826171875
0 0.4675520658493042 0.5130023956298828 0.009868592023849487 0.009868621826171875
0 0.42237579822540283 0.5309303402900696 0.012500196695327759 0.014802932739257812
0 0.39638853073120117 0.5338909029960632 0.020066112279891968 0.012829184532165527
0 0.29539990425109863 0.6024776697158813 0.19638502597808838 0.10855454206466675
0 0.40066492557525635 0.5467200875282288 0.038487523794174194 0.0439152717590332
0 0.5016535520553589 0.5787930488586426 0.16645032167434692 0.09079104661941528
0 0.43119388818740845 0.5269192457199097 0.014091938734054565 0.014420866966247559
