0 0.5125089883804321 0.5294500589370728 0.00789487361907959 0.010855436325073242
0 0.5226242542266846 0.5283398032188416 0.0050165653228759766 0.0062912702560424805
0 0.40099388360977173 0.5412923693656921 0.025987297296524048 0.04194152355194092
0 0.3334498405456543 0.5631673336029053 0.040022313594818115 0.041612327098846436
0 0.49460452795028687 0.5730832815170288 0.04896703362464905 0.058365702629089355
0 0.4973113238811493 0.5393185615539551 0.020460903644561768 0.0144081711769104
0 0.4746793210506439 0.5358645915985107 0.012829184532165527 0.014802932739257812
0 0.43356019258499146 0.5324106216430664 0.009868592023849487 0.005921125411987305
0 0.4182640314102173 0.5363579988479614 0.017434507608413696 0.030592620372772217
0 0.43323132395744324 0.5378382802009583 0.012829184532165527 0.01578974723815918
0 0.554286003112793 0.5324106216430664 0.009868621826171875 0.010855436325073242
