0 0.3246767520904541 0.5146471261978149 0.022039860486984253 0.02171093225479126
0 0.5556018352508545 0.5156340599060059 0.013815999031066895 0.018750369548797607
0 0.1656281054019928 0.5195814371109009 0.054606541991233826 0.05526432394981384
0 0.3713880777359009 0.5546149611473083 0.049342989921569824 0.06069183349609375
0 0.4789557456970215 0.5146471261978149 0.007236957550048828 0.01381605863571167
0 0.4417840540409088 0.5106997489929199 0.004276275634765625 0.0034540295600891113
0 0.5049429535865784 0.5106997489929199 0.03157946467399597 0.05723780393600464
0 0.34276914596557617 0.5176077485084534 0.004605352878570557 0.006908059120178223
0 0.04695805907249451 0.5926090478897095 0.09391611814498901 0.08289623260498047
0 0.4092176854610443 0.5126734972000122 0.009210705757141113 0.008881747722625732
0 0.8822531700134277 0.5136602520942688 0.06513279676437378 0.03700718283653259
0 0.12631800770759583 0.5279697775840759 0.020724043250083923 0.012829184532165527
0 0.02154642902314663 0.5457332134246826 0.04309285804629326 0.03602033853530884
0 0.4631659984588623 0.5047785639762878 0.03717172145843506 0.06562614440917969
0 0.22006964683532715 0.520568311214447 0.0710538774728775 0.04687580466270447
0 0.41250720620155334 0.5299434661865234 0.02401357889175415 0.023191213607788086
0 0.41184931993484497 0.5097128748893738 0.005921155214309692 0.009868621826171875
0 0.38323038816452026 0.5106997489929199 0.005921155214309692 0.0029606223106384277
0 0.09506745636463165 0.542772650718689 0.04671134799718857 0.02516496181488037
0 0.488495409488678 0.5146471261978149 0.004605323076248169 0.010855495929718018
0 0.06710644066333771 0.5407989025115967 0.027961019426584244 0.029112398624420166
0 0.3631642460823059 0.5156340599060059 0.010526478290557861 0.0098685622215271
0 0.43948131799697876 0.538825273513794 0.033224284648895264 0.03799408674240112
0 0.3167818784713745 0.5250091552734375 0.01875033974647522 0.011842310428619385
0 0.43323126435279846 0.5126734375953674 0.00789487361907959 0.005921125411987305
0 0.488495409488678 0.5146471858024597 0.005921155214309692 0.012829184532165527
0 0.7444208264350891 0.5220485925674438 0.01019752025604248 0.009375154972076416
0 0.4210599958896637 0.5126734375953674 0.007236957550048828 0.0029605627059936523
0 0.5381673574447632 0.5146471261978149 0.010526478290557861 0.01381605863571167
0 0.5217196941375732 0.5116865634918213 0.0026316046714782715 0.011842310428619385
0 0.3052684962749481 0.5225419998168945 0.010526478290557861 0.01381605863571167
0 0.3966352343559265 0.5148938894271851 0.002631634473800659 0.005921125411987305
0 0.2766495943069458 0.5250091552734375 0.02138194441795349 0.019737184047698975
0 0.35000622272491455 0.5176076889038086 0.015296369791030884 0.011842310428619385
0 0.3713880777359009 0.5176077485084534 0.006579041481018066 0.006908059120178223
0 0.3824080228805542 0.5156340599060059 0.008552759885787964 0.009621918201446533
