0 0.4973771274089813 0.4746793508529663 0.011184394359588623 0.012335747480392456
0 0.47040295600891113 0.4786267876625061 0.010197550058364868 0.009868592023849487
1 0.19671396911144257 0.5491872429847717 0.012829184532165527 0.056250929832458496
0 0.5036272406578064 0.4786267876625061 0.006579041481018066 0.013816028833389282
0 0.4269811511039734 0.47615963220596313 0.01842138171195984 0.009868592023849487
0 0.48882433772087097 0.4746793508529663 0.011842310428619385 0.013816028833389282
1 0.3151370882987976 0.5087259411811829 0.006359785795211792 0.030592650175094604
0 0.4694161117076874 0.4771465063095093 0.01578974723815918 0.015296339988708496
0 0.4648107886314392 0.4899756908416748 0.0055921971797943115 0.016776591539382935
0 0.45099472999572754 0.4924428164958954 0.030592620372772217 0.04835611581802368
1 0.3937568664550781 0.4865216612815857 0.005921155214309692 0.01282915472984314
1 0.369414359331131 0.500831127166748 0.004605352878570557 0.018750309944152832
0 0.48520585894584656 0.4840545058250427 0.01381605863571167 0.016776591539382935
0 0.09967280179262161 0.5866879224777222 0.15493692457675934 0.11348885297775269
0 0.48882436752319336 0.4746793508529663 0.010197550058364868 0.008388310670852661
1 0.04243495315313339 0.5560952425003052 0.013158127665519714 0.02368462085723877
1 0.06611957401037216 0.5343843698501587 0.013158123940229416 0.019737184047698975
0 0.4973771274089813 0.5077391266822815 0.033224284648895264 0.03898093104362488
0 0.45099472999572754 0.5299434661865234 0.03881645202636719 0.046875834465026855
1 0.5150088667869568 0.4771464169025421 0.004276394844055176 0.006414592266082764
1 0.17598992586135864 0.5491872429847717 0.010526493191719055 0.050823211669921875
0 0.5046141147613525 0.48010706901550293 0.006579101085662842 0.016776591539382935
0 0.11949222534894943 0.7638291120529175 0.23898445069789886 0.4055991768836975
0 0.40855979919433594 0.4939231276512146 0.017434507608413696 0.02368462085723877
0 0.5036272406578064 0.47023850679397583 0.008223801851272583 0.006908029317855835
0 0.5470490455627441 0.5615229606628418 0.07927775382995605 0.0843765139579773
1 0.5562597513198853 0.49293625354766846 0.004605352878570557 0.028125494718551636
0 0.5240223407745361 0.500831127166748 0.019408226013183594 0.027632087469100952
1 0.5822470188140869 0.5195814371109009 0.008552789688110352 0.030592620372772217
1 0.5723784565925598 0.49211418628692627 0.008552789688110352 0.030592650175094604
1 0.5480359196662903 0.4865216612815857 0.005921125411987305 0.019737184047698975
1 0.01315812487155199 0.5610295534133911 0.013158125802874565 0.030592679977416992
0 0.37730923295021057 0.5106997489929199 0.025000452995300293 0.024671494960784912
1 0.2376686930656433 0.5560952425003052 0.012829169631004333 0.04996001720428467
1 0.031579501926898956 0.56843101978302 0.012829173356294632 0.01924377679824829
1 0.570898175239563 0.4862748384475708 0.005509912967681885 0.0334298312664032
1 0.32632148265838623 0.5146471261978149 0.008552759885787964 0.0325663685798645
1 0.2595440149307251 0.5324106216430664 0.003289520740509033 0.030592620372772217
0 0.423362672328949 0.48701509833335876 0.01381605863571167 0.015296339988708496
0 0.39474374055862427 0.5560952425003052 0.065461665391922 0.07056045532226562
1 0.33553218841552734 0.498660147190094 0.00789487361907959 0.019737213850021362
1 0.508232593536377 0.48208022117614746 0.00592118501663208 0.012829184532165527
1 0.23191195726394653 0.5482003688812256 0.012829169631004333 0.05082327127456665
0 0.4723767042160034 0.4746793508529663 0.01282915472984314 0.015296310186386108
0 0.5404700040817261 0.5131669044494629 0.02960580587387085 0.022204339504241943
0 0.7856957912445068 0.5768193006515503 0.42860841751098633 0.7929415702819824
0 0.4325733780860901 0.4840545058250427 0.009210675954818726 0.013816028833389282
0 0.52303546667099 0.4924428164958954 0.02039504051208496 0.022204339504241943
1 0.026974115520715714 0.5560952425003052 0.010526379570364952 0.0226975679397583
1 0.006167870946228504 0.579779863357544 0.012335741892457008 0.0325663685798645
1 0.3634932041168213 0.5028048753738403 0.008552789688110352 0.023684650659561157
0 0.5296145677566528 0.5062588453292847 0.022039830684661865 0.02911233901977539
