0 0.35000598430633545 0.5331509113311768 0.1324039101600647 0.18824368715286255
0 0.5233644247055054 0.5447463989257812 0.023026704788208008 0.0577312707901001
0 0.5842208862304688 0.5787931084632874 0.09506756067276001 0.12483787536621094
0 0.03634931892156601 0.6661300659179688 0.07269863784313202 0.21365505456924438
0 0.7480393648147583 0.7159664630889893 0.2786232829093933 0.32566356658935547
0 0.8361988067626953 0.5491872429847717 0.11315983533859253 0.07154726982116699
0 0.511522114276886 0.5363580584526062 0.025658369064331055 0.03454005718231201
0 0.7128413915634155 0.5200749039649963 0.11677831411361694 0.07154729962348938
0 0.556588888168335 0.5523945689201355 0.07220524549484253 0.09301149845123291
0 0.08815943449735641 0.6414585709571838 0.10493604838848114 0.1574040651321411
0 0.6080701351165771 0.61037278175354 0.10214012861251831 0.1421080231666565
