0 0.5483648777008057 0.5077391862869263 0.008552789688110352 0.003947436809539795
0 0.52303546667099 0.5126734375953674 0.008552789688110352 0.006908059120178223
0 0.5444173812866211 0.5916222333908081 0.08651465177536011 0.10658079385757446
0 0.47040295600891113 0.5176077485084534 0.01118442416191101 0.013815999031066895
0 0.4977060854434967 0.5087260007858276 0.025987327098846436 0.04095467925071716
0 0.15625274181365967 0.5368515253067017 0.03125055134296417 0.025164902210235596
0 0.39869117736816406 0.5156340599060059 0.009210675954818726 0.00592118501663208
0 0.446389377117157 0.5087260007858276 0.04473760724067688 0.07993564009666443
0 0.19243758916854858 0.5309303402900696 0.02532939612865448 0.016776561737060547
0 0.5151405930519104 0.5106997489929199 0.006579041481018066 0.008881747722625732
0 0.4822452664375305 0.5156340599060059 0.008552759885787964 0.0098685622215271
0 0.08190932869911194 0.574845552444458 0.11776521801948547 0.09375160932540894
0 0.17763468623161316 0.5407989621162415 0.03717169165611267 0.01578974723815918
0 0.22368812561035156 0.5309303402900696 0.02138194441795349 0.013815999031066895
0 0.4996798038482666 0.5506675243377686 0.043750762939453125 0.05082327127456665
0 0.37994086742401123 0.5156340599060059 0.008552789688110352 0.006907999515533447
0 0.38915154337882996 0.5146471261978149 0.00789487361907959 0.008881747722625732
0 0.41004008054733276 0.5161274671554565 0.007730394601821899 0.003947436809539795
0 0.3233609199523926 0.5250091552734375 0.016776621341705322 0.012829124927520752
0 0.3233609199523926 0.5195814371109009 0.013816028833389282 0.01381605863571167
0 0.28355759382247925 0.5309303402900696 0.02401357889175415 0.013815999031066895
0 0.01751675456762314 0.5477069616317749 0.03503350913524628 0.04490208625793457
0 0.19770082831382751 0.5368515253067017 0.022697776556015015 0.016776621341705322
0 0.4023754596710205 0.5315224528312683 0.025592565536499023 0.025362253189086914
0 0.29868942499160767 0.5250091552734375 0.013816028833389282 0.01381605863571167
