0 0.8579097986221313 0.5398120880126953 0.0690801739692688 0.04588896036148071
0 0.6162936687469482 0.4958968758583069 0.02138197422027588 0.024178028106689453
1 0.8102115392684937 0.5324106216430664 0.01578974723815918 0.06069183349609375
0 0.9682647585868835 0.6158002614974976 0.06347048282623291 0.13569319248199463
0 0.5829049348831177 0.4771465063095093 0.013815999031066895 0.01924377679824829
1 0.1674371361732483 0.5102063417434692 0.024671480059623718 0.05625098943710327
0 0.5250091552734375 0.46629106998443604 0.010197579860687256 0.015296310186386108
0 0.4519816040992737 0.47615963220596313 0.013816028833389282 0.023684650659561157
1 0.06743539124727249 0.4998442530632019 0.011184409260749817 0.04736921191215515
0 0.6062606573104858 0.5245157480239868 0.03684276342391968 0.038980960845947266
1 0.8250144720077515 0.5269829034805298 0.015131890773773193 0.04736924171447754
0 0.946398138999939 0.5560952425003052 0.011842310428619385 0.02911233901977539
0 0.5444173812866211 0.46777135133743286 0.01381605863571167 0.017763465642929077
1 0.47369250655174255 0.5102062821388245 0.00822383165359497 0.043915241956710815
1 0.30877751111984253 0.5088900327682495 0.013487070798873901 0.04621836543083191
1 0.7033017873764038 0.5225420594215393 0.012829184532165527 0.04736927151679993
1 0.7529736757278442 0.5279697775840759 0.011184394359588623 0.056250959634780884
0 0.4417840540409088 0.48306766152381897 0.023026704788208008 0.02911233901977539
1 0.2383265495300293 0.5082326531410217 0.01414497196674347 0.04218819737434387
0 0.5046141147613525 0.46777135133743286 0.03519800305366516 0.05822470784187317
0 0.5424437522888184 0.4993508458137512 0.027632057666778564 0.03157949447631836
1 0.7687634229660034 0.531423807144165 0.014144957065582275 0.04934293031692505
1 0.25460970401763916 0.5111931562423706 0.009868592023849487 0.048356086015701294
0 0.5894839763641357 0.48158738017082214 0.011184394359588623 0.022204339504241943
0 0.5536280870437622 0.460863322019577 0.02401357889175415 0.016776621341705322
1 0.3115186095237732 0.5131668448448181 0.017105579376220703 0.049342960119247437
0 0.5973788499832153 0.4835611581802368 0.02138197422027588 0.024671465158462524
0 0.4269811511039734 0.4924428164958954 0.025000452995300293 0.027632057666778564
0 0.5250091552734375 0.457902729511261 0.010197579860687256 0.01085546612739563
0 0.6006684303283691 0.488495409488678 0.021381914615631104 0.023684650659561157
0 0.5792864561080933 0.4746793508529663 0.012829184532165527 0.020724058151245117
0 0.5886615514755249 0.4828210175037384 0.007730424404144287 0.019983887672424316
0 0.6523140668869019 0.5215551853179932 0.06644850969314575 0.06759989261627197
0 0.9049500226974487 0.5407989025115967 0.09309369325637817 0.05970495939254761
0 0.537838339805603 0.4648107588291168 0.009210705757141113 0.016776621341705322
1 0.7440919876098633 0.5289566516876221 0.013487040996551514 0.05625098943710327
0 0.43356022238731384 0.4899756908416748 0.020395100116729736 0.024671465158462524
0 0.47961366176605225 0.4608633518218994 0.01842138171195984 0.013816028833389282
0 0.5654704570770264 0.47023850679397583 0.00822383165359497 0.013816028833389282
0 0.4419485330581665 0.48504143953323364 0.014802902936935425 0.02417805790901184
1 0.2971542775630951 0.5102056860923767 0.015351176261901855 0.05049458146095276
1 0.17335829138755798 0.5023114085197449 0.007565930485725403 0.043915241956710815
1 0.8138300180435181 0.5324106216430664 0.00822383165359497 0.06069183349609375
0 0.457573801279068 0.4633304476737976 0.023026704788208008 0.036020368337631226
1 0.14638414978981018 0.5023114085197449 0.010526493191719055 0.04144808650016785
1 0.8783048391342163 0.5393186807632446 0.013487100601196289 0.06957358121871948
0 0.5490227937698364 0.46333047747612 0.012829124927520752 0.01924377679824829
0 0.15222306549549103 0.7125124931335449 0.30444613099098206 0.3858620524406433
1 0.41524866223335266 0.4758298695087433 0.007565915584564209 0.029770076274871826
1 0.34671658277511597 0.5131669044494629 0.015131860971450806 0.04835611581802368
1 0.4595475196838379 0.5102062821388245 0.011184394359588623 0.043915241956710815
1 0.7809346914291382 0.5324106216430664 0.014144957065582275 0.05181014537811279
1 0.45494216680526733 0.5111931562423706 0.009868592023849487 0.04490208625793457
0 0.4079018831253052 0.5728719234466553 0.10230442881584167 0.09819251298904419
