0 0.5204038619995117 0.45642244815826416 0.005592167377471924 0.003947436809539795
0 0.42171791195869446 0.457902729511261 0.012829184532165527 0.021262317895889282
0 0.5931024551391602 0.49495652318000793 0.02960580587387085 0.03602033853530884
0 0.5879369974136353 0.48553481698036194 0.025987327098846436 0.030592620372772217
0 0.5684937238693237 0.4664320647716522 0.020395100116729736 0.027632057666778564
0 0.6745184659957886 0.5782996416091919 0.05723780393600464 0.05945819616317749
0 0.5138247609138489 0.4539552927017212 0.007346630096435547 0.006908029317855835
0 0.3779672384262085 0.48553478717803955 0.033224254846572876 0.03898093104362488
0 0.4154677093029022 0.460863322019577 0.01578974723815918 0.022204339504241943
0 0.42994171380996704 0.45099472999572754 0.014802902936935425 0.020724058151245117
0 0.40033596754074097 0.4731990694999695 0.02039507031440735 0.027632057666778564
1 0.5878392457962036 0.4559290409088135 0.0026316046714782715 0.020230621099472046
1 0.5490227937698364 0.5911287665367126 0.013487040996551514 0.015296339988708496
0 0.2960578203201294 0.5990236401557922 0.07467237114906311 0.08050501346588135
0 0.4187573194503784 0.5852075815200806 0.06842225790023804 0.09128445386886597
0 0.6513271927833557 0.5575755834579468 0.046053409576416016 0.04588896036148071
1 0.5947472453117371 0.45987647771835327 0.005921125411987305 0.02417805790901184
0 0.40855979919433594 0.46777135133743286 0.016447633504867554 0.024671494960784912
1 0.1674371361732483 0.5669506788253784 0.020395085215568542 0.04835611581802368
0 0.34671658277511597 0.5047785639762878 0.03684273362159729 0.04440867900848389
0 0.3348742723464966 0.5161274671554565 0.03980332612991333 0.04292836785316467
1 0.1325681060552597 0.5669506788253784 0.018750332295894623 0.07253414392471313
1 0.09671221673488617 0.5871813297271729 0.022039860486984253 0.07253420352935791
0 0.31700122356414795 0.527640700340271 0.04506656527519226 0.046875834465026855
1 0.7493551969528198 0.5580689907073975 0.018750369548797607 0.033059775829315186
0 0.19177967309951782 0.6128396987915039 0.10329127311706543 0.09424501657485962
0 0.3654669225215912 0.5023114085197449 0.019408226013183594 0.03898093104362488
1 0.14769995212554932 0.5743521451950073 0.022039860486984253 0.0789487361907959
0 0.5585623979568481 0.6567549109458923 0.2750048339366913 0.13125228881835938
1 0.8963972926139832 0.6434323191642761 0.03223741054534912 0.10312676429748535
1 0.725670576095581 0.6241885423660278 0.018750309944152832 0.09671223163604736
1 0.9582404494285583 0.6611957550048828 0.029605746269226074 0.09819251298904419
1 0.12346778064966202 0.5942533016204834 0.023466244339942932 0.08371913433074951
0 0.6081874370574951 0.5092194676399231 0.030592620372772217 0.02911236882209778
0 0.5782996416091919 0.4834921061992645 0.011842310428619385 0.02615177631378174
1 0.5792864561080933 0.45247501134872437 0.0049343109130859375 0.011348873376846313
1 0.888831377029419 0.6473797559738159 0.03651374578475952 0.09177792072296143
0 0.43783658742904663 0.44926774501800537 0.009539633989334106 0.016776591539382935
0 0.630932092666626 0.5314237475395203 0.047040343284606934 0.04440867900848389
0 0.5644237399101257 0.4648107588291168 0.020305395126342773 0.023774325847625732
0 0.9407972097396851 0.8842583894729614 0.11840564012527466 0.23148328065872192
0 0.7039597034454346 0.6059316396713257 0.07927769422531128 0.0690801739692688
0 0.5582334995269775 0.4583802819252014 0.017434537410736084 0.022204339504241943
0 0.6169926524162292 0.5200749039649963 0.03782963752746582 0.041448116302490234
0 0.2698073089122772 0.5596478581428528 0.06783010065555573 0.06602096557617188
0 0.39474374055862427 0.4786267876625061 0.01644766330718994 0.02911236882209778
1 0.22763556241989136 0.5363580584526062 0.01611870527267456 0.054770708084106445
