0 0.35691413283348083 0.5422792434692383 0.07993561029434204 0.06069183349609375
0 0.6312610507011414 0.5945827960968018 0.07269859313964844 0.0828961730003357
0 0.5585623979568481 0.5477069616317749 0.041448116302490234 0.05526411533355713
0 0.911849319934845 0.775178074836731 0.17630136013031006 0.351815402507782
0 0.12237056344747543 0.6039578914642334 0.16743715107440948 0.10362023115158081
0 0.3048299551010132 0.5560952425003052 0.11173440515995026 0.05575752258300781
0 0.3371768295764923 0.5400587320327759 0.03174400329589844 0.022821128368377686
0 0.23355671763420105 0.5807667374610901 0.10592292249202728 0.08832395076751709
0 0.488495409488678 0.5491872429847717 0.03223744034767151 0.03700721263885498
0 0.361519455909729 0.5353711843490601 0.022039860486984253 0.006907999515533447
0 0.03947437182068825 0.6523140668869019 0.07533026486635208 0.1559237837791443
0 0.7009991407394409 0.6330702900886536 0.13618654012680054 0.13125228881835938
0 0.39638853073120117 0.5585623979568481 0.016447633504867554 0.015296339988708496
