0 0.1671081781387329 0.538825273513794 0.017566129565238953 0.011842310428619385
0 0.704232394695282 0.5529700517654419 0.024561643600463867 0.02500051259994507
0 0.59803706407547 0.5388252139091492 0.008223652839660645 0.009374499320983887
0 0.34342706203460693 0.5447463989257812 0.027961015701293945 0.011842310428619385
0 0.32204508781433105 0.5432780981063843 0.02367660403251648 0.01477879285812378
0 0.14375251531600952 0.5358646512031555 0.011842310428619385 0.005921125411987305
0 0.01611870341002941 0.5447463989257812 0.025987297296524048 0.01381605863571167
0 0.41184931993484497 0.6414586305618286 0.11842313408851624 0.11595600843429565
0 0.6621172428131104 0.5457332134246826 0.011184394359588623 0.014013350009918213
0 0.15148290991783142 0.7870203256607056 0.30296581983566284 0.3064197897911072
0 0.9674511551856995 0.5565887093544006 0.020066142082214355 0.01578974723815918
0 0.6526430249214172 0.5447463989257812 0.00789487361907959 0.011842310428619385
0 0.6225765943527222 0.5718849897384644 0.01835542917251587 0.037599265575408936
0 0.15698371827602386 0.5486937761306763 0.0325663685798645 0.011842310428619385
0 0.6790836453437805 0.5468220710754395 0.01333928108215332 0.018375694751739502
0 0.30066317319869995 0.5422463417053223 0.017434507608413696 0.015329182147979736
0 0.5924664735794067 0.6350111365318298 0.09673410654067993 0.136680006980896
1 0.13783136010169983 0.573365330696106 0.01578974723815918 0.017270028591156006
0 0.5921156406402588 0.542772650718689 0.010526478290557861 0.0029605627059936523
0 0.5981683731079102 0.5546149611473083 0.052764058113098145 0.025954365730285645
0 0.16645027697086334 0.6005039215087891 0.12829172611236572 0.08585679531097412
0 0.6073570251464844 0.5824116468429565 0.04484766721725464 0.04687577486038208
0 0.07171177864074707 0.5458849668502808 0.03155406937003136 0.015789806842803955
0 0.12763381004333496 0.5457332134246826 0.05557813495397568 0.01578974723815918
0 0.6997801065444946 0.54677814245224 0.008514106273651123 0.01195836067199707
0 0.6082343459129333 0.5407989025115967 0.008552789688110352 0.003947436809539795
0 0.7944217920303345 0.6997352242469788 0.2814279794692993 0.29309725761413574
0 0.9330800771713257 0.6054390668869019 0.08947628736495972 0.08437711000442505
0 0.42796802520751953 0.5447463989257812 0.02138194441795349 0.010855495929718018
0 0.6852093935012817 0.5437595248222351 0.005263268947601318 0.00789487361907959
0 0.6707354187965393 0.5457332134246826 0.005263209342956543 0.012829184532165527
0 0.5394831299781799 0.5595492720603943 0.0253293514251709 0.02615177631378174
0 0.5786948204040527 0.5908327102661133 0.06223857402801514 0.04588896036148071
