0 0.37171703577041626 0.5304368734359741 0.01611870527267456 0.01381605863571167
0 0.41842836141586304 0.5195814371109009 0.009210675954818726 0.011842310428619385
0 0.22138544917106628 0.5491872429847717 0.04210600256919861 0.03602039813995361
0 0.43717870116233826 0.5195814371109009 0.003289520740509033 0.00592118501663208
0 0.33158475160598755 0.520568311214447 0.003947436809539795 0.00789487361907959
0 0.17730572819709778 0.525502622127533 0.00789487361907959 0.005921125411987305
0 0.5047785043716431 0.5338912010192871 0.09046214818954468 0.15617042779922485
0 0.21414849162101746 0.5250091552734375 0.007236972451210022 0.003947436809539795
0 0.44507357478141785 0.5195814371109009 0.005263268947601318 0.00789487361907959
0 0.19145071506500244 0.525502622127533 0.010526493191719055 0.005921125411987305
0 0.326979398727417 0.5195814371109009 0.008552789688110352 0.006907999515533447
0 0.40625712275505066 0.5264894962310791 0.012171268463134766 0.011842310428619385
0 0.42566534876823425 0.5240223407745361 0.011842310428619385 0.012829184532165527
0 0.40033581852912903 0.5163742303848267 0.010690927505493164 0.006414592266082764
0 0.40099388360977173 0.5259960293769836 0.002631634473800659 0.008388280868530273
0 0.2634914517402649 0.5240223407745361 0.008552789688110352 0.0049343109130859375
0 0.3167818784713745 0.5215551853179932 0.01282915472984314 0.00789487361907959
0 0.43388915061950684 0.5195814371109009 0.006579071283340454 0.00789487361907959
