0 0.6154713034629822 0.5324106216430664 0.01644766330718994 0.008388280868530273
0 0.5185396671295166 0.5432660579681396 0.01743447780609131 0.02615177631378174
1 0.25296494364738464 0.5516543984413147 0.015789732336997986 0.05427730083465576
1 0.7891585230827332 0.5585623979568481 0.012171268463134766 0.0212174654006958
1 0.6809329986572266 0.5482003688812256 0.005263268947601318 0.01825690269470215
0 0.6579062938690186 0.5630033016204834 0.03486901521682739 0.03848749399185181
0 0.7480393648147583 0.5807667374610901 0.09013313055038452 0.09375166893005371
1 0.8102115392684937 0.5560952425003052 0.010526537895202637 0.01924377679824829
1 0.11940998584032059 0.5965564846992493 0.02763207256793976 0.11595594882965088
1 0.10960906744003296 0.606227457523346 0.038421593606472015 0.13865303993225098
0 0.5934314727783203 0.5447463989257812 0.014802873134613037 0.01776343584060669
1 0.43915241956710815 0.5886616110801697 0.03157949447631836 0.08437645435333252
0 0.9657154083251953 0.6177740097045898 0.06856924295425415 0.09227138757705688
1 0.6607022285461426 0.540305495262146 0.004605352878570557 0.006907999515533447
0 0.9657154083251953 0.6607023477554321 0.06856924295425415 0.1613515019416809
1 0.5656347274780273 0.5511609315872192 0.012829124927520752 0.05625098943710327
1 0.8314290046691895 0.5634964108467102 0.011184394359588623 0.02590465545654297
1 0.43790215253829956 0.5509637594223022 0.014144986867904663 0.04835611581802368
1 0.572378396987915 0.5528879165649414 0.011184394359588623 0.054277241230010986
0 0.5095483660697937 0.5462266206741333 0.025000423192977905 0.024671494960784912
0 0.32566359639167786 0.6384980082511902 0.2115168571472168 0.2649717330932617
0 0.5391541123390198 0.5309303402900696 0.019408226013183594 0.041448116302490234
0 0.5437595248222351 0.5491872429847717 0.023026704788208008 0.02615177631378174
0 0.638498067855835 0.5477069616317749 0.004605352878570557 0.015296339988708496
0 0.6210634708404541 0.5585623979568481 0.04144805669784546 0.0537838339805603
0 0.5095484256744385 0.5546149611473083 0.027632057666778564 0.017763495445251465
0 0.818764328956604 0.5945827960968018 0.05888259410858154 0.06611961126327515
1 0.22812896966934204 0.5753389596939087 0.025822803378105164 0.1115151047706604
0 0.5207327604293823 0.5462266802787781 0.010197579860687256 0.020724058151245117
1 0.41480982303619385 0.5513254404067993 0.012280851602554321 0.05246800184249878
1 0.8602124452590942 0.5807667970657349 0.01578974723815918 0.05625098943710327
1 0.9575822949409485 0.5763262510299683 0.02779674530029297 0.04342275857925415
0 0.6937621831893921 0.5639901161193848 0.033224284648895264 0.03602033853530884
1 0.5853270292282104 0.5459573864936829 0.011184394359588623 0.03669321537017822
