1 0.776658296585083 0.531423807144165 0.011184394359588623 0.06266552209854126
0 0.4095466136932373 0.5309303998947144 0.03388217091560364 0.027632057666778564
0 0.5079036355018616 0.4978705644607544 0.01644766330718994 0.02368462085723877
0 0.42599427700042725 0.56843101978302 0.07072493433952332 0.0843765139579773
0 0.5771911144256592 0.5219607353210449 0.011842310428619385 0.02978825569152832
1 0.06973806023597717 0.5926090478897095 0.028947871178388596 0.11842310428619385
1 0.825780987739563 0.5559306740760803 0.014143884181976318 0.0819091796875
1 0.6585642099380493 0.5210617780685425 0.007565915584564209 0.037007272243499756
0 0.6098790764808655 0.5116865634918213 0.06151425838470459 0.08684366941452026
0 0.4684658348560333 0.5473450422286987 0.025000452995300293 0.05679929256439209
1 0.6678171157836914 0.5229848027229309 0.011479616165161133 0.04018282890319824
1 0.31020277738571167 0.5847141742706299 0.038158565759658813 0.11842310428619385
1 0.3286997675895691 0.53313148021698 0.015359312295913696 0.030857861042022705
0 0.6503403186798096 0.503298282623291 0.007236957550048828 0.008388280868530273
1 0.7128413915634155 0.508232593536377 0.007565915584564209 0.019243746995925903
1 0.7060978412628174 0.5268595814704895 0.00945734977722168 0.04576563835144043
0 0.47928470373153687 0.5047785639762878 0.00822383165359497 0.010855436325073242
1 0.7248479127883911 0.5282162427902222 0.018750369548797607 0.06932663917541504
1 0.37204599380493164 0.5353005528450012 0.010197550058364868 0.03947436809539795
1 0.7707371711730957 0.5412923693656921 0.018750309944152832 0.06759989261627197
1 0.6671169400215149 0.5227530002593994 0.007565975189208984 0.03926253318786621
1 0.02960578165948391 0.6024776697158813 0.034869033843278885 0.10312682390213013
0 0.4904690980911255 0.49639028310775757 0.01842138171195984 0.023684650659561157
1 0.19090275466442108 0.5306016206741333 0.011074155569076538 0.0254935622215271
1 0.4684378504753113 0.511595606803894 0.24793526530265808 0.07305341958999634
1 0.6908016204833984 0.5274763107299805 0.01611870527267456 0.05230355262756348
1 0.43684977293014526 0.5824114084243774 0.023794203996658325 0.11348885297775269
1 0.6720512509346008 0.5225419998168945 0.013487100601196289 0.043421804904937744
1 0.6440901756286621 0.5146471261978149 0.007565915584564209 0.030592620372772217
1 0.6355374455451965 0.5289566516876221 0.005329132080078125 0.034539878368377686
0 0.25493866205215454 0.5501741170883179 0.1325681060552597 0.1574040949344635
