0 0.5266540050506592 0.5116865634918213 0.00822383165359497 0.024671494960784912
0 0.3881646990776062 0.5062588453292847 0.025000423192977905 0.03996777534484863
0 0.36612480878829956 0.48948225378990173 0.02861890196800232 0.020724058151245117
0 0.5414565801620483 0.5035445094108582 0.02713853120803833 0.041448116302490234
0 0.5437594652175903 0.5161274671554565 0.027632057666778564 0.03700724244117737
0 0.1477031111717224 0.5385773777961731 0.07697461545467377 0.07648098468780518
0 0.5667862296104431 0.52303546667099 0.0368427038192749 0.046875834465026855
0 0.5960630178451538 0.5477069616317749 0.06644850969314575 0.06759989261627197
0 0.4654686748981476 0.5077391862869263 0.006579041481018066 0.010855495929718018
0 0.36612480878829956 0.500831127166748 0.02664521336555481 0.03305980563163757
0 0.8197512030601501 0.5200748443603516 0.025000452995300293 0.024671494960784912
0 0.18125316500663757 0.503298282623291 0.02565835416316986 0.009868621826171875
0 0.4368497431278229 0.5116865634918213 0.004605352878570557 0.01381605863571167
0 0.715802013874054 0.503298282623291 0.03388214111328125 0.017763495445251465
0 0.5279697179794312 0.511192798614502 0.011842310428619385 0.02615177631378174
0 0.7184336185455322 0.5477069616317749 0.07368552684783936 0.09128451347351074
0 0.20230618119239807 0.5447463989257812 0.09013314545154572 0.09128445386886597
0 0.5233644247055054 0.5116865634918213 0.009210705757141113 0.023684591054916382
0 0.43323126435279846 0.5092194080352783 0.007236957550048828 0.01924377679824829
0 0.4838900566101074 0.5516543984413147 0.06611958146095276 0.08684360980987549
0 0.09835698455572128 0.5393186807632446 0.07467235624790192 0.06365245580673218
0 0.5199103355407715 0.5072450637817383 0.014803051948547363 0.02146431803703308
0 0.11875207722187042 0.503298282623291 0.04769819974899292 0.017763495445251465
0 0.47369247674942017 0.503298282623291 0.013816028833389282 0.012335747480392456
0 0.2555965781211853 0.49639028310775757 0.042434945702552795 0.024671465158462524
0 0.3358611464500427 0.500831127166748 0.05065879225730896 0.036020368337631226
0 0.45099472999572754 0.5077391862869263 0.029605776071548462 0.03750067949295044
0 0.19506920874118805 0.4963902533054352 0.03388217091560364 0.012335717678070068
0 0.28882086277008057 0.500831127166748 0.065461665391922 0.0246715247631073
1 0.5829049348831177 0.508232593536377 0.005921125411987305 0.015296339988708496
0 0.4250074326992035 0.5092194080352783 0.011842310428619385 0.022204339504241943
0 0.36809855699539185 0.5585623979568481 0.06809329986572266 0.08980417251586914
0 0.038734231144189835 0.533890962600708 0.07746846228837967 0.07450789213180542
0 0.5003377199172974 0.488495409488678 0.01644766330718994 0.005427747964859009
0 0.41217827796936035 0.5062588453292847 0.010197550058364868 0.027632087469100952
0 0.4977060854434967 0.5131669044494629 0.03684276342391968 0.049836426973342896
0 0.2737712264060974 0.6030944585800171 0.1740984320640564 0.20168936252593994
