0 0.19572710990905762 0.5634967088699341 0.08750152587890625 0.05674445629119873
1 0.2440832257270813 0.5565886497497559 0.015131846070289612 0.04144805669784546
0 0.037582892924547195 0.6192542314529419 0.07516578584909439 0.11250191926956177
1 0.8365278244018555 0.5482003688812256 0.009539663791656494 0.02713865041732788
1 0.8273171186447144 0.5324106216430664 0.009539604187011719 0.014309465885162354
0 0.9477139711380005 0.5452398061752319 0.017105579376220703 0.01578974723815918
0 0.372374951839447 0.5407989025115967 0.04276391863822937 0.02417808771133423
1 0.22993823885917664 0.5610295534133911 0.011513367295265198 0.05279695987701416
0 0.12631799280643463 0.570898175239563 0.06842225044965744 0.04391521215438843
0 0.8707389235496521 0.5565886497497559 0.03782963752746582 0.02565830945968628
0 0.9059368968009949 0.5610295534133911 0.05427730083465576 0.03256630897521973
0 0.38191455602645874 0.5264894962310791 0.010526508092880249 0.012829184532165527
0 0.5671151876449585 0.5738587379455566 0.06348800659179688 0.07105386257171631
0 0.975346028804779 0.5565886497497559 0.025658369064331055 0.02417808771133423
1 0.21842488646507263 0.5620164275169373 0.013158127665519714 0.05279695987701416
0 0.6486955881118774 0.537838339805603 0.027632057666778564 0.0212174654006958
0 0.6250109672546387 0.5052720308303833 0.009539663791656494 0.011348903179168701
0 0.7408024072647095 0.5822470188140869 0.05493515729904175 0.05970501899719238
0 0.602971076965332 0.570898175239563 0.04079020023345947 0.054277241230010986
0 0.5166189074516296 0.5309312343597412 0.23355674743652344 0.08240321278572083
0 0.9914647340774536 0.5536280870437622 0.01611870527267456 0.035526931285858154
0 0.5184301137924194 0.5876747369766235 0.07993564009666443 0.07105386257171631
0 0.8194222450256348 0.5965564846992493 0.04835611581802368 0.07105386257171631
0 0.303952693939209 0.6049448251724243 0.146384134888649 0.13223916292190552
0 0.9779689311981201 0.5324106216430664 0.04406219720840454 0.03404664993286133
0 0.6523140668869019 0.5778061151504517 0.0634879469871521 0.06710642576217651
0 0.9824097156524658 0.6019842624664307 0.035180509090423584 0.07401448488235474
0 0.044737622141838074 0.5664572715759277 0.0769750326871872 0.0439152717590332
1 0.7227100133895874 0.5111931562423706 0.005592226982116699 0.0212174654006958
0 0.6838935613632202 0.5738587379455566 0.027632057666778564 0.05427730083465576
0 0.7684345245361328 0.5580689907073975 0.04835611581802368 0.03848749399185181
0 0.3980332612991333 0.5565886497497559 0.0055921971797943115 0.017270028591156006
0 0.6523140668869019 0.5250091552734375 0.03980332612991333 0.054277241230010986
0 0.4358628988265991 0.5980367660522461 0.10362023115158081 0.09671223163604736
0 0.7483683824539185 0.5634967088699341 0.037829577922821045 0.028618931770324707
0 0.9552798271179199 0.5620164275169373 0.03980332612991333 0.025658369064331055
0 0.8042904138565063 0.6133331060409546 0.0805935263633728 0.08980417251586914
0 0.8123445510864258 0.5516549348831177 0.061349332332611084 0.04218798875808716
0 0.7016569972038269 0.5166208744049072 0.017105579376220703 0.019737184047698975
1 0.21085895597934723 0.5610295534133911 0.008552789688110352 0.05131673812866211
