1 0.3381637930870056 0.5935959219932556 0.0671064555644989 0.18997040390968323
1 0.3509942591190338 0.5630032420158386 0.03486990928649902 0.14334091544151306
1 0.46316471695899963 0.5681850910186768 0.037007689476013184 0.12755364179611206
1 0.2190827876329422 0.6024776697158813 0.027961015701293945 0.12730485200881958
0 0.611852765083313 0.5215551853179932 0.12796276807785034 0.10213994979858398
0 0.7276443243026733 0.5447463989257812 0.18224000930786133 0.10460713505744934
1 0.19651776552200317 0.6052402257919312 0.04453982412815094 0.13322627544403076
1 0.2786232829093933 0.5694178342819214 0.02631625533103943 0.11200851202011108
0 0.44342881441116333 0.4110269248485565 0.0053948163986206055 0.008684396743774414
0 0.44770514965057373 0.40855979919433594 0.007236957550048828 0.009210854768753052
0 0.12352190166711807 0.5324106216430664 0.24704380333423615 0.13914716243743896
0 0.2723731994628906 0.4746793508529663 0.031250566244125366 0.04539552330970764
0 0.44342881441116333 0.4128032326698303 0.005592226982116699 0.008388310670852661
0 0.43158650398254395 0.4110269248485565 0.004605352878570557 0.009375154972076416
0 0.5896896123886108 0.4281119108200073 0.027632057666778564 0.06433090567588806
0 0.9070377349853516 0.8077868819236755 0.18592458963394165 0.3844262361526489
0 0.35888785123825073 0.46194881200790405 0.03927698731422424 0.05358639359474182
0 0.42566537857055664 0.4110269248485565 0.009210675954818726 0.010855436325073242
0 0.7756714820861816 0.4939231276512146 0.13519972562789917 0.09375166893005371
0 0.37730923295021057 0.45247501134872437 0.02927684783935547 0.04292836785316467
0 0.32237404584884644 0.4731990694999695 0.056908875703811646 0.06381687521934509
0 0.6200766563415527 0.4386589825153351 0.04769819974899292 0.05526411533355713
1 0.2881629467010498 0.48306766152381897 0.017763465642929077 0.06118530035018921
0 0.8904761075973511 0.4954034090042114 0.15263426303863525 0.10362020134925842
1 0.2694126069545746 0.573365330696106 0.033224284648895264 0.11990338563919067
0 0.5446368455886841 0.7549475431442261 0.2502238154411316 0.314972460269928
0 0.5105352401733398 0.5047785639762878 0.15263423323631287 0.09227132797241211
0 0.5243512988090515 0.4231671690940857 0.027123093605041504 0.05069291591644287
1 0.2802680730819702 0.573365330696106 0.02631625533103943 0.10460704565048218
0 0.4177704453468323 0.4954034090042114 0.13421288132667542 0.08141589164733887
0 0.304018497467041 0.443198561668396 0.025592505931854248 0.02042803168296814
0 0.3235253691673279 0.44235968589782715 0.02236875891685486 0.009498506784439087
0 0.3230319619178772 0.417396605014801 0.010197550058364868 0.012335747480392456
0 0.287439227104187 0.46510690450668335 0.03263211250305176 0.03661277890205383
1 0.8539623022079468 0.6024776697158813 0.04506659507751465 0.1618449091911316
