1 0.07368549704551697 0.503298282623291 0.01282917708158493 0.028125524520874023
1 0.8746863603591919 0.4480341672897339 0.010526537895202637 0.028125494718551636
1 0.10658103227615356 0.4981176555156708 0.012171268463134766 0.027632415294647217
1 0.48948225378990173 0.48750853538513184 0.00822383165359497 0.03947436809539795
1 0.6276425719261169 0.4628370404243469 0.010526537895202637 0.028125494718551636
0 0.5796154141426086 0.5023114681243896 0.08750152587890625 0.05082327127456665
1 0.09013316035270691 0.503298282623291 0.013487078249454498 0.024671465158462524
0 0.7969436049461365 0.5482003092765808 0.29013490676879883 0.1833897829055786
0 0.8223828077316284 0.45642244815826416 0.04046124219894409 0.02615177631378174
1 0.4973774552345276 0.4643186628818512 0.00986829400062561 0.01184237003326416
1 0.9648195505142212 0.5289566516876221 0.03750067949295044 0.1361866295337677
1 0.765144944190979 0.47615963220596313 0.012829124927520752 0.010361999273300171
1 0.7118545770645142 0.45494216680526733 0.006907999515533447 0.01924377679824829
1 0.7236968278884888 0.46382391452789307 0.007565915584564209 0.03700724244117737
1 0.4631659984588623 0.4751727879047394 0.005263268947601318 0.010362029075622559
0 0.8996868133544922 0.4495144486427307 0.019408226013183594 0.03700721263885498
1 0.7236968278884888 0.46382391452789307 0.00822383165359497 0.03700724244117737
1 0.08421199768781662 0.503298282623291 0.012829169631004333 0.02368462085723877
1 0.1996745467185974 0.5121800303459167 0.015131831169128418 0.05279698967933655
0 0.46448183059692383 0.4954034090042114 0.022039860486984253 0.04292836785316467
1 0.6245502233505249 0.49698251485824585 0.016908347606658936 0.06661298871040344
0 0.10444261878728867 0.6814264059066772 0.20888523757457733 0.30641984939575195
1 0.6217212080955505 0.5003383159637451 0.016940951347351074 0.07746848464012146
1 0.8506727814674377 0.45050132274627686 0.010526537895202637 0.032566338777542114
0 0.3634932041168213 0.56843101978302 0.22730660438537598 0.2649717628955841
1 0.2552676200866699 0.49639028310775757 0.012829169631004333 0.03947439789772034
0 0.7993561029434204 0.5447463989257812 0.28882086277008057 0.18207556009292603
0 0.7671186923980713 0.4579027593135834 0.07467234134674072 0.0537838339805603
0 0.004852058365941048 0.5462266802787781 0.009704116731882095 0.046875834465026855
1 0.03519798442721367 0.5146471261978149 0.012829171493649483 0.04046124219894409
1 0.6207345724105835 0.4628370404243469 0.012829124927520752 0.028125494718551636
0 0.13881821930408478 0.5531346797943115 0.12039684504270554 0.10213994979858398
1 0.08421199768781662 0.503298282623291 0.012829169631004333 0.022697776556015015
0 0.0634879544377327 0.5353711843490601 0.0690801590681076 0.03996783494949341
0 0.48915308713912964 0.5654703378677368 0.05372893810272217 0.10115307569503784
