0 0.48158735036849976 0.4924428462982178 0.03782960772514343 0.046875834465026855
0 0.7003412246704102 0.5906352996826172 0.06085634231567383 0.10362023115158081
0 0.36086156964302063 0.5437594652175903 0.04440867900848389 0.0537838339805603
0 0.43356022238731384 0.5245157480239868 0.011184394359588623 0.037500619888305664
1 0.49924126267433167 0.5029689073562622 0.006907999515533447 0.020230621099472046
0 0.8929345011711121 0.6779723763465881 0.21413099765777588 0.21168136596679688
0 0.18816117942333221 0.6019842624664307 0.13388392329216003 0.13026541471481323
0 0.9197529554367065 0.4786267876625061 0.0480271577835083 0.016776591539382935
0 0.49902188777923584 0.4993508458137512 0.009210705757141113 0.015296339988708496
0 0.42237579822540283 0.5245157480239868 0.029605776071548462 0.03996777534484863
0 0.9796223640441895 0.49096256494522095 0.04046124219894409 0.03750064969062805
0 0.32385456562042236 0.5610293745994568 0.07286301255226135 0.07401430606842041
0 0.44836312532424927 0.5161274671554565 0.015789777040481567 0.027632057666778564
0 0.8098825812339783 0.5146471858024597 0.04440867900848389 0.020724058151245117
1 0.6914594173431396 0.5200749039649963 0.007565915584564209 0.048356086015701294
0 0.5875102281570435 0.516949474811554 0.00822383165359497 0.02450692653656006
0 0.46415287256240845 0.5200749039649963 0.030592650175094604 0.03602039813995361
0 0.9653863906860352 0.7722174525260925 0.06922715902328491 0.2462214231491089
0 0.45494216680526733 0.500831127166748 0.017434507608413696 0.006908029317855835
0 0.5250091552734375 0.4954034090042114 0.017434537410736084 0.015296339988708496
0 0.9253451228141785 0.5146471858024597 0.0960543155670166 0.06365242600440979
1 0.5134958028793335 0.49885743856430054 0.005263268947601318 0.005427747964859009
0 0.3901383876800537 0.5245157480239868 0.047040313482284546 0.07056045532226562
0 0.5240223407745361 0.5062588453292847 0.027632057666778564 0.022204339504241943
0 0.5118510723114014 0.4954034090042114 0.019408226013183594 0.030592650175094604
0 0.4187573194503784 0.531423807144165 0.01842138171195984 0.03898090124130249
0 0.42994174361228943 0.5176077485084534 0.027632057666778564 0.03602039813995361
0 0.9713985919952393 0.4771465063095093 0.0480271577835083 0.030592620372772217
0 0.5582334399223328 0.48701509833335876 0.04440867900848389 0.10115307569503784
0 0.8552781343460083 0.5023114085197449 0.04704028367996216 0.027632087469100952
0 0.5996814966201782 0.5200748443603516 0.027632057666778564 0.03750067949295044
0 0.6125106811523438 0.5284632444381714 0.037829577922821045 0.04292839765548706
0 0.7473815083503723 0.5215551853179932 0.051645636558532715 0.046875834465026855
0 0.591457724571228 0.5106997489929199 0.026645183563232422 0.03602033853530884
0 0.784224271774292 0.6044514179229736 0.1559237837791443 0.17418068647384644
0 0.7960665822029114 0.5037916898727417 0.051645636558532715 0.036020368337631226
0 0.06949134916067123 0.6611957550048828 0.13898269832134247 0.15641719102859497
1 0.8227117657661438 0.5146471261978149 0.021710872650146484 0.020230591297149658
