0 0.6421165466308594 0.49096253514289856 0.03125053644180298 0.024671494960784912
0 0.7342233657836914 0.52303546667099 0.051645636558532715 0.0577312707901001
0 0.7690923810005188 0.5338909029960632 0.06447482109069824 0.07056042551994324
0 0.196056067943573 0.6483666300773621 0.21447743475437164 0.1805952787399292
0 0.08963972330093384 0.7628422975540161 0.17927944660186768 0.3157949447631836
0 0.622708261013031 0.5102063417434692 0.01019752025604248 0.01924377679824829
1 0.3865199089050293 0.5042851567268372 0.00822383165359497 0.05970501899719238
0 0.637511134147644 0.5102062821388245 0.026645243167877197 0.03700721263885498
0 0.8832391500473022 0.5477069616317749 0.07368552684783936 0.0577312707901001
1 0.8243565559387207 0.5131669044494629 0.0098685622215271 0.03700724244117737
1 0.4496789276599884 0.48750853538513184 0.00822383165359497 0.028125524520874023
1 0.44079720973968506 0.49096253514289856 0.014144986867904663 0.02565830945968628
0 0.611441969871521 0.5150173902511597 0.008470535278320312 0.006907999515533447
0 0.5960630774497986 0.5062588453292847 0.030263662338256836 0.03157949447631836
0 0.6128396987915039 0.5062588453292847 0.010197579860687256 0.024671494960784912
0 0.7082360982894897 0.5171142816543579 0.022039830684661865 0.03602033853530884
1 0.2687547206878662 0.5358646512031555 0.022368818521499634 0.08240273594856262
0 0.5141537189483643 0.5062588453292847 0.011842310428619385 0.03700721263885498
1 0.7161309719085693 0.49885743856430054 0.002302706241607666 0.005427747964859009
1 0.34474289417266846 0.5042851567268372 0.01875033974647522 0.03157952427864075
0 0.4628370404243469 0.5906352996826172 0.12960752844810486 0.1766478419303894
0 0.5447463989257812 0.5131669044494629 0.044079720973968506 0.06069186329841614
0 0.5688012838363647 0.5044702291488647 0.00908738374710083 0.020354032516479492
0 0.6707354187965393 0.5240223407745361 0.06546163558959961 0.07056045532226562
0 0.6983674764633179 0.5047785639762878 0.004605352878570557 0.005427718162536621
0 0.5217196345329285 0.5146471261978149 0.007236957550048828 0.01776343584060669
0 0.3246767222881317 0.5960630774497986 0.11579149961471558 0.11842310428619385
0 0.5003377199172974 0.5102063417434692 0.03585591912269592 0.04292839765548706
1 0.44079717993736267 0.488495409488678 0.00822383165359497 0.024178117513656616
