0 0.42763906717300415 0.5570821166038513 0.04440867900848389 0.05230355262756348
0 0.5098773241043091 0.5309303402900696 0.011842310428619385 0.013815999031066895
0 0.6184318661689758 0.5106997489929199 0.01644766330718994 0.008388340473175049
0 0.5017355680465698 0.5225419998168945 0.007894963026046753 0.008881747722625732
0 0.3454016149044037 0.6128391623497009 0.10855436325073242 0.12409758567810059
0 0.22467496991157532 0.6083987951278687 0.10789661109447479 0.10115307569503784
0 0.49737709760665894 0.5782996416091919 0.06447479128837585 0.08783048391342163
0 0.4542842507362366 0.5274763107299805 0.005921155214309692 0.006414592266082764
0 0.44902101159095764 0.5269829034805298 0.003947436809539795 0.005921125411987305
0 0.41086244583129883 0.5447463989257812 0.008552789688110352 0.024671494960784912
0 0.38125666975975037 0.5269829034805298 0.003289520740509033 0.003947436809539795
0 0.6667879819869995 0.5161274671554565 0.01644766330718994 0.008388280868530273
0 0.4656323790550232 0.5330280065536499 0.013158142566680908 0.017763495445251465
0 0.4782978296279907 0.5294500589370728 0.008552759885787964 0.012335777282714844
0 0.4098755717277527 0.5294500589370728 0.01315811276435852 0.008388280868530273
0 0.7102097868919373 0.5185946226119995 0.11776518821716309 0.04292836785316467
0 0.488495409488678 0.5200748443603516 0.015131860971450806 0.030099213123321533
0 0.47763991355895996 0.5245157480239868 0.0055921971797943115 0.0049343109130859375
