0 0.41777047514915466 0.5324106216430664 0.01611870527267456 0.024178028106689453
0 0.4016517400741577 0.5368515253067017 0.021710902452468872 0.022697746753692627
0 0.8026456236839294 0.5151405930519104 0.03322422504425049 0.025658369064331055
0 0.4454025328159332 0.5195814371109009 0.008552789688110352 0.011348903179168701
0 0.45099472999572754 0.5195814371109009 0.011513352394104004 0.0098685622215271
0 0.6628405451774597 0.5610295534133911 0.06940913200378418 0.08536338806152344
0 0.596392035484314 0.5353711843490601 0.03519797325134277 0.04144805669784546
0 0.46629106998443604 0.5195814371109009 0.014144986867904663 0.011348903179168701
0 0.3579009771347046 0.5482003688812256 0.021710902452468872 0.025658369064331055
0 0.5128378868103027 0.5368515253067017 0.027632057666778564 0.02861887216567993
0 0.36469948291778564 0.5447463393211365 0.02664521336555481 0.02615177631378174
0 0.7236968874931335 0.5990236401557922 0.09112000465393066 0.10658085346221924
0 0.622050404548645 0.5496807098388672 0.03980332612991333 0.04835611581802368
0 0.8358699083328247 0.518101155757904 0.03421109914779663 0.031086087226867676
0 0.8727126121520996 0.5210617780685425 0.07401448488235474 0.0557575523853302
0 0.47566622495651245 0.5210617780685425 0.011513352394104004 0.0098685622215271
0 0.27961015701293945 0.5644835233688354 0.05181014537811279 0.04292839765548706
0 0.5756679773330688 0.5309303402900696 0.01414501667022705 0.022697806358337402
0 0.7986981868743896 0.6261622905731201 0.1555948257446289 0.13964062929153442
