0 0.4269811511039734 0.5146471261978149 0.014473944902420044 0.02171093225479126
1 0.5332330465316772 0.5067522525787354 0.004934251308441162 0.019737184047698975
0 0.8440936803817749 0.4983639717102051 0.037829577922821045 0.015296310186386108
0 0.0017270039534196258 0.5496807098388672 0.0034540079068392515 0.007401406764984131
0 0.37632232904434204 0.557575523853302 0.07516571879386902 0.09473860263824463
0 0.07713950425386429 0.7722174525260925 0.15427900850772858 0.3611905574798584
0 0.4473762512207031 0.5023114681243896 0.015131831169128418 0.011348903179168701
0 0.45987647771835327 0.5003377199172974 0.006908029317855835 0.003947436809539795
0 0.44145509600639343 0.5289566516876221 0.03289532661437988 0.03799408674240112
0 0.40823084115982056 0.5156340599060059 0.025329381227493286 0.030099213123321533
0 0.15526586771011353 0.5477069616317749 0.0865146666765213 0.08240276575088501
1 0.6411296129226685 0.5166208744049072 0.01151341199874878 0.036020368337631226
0 0.9085685014724731 0.5003377199172974 0.09605425596237183 0.03503349423408508
1 0.6046158075332642 0.5156340599060059 0.00822383165359497 0.022697746753692627
0 0.04407971724867821 0.579779863357544 0.08815943449735641 0.07845532894134521
1 0.6315900087356567 0.5156340599060059 0.00822383165359497 0.033059775829315186
0 0.8635019063949585 0.5003377199172974 0.05493515729904175 0.031086087226867676
0 0.5243512392044067 0.5003377199172974 0.01842135190963745 0.03503349423408508
0 0.86481773853302 0.5077391862869263 0.05065876245498657 0.03503352403640747
0 0.07565921545028687 0.5536280870437622 0.05427726358175278 0.040954649448394775
1 0.5420676469802856 0.5030163526535034 0.003289520740509033 0.01543736457824707
0 0.9128448963165283 0.5289566516876221 0.13783138990402222 0.06365242600440979
1 0.5401409864425659 0.5047786235809326 0.003289520740509033 0.01875033974647522
0 0.2868471145629883 0.5240223407745361 0.020066142082214355 0.019737184047698975
1 0.6171160936355591 0.5106997489929199 0.00822383165359497 0.0310860276222229
0 0.9450823068618774 0.5077391266822815 0.059869468212127686 0.031086057424545288
0 0.2115168571472168 0.5447463989257812 0.04243496060371399 0.060691893100738525
0 0.35822993516921997 0.5126734972000122 0.014473944902420044 0.014309465885162354
0 0.26974156498908997 0.5259960889816284 0.02401357889175415 0.019737184047698975
0 0.45987647771835327 0.5146471261978149 0.02401357889175415 0.030099213123321533
0 0.3286241590976715 0.5393186807632446 0.0480271577835083 0.06365245580673218
0 0.3669472336769104 0.5104529857635498 0.009539633989334106 0.009621918201446533
0 0.5023113489151001 0.6139495968818665 0.10954135656356812 0.13347268104553223
0 0.49639028310775757 0.5220485925674438 0.049342989921569824 0.05477067828178406
0 0.25263601541519165 0.5176077485084534 0.009539633989334106 0.012335777282714844
0 0.4694161117076874 0.5097128748893738 0.012500226497650146 0.021710902452468872
0 0.32796627283096313 0.5067522525787354 0.020066142082214355 0.006414592266082764
0 0.6829066872596741 0.49639028310775757 0.017105579376220703 0.013322621583938599
0 0.6673353910446167 0.5000085830688477 0.03245657682418823 0.02236875891685486
