0 0.5235385298728943 0.5163306593894958 0.015770435333251953 0.01573169231414795
0 0.5986946821212769 0.5156340599060059 0.02138197422027588 0.016776621341705322
0 0.25033333897590637 0.5511609315872192 0.06414587795734406 0.044902145862579346
0 0.5042850971221924 0.5156340599060059 0.022039830684661865 0.03207296133041382
0 0.5948668718338013 0.5095334649085999 0.006579101085662842 0.00789487361907959
0 0.5315881967544556 0.5156340599060059 0.012500226497650146 0.016776621341705322
0 0.5164564251899719 0.5195814371109009 0.007236957550048828 0.016776621341705322
0 0.6181029081344604 0.5208150148391724 0.033059775829315186 0.025411665439605713
0 0.4904690980911255 0.5215551853179932 0.01875033974647522 0.02615177631378174
0 0.29474201798439026 0.5412924289703369 0.06776434183120728 0.04588896036148071
0 0.4503368139266968 0.5205683708190918 0.04517623782157898 0.02154642343521118
0 0.46974506974220276 0.5146471261978149 0.020724058151245117 0.01381605863571167
0 0.5640814304351807 0.5291759371757507 0.024379074573516846 0.02670001983642578
0 0.3167818486690521 0.6197476983070374 0.25230705738067627 0.12089025974273682
0 0.6240240335464478 0.5299434661865234 0.03848749399185181 0.031086087226867676
0 0.3865199089050293 0.5329040288925171 0.03651377558708191 0.02319115400314331
0 0.5628387928009033 0.5116865634918213 0.022697806358337402 0.014802873134613037
