0 0.46541234850883484 0.4877564311027527 0.016009747982025146 0.012089431285858154
0 0.3925507664680481 0.48750853538513184 0.011403709650039673 0.016776591539382935
0 0.4977060556411743 0.5023114681243896 0.019408196210861206 0.024671494960784912
0 0.5368515253067017 0.5146471858024597 0.03684276342391968 0.038980960845947266
0 0.40658605098724365 0.4963902533054352 0.014802902936935425 0.01776343584060669
0 0.23750415444374084 0.5062588453292847 0.020395100116729736 0.02072402834892273
0 0.3497595191001892 0.49342966079711914 0.016694337129592896 0.022821098566055298
0 0.12960752844810486 0.5200749039649963 0.048685066401958466 0.03700721263885498
0 0.16480551660060883 0.5131669044494629 0.033224254846572876 0.027632057666778564
0 0.4286259412765503 0.49096256494522095 0.02105298638343811 0.026151806116104126
0 0.10033070296049118 0.5185946226119995 0.0230267196893692 0.030592620372772217
0 0.3937568962574005 0.49096256494522095 0.003618478775024414 0.017763465642929077
0 0.3615194857120514 0.4924428164958954 0.011842310428619385 0.01776343584060669
0 0.11414673924446106 0.5215551853179932 0.018421374261379242 0.03700721263885498
0 0.06785640865564346 0.5233683586120605 0.07709097862243652 0.05444422364234924
0 0.20888522267341614 0.5077391862869263 0.04868505895137787 0.033059775829315186
0 0.39638853073120117 0.48948225378990173 0.01282915472984314 0.01924377679824829
0 0.44079717993736267 0.48948225378990173 0.00822383165359497 0.016776621341705322
0 0.48750853538513184 0.5284631848335266 0.05329039692878723 0.0636523962020874
0 0.261188805103302 0.500831127166748 0.02664521336555481 0.02220436930656433
0 0.42352575063705444 0.4808478057384491 0.017434507608413696 0.020721733570098877
0 0.2825707197189331 0.49639028310775757 0.017434507608413696 0.019243746995925903
0 0.26217564940452576 0.5077391266822815 0.028618931770324707 0.02615174651145935
0 0.4038447141647339 0.4934297204017639 0.01622834801673889 0.020724058151245117
0 0.4023096561431885 0.48158738017082214 0.009210675954818726 0.003947436809539795
0 0.423362672328949 0.5037916898727417 0.023026704788208008 0.030592650175094604
0 0.3702355921268463 0.4862755537033081 0.011842310428619385 0.010362416505813599
0 0.01669437065720558 0.5422792434692383 0.03338874131441116 0.056744396686553955
0 0.330268919467926 0.49688369035720825 0.01940825581550598 0.024671465158462524
0 0.3559272885322571 0.5585623979568481 0.08750152587890625 0.09128451347351074
0 0.4516526460647583 0.49639028310775757 0.022039860486984253 0.02911236882209778
0 0.6798142194747925 0.5079363584518433 0.04539579153060913 0.043717801570892334
0 0.3174397647380829 0.4993508458137512 0.021053016185760498 0.022204309701919556
0 0.36988434195518494 0.49286577105522156 0.009351670742034912 0.016776621341705322
0 0.47204774618148804 0.5077391266822815 0.02927681803703308 0.03700721263885498
0 0.21474094688892365 0.6242870092391968 0.20539811253547668 0.2237207293510437
