0 0.5496807098388672 0.5299434661865234 0.013487040996551514 0.01924377679824829
0 0.6355374455451965 0.5837273597717285 0.07039594650268555 0.10065966844558716
0 0.5700757503509521 0.5195814371109009 0.012829184532165527 0.01529628038406372
0 0.4631659984588623 0.542772650718689 0.015131831169128418 0.015296339988708496
0 0.45888960361480713 0.542772650718689 0.009210705757141113 0.008881688117980957
0 0.3016500174999237 0.6779724359512329 0.1766478419303894 0.18750327825546265
0 0.5046141147613525 0.5250091552734375 0.011184394359588623 0.01529628038406372
0 0.5592203140258789 0.5210617780685425 0.008552789688110352 0.012829124927520752
0 0.537838339805603 0.5210617780685425 0.015131831169128418 0.01529628038406372
0 0.3559272885322571 0.573365330696106 0.065461665391922 0.07154732942581177
0 0.5776417255401611 0.5477069616317749 0.033882200717926025 0.04835611581802368
0 0.4631659984588623 0.5348777770996094 0.027303099632263184 0.022697806358337402
0 0.8748420476913452 0.8338052034378052 0.2503158450126648 0.3323896527290344
0 0.6865252256393433 0.6266556978225708 0.13585764169692993 0.16431212425231934
0 0.2802680730819702 0.579779863357544 0.05855366587638855 0.03454011678695679
0 0.3263215124607086 0.573365330696106 0.060198426246643066 0.037007272243499756
0 0.4460604190826416 0.5501741170883179 0.022039860486984253 0.022697746753692627
0 0.9447534084320068 0.897827684879303 0.10888344049453735 0.20434463024139404
0 0.4342181086540222 0.5565886497497559 0.01875033974647522 0.020230591297149658
0 0.5625098347663879 0.5225419998168945 0.008552789688110352 0.011348903179168701
0 0.5631677508354187 0.542772650718689 0.004276394844055176 0.026645183563232422
0 0.5565887093544006 0.542772650718689 0.012829184532165527 0.016776561737060547
0 0.6628405451774597 0.5412923693656921 0.027961015701293945 0.012829184532165527
0 0.49277177453041077 0.5516543388366699 0.028947889804840088 0.033059775829315186
0 0.1190810352563858 0.6779723763465881 0.18355584144592285 0.1657923460006714
0 0.23783311247825623 0.5324106216430664 0.01611870527267456 0.01924377679824829
0 0.4246785044670105 0.573365330696106 0.038158565759658813 0.040954649448394775
0 0.4980350136756897 0.5348777770996094 0.01282915472984314 0.016776561737060547
0 0.46217912435531616 0.570898175239563 0.04572448134422302 0.04835611581802368
0 0.22006964683532715 0.6320834159851074 0.10098862648010254 0.12483769655227661
0 0.5013245344161987 0.5299434661865234 0.010197579860687256 0.010362029075622559
0 0.5019824504852295 0.5299434661865234 0.01282915472984314 0.016776621341705322
