0 0.3503350615501404 0.5067522525787354 0.010526508092880249 0.011348903179168701
0 0.32961103320121765 0.5037916898727417 0.010526478290557861 0.014309465885162354
0 0.23230662941932678 0.5477069020271301 0.05559307336807251 0.055362820625305176
0 0.1595422625541687 0.5649769902229309 0.07204072922468185 0.06710648536682129
0 0.38750678300857544 0.5067522525787354 0.007565915584564209 0.014309465885162354
0 0.39507269859313965 0.508232593536377 0.01611870527267456 0.01578974723815918
0 0.4136584997177124 0.5176076292991638 0.022697776556015015 0.024178028106689453
0 0.940632700920105 0.7204073667526245 0.11873459815979004 0.2901366353034973
0 0.42928382754325867 0.5097128748893738 0.013158142566680908 0.01578974723815918
0 0.6562614440917969 0.5634967088699341 0.07401448488235474 0.07401442527770996
