0 0.47369247674942017 0.3764868378639221 0.009210675954818726 0.01085546612739563
0 0.07944218069314957 0.5837273597717285 0.15888436138629913 0.147535502910614
0 0.5023114681243896 0.386355459690094 0.020395100116729736 0.015296310186386108
0 0.4838900566101074 0.3725394010543823 0.014802902936935425 0.01085546612739563
0 0.4904690980911255 0.4095466434955597 0.01282915472984314 0.010855436325073242
0 0.07269863784313202 0.43717870116233826 0.036842744797468185 0.05526411533355713
0 0.44704729318618774 0.4095466434955597 0.011842310428619385 0.008388280868530273
0 0.37994086742401123 0.45642244815826416 0.023026734590530396 0.036020368337631226
0 0.4858637750148773 0.537838339805603 0.15000265836715698 0.2620111405849457
0 0.46645551919937134 0.36957883834838867 0.013816028833389282 0.008388280868530273
0 0.46645551919937134 0.3957306146621704 0.01282915472984314 0.013816028833389282
0 0.5079036355018616 0.39869117736816406 0.01019752025604248 0.01085546612739563
0 0.45625799894332886 0.39326345920562744 0.01282915472984314 0.015296339988708496
0 0.48586374521255493 0.3809277415275574 0.010197550058364868 0.01085546612739563
0 0.6467218399047852 0.5600427389144897 0.08289623260498047 0.0976991057395935
1 0.165134459733963 0.4741859436035156 0.021710917353630066 0.06562617421150208
1 0.05230354517698288 0.4983639717102051 0.031250547617673874 0.059704989194869995
0 0.4690871834754944 0.3917831778526306 0.010197550058364868 0.010855436325073242
0 0.1766478270292282 0.5560952425003052 0.09013316035270691 0.10362023115158081
0 0.5631677508354187 0.46234363317489624 0.01019752025604248 0.04144808650016785
0 0.40099385380744934 0.45099472999572754 0.009210705757141113 0.027632057666778564
0 0.34951257705688477 0.44976145029067993 0.04868507385253906 0.05995175242424011
0 0.4536263644695282 0.39869117736816406 0.011842310428619385 0.012335747480392456
0 0.74968421459198 0.6429388523101807 0.2657940983772278 0.22352367639541626
1 0.607905387878418 0.4539552927017212 0.013158142566680908 0.05279698967933655
0 0.49507445096969604 0.4016517400741577 0.011842340230941772 0.013816028833389282
0 0.4940875768661499 0.39474374055862427 0.01118442416191101 0.01085546612739563
0 0.49310073256492615 0.3809277415275574 0.007236957550048828 0.008388310670852661
0 0.4782978296279907 0.39869117736816406 0.011842340230941772 0.012335747480392456
0 0.07269863784313202 0.47023850679397583 0.03388216719031334 0.05082324147224426
0 0.39638853073120117 0.45642244815826416 0.016447633504867554 0.0345400869846344
0 0.45066577196121216 0.4055992066860199 0.00822383165359497 0.010855436325073242
1 0.6865251660346985 0.5023114085197449 0.02368462085723877 0.0809224545955658
0 0.49507445096969604 0.38339486718177795 0.011842340230941772 0.010855436325073242
1 0.42152050137519836 0.4269351363182068 0.0030000805854797363 0.012769967317581177
0 0.7598817348480225 0.4884953796863556 0.0578957200050354 0.056744396686553955
0 0.4829031825065613 0.39326345920562744 0.009210705757141113 0.012335717678070068
0 0.37434864044189453 0.4608633518218994 0.007236987352371216 0.030592650175094604
0 0.40658605098724365 0.4455670118331909 0.007236987352371216 0.012335747480392456
0 0.45263952016830444 0.4016517400741577 0.010197550058364868 0.013816028833389282
0 0.46448183059692383 0.37944743037223816 0.007236987352371216 0.010855436325073242
0 0.4139874577522278 0.45370885729789734 0.01842150092124939 0.041447997093200684
1 0.9098843336105347 0.6064250469207764 0.05230355262756348 0.15246981382369995
