0 0.5776417255401611 0.4978705644607544 0.009539663791656494 0.03157949447631836
1 0.7242084741592407 0.4946901798248291 0.00858926773071289 0.03031793236732483
0 0.5398120880126953 0.4820808172225952 0.009539604187011719 0.023191183805465698
0 0.43125754594802856 0.4904691278934479 0.01842135190963745 0.024671494960784912
0 0.5447463989257812 0.486028254032135 0.006579101085662842 0.020230621099472046
0 0.377873033285141 0.5145062804222107 0.01842135190963745 0.04490211606025696
0 0.46836400032043457 0.4657976031303406 0.010526508092880249 0.011348873376846313
1 0.6329058408737183 0.5131668448448181 0.02171093225479126 0.06513270735740662
1 0.8003836870193481 0.5377150774002075 0.019120335578918457 0.08067581057548523
0 0.5062588453292847 0.47171878814697266 0.007565915584564209 0.009868592023849487
0 0.38125666975975037 0.503298282623291 0.04046124219894409 0.05329039692878723
0 0.554286003112793 0.48898881673812866 0.017434537410736084 0.02615177631378174
0 0.46382391452789307 0.47763991355895996 0.009539633989334106 0.011348873376846313
0 0.16348113119602203 0.7871776819229126 0.32696226239204407 0.42564457654953003
1 0.7312628030776978 0.5077389478683472 0.01348721981048584 0.055812448263168335
0 0.40033596754074097 0.500831127166748 0.01842138171195984 0.04342183470726013
0 0.47533726692199707 0.4820808172225952 0.017434537410736084 0.021710902452468872
0 0.5727074146270752 0.4919493794441223 0.022039830684661865 0.03157946467399597
1 0.26414936780929565 0.5131669044494629 0.015131831169128418 0.05625098943710327
1 0.8858708143234253 0.5639901161193848 0.027632057666778564 0.10806113481521606
0 0.49671921133995056 0.47023850679397583 0.0049343109130859375 0.00296059250831604
0 0.4969370365142822 0.480600506067276 0.013487100601196289 0.014309465885162354
1 0.27382129430770874 0.5085292458534241 0.017697542905807495 0.06069186329841614
1 0.165134459733963 0.5447463989257812 0.021710917353630066 0.08536332845687866
1 0.31941306591033936 0.4938684403896332 0.01118442416191101 0.020230591297149658
1 0.6566449403762817 0.5135785341262817 0.017708241939544678 0.05460658669471741
1 0.9542036056518555 0.5737244486808777 0.031430065631866455 0.12829172611236572
0 0.43125754594802856 0.48898881673812866 0.01842135190963745 0.027632087469100952
0 0.3515690267086029 0.5177309513092041 0.04440867900848389 0.05847117304801941
0 0.41086244583129883 0.5023114085197449 0.012500226497650146 0.03009924292564392
1 0.324939489364624 0.49061739444732666 0.008519679307937622 0.020329266786575317
1 0.7487242221832275 0.5067522525787354 0.017232239246368408 0.039169490337371826
0 0.4263232350349426 0.49342969059944153 0.013487070798873901 0.024671494960784912
1 0.744749903678894 0.5486941337585449 0.02861887216567993 0.08536332845687866
0 0.40882354974746704 0.503298282623291 0.006579071283340454 0.030099183320999146
1 0.6964409351348877 0.5189465880393982 0.014803469181060791 0.033130526542663574
0 0.5727074146270752 0.4963902533054352 0.012500226497650146 0.027632057666778564
0 0.32961320877075195 0.5294500589370728 0.06348860263824463 0.06143152713775635
0 0.4513236880302429 0.4820808172225952 0.007565915584564209 0.027632087469100952
1 0.25460970401763916 0.5111931562423706 0.014144986867904663 0.05871811509132385
0 0.5482003092765808 0.48343777656555176 0.007565975189208984 0.021710902452468872
0 0.423362672328949 0.49342966079711914 0.014473915100097656 0.02615174651145935
1 0.9240293502807617 0.5605361461639404 0.028618931770324707 0.10362023115158081
0 0.4369722902774811 0.4757898449897766 0.023026704788208008 0.04046124219894409
0 0.8992668390274048 0.8149315118789673 0.20146626234054565 0.37013697624206543
0 0.5957341194152832 0.4963902533054352 0.035526931285858154 0.046382367610931396
0 0.5687599182128906 0.4904690980911255 0.025000393390655518 0.03157949447631836
1 0.5954994559288025 0.5014652013778687 0.012500762939453125 0.040883928537368774
1 0.7010866403579712 0.49481138586997986 0.010614156723022461 0.023224174976348877
0 0.531259298324585 0.4845479726791382 0.018421411514282227 0.023191183805465698
1 0.022368812933564186 0.5541215538978577 0.02171090617775917 0.1001662015914917
1 0.011266644112765789 0.5541215538978577 0.022533288225531578 0.10263335704803467
1 0.3040982186794281 0.5011062622070312 0.011440455913543701 0.03750181198120117
0 0.47731098532676697 0.47171878814697266 0.007565915584564209 0.009868592023849487
1 0.28867918252944946 0.5048491358757019 0.014144986867904663 0.04588916897773743
0 0.44079720973968506 0.48750853538513184 0.006579071283340454 0.027632027864456177
0 0.542772650718689 0.48306766152381897 0.009539604187011719 0.023191213607788086
1 0.6949954032897949 0.5383317470550537 0.00822383165359497 0.015543162822723389
0 0.41184931993484497 0.49490997195243835 0.01842138171195984 0.030099213123321533
1 0.16551490128040314 0.5512841939926147 0.024260371923446655 0.09898161888122559
