0 0.27961015701293945 0.4899756908416748 0.09967279434204102 0.041448116302490234
0 0.6052737236022949 0.5753390192985535 0.1365155577659607 0.1426011323928833
0 0.3098738193511963 0.3651379644870758 0.03421112895011902 0.04835611581802368
0 0.09662997722625732 0.724848210811615 0.19325995445251465 0.35674965381622314
0 0.5092194080352783 0.46629106998443604 0.054277241230010986 0.06908014416694641
0 0.30822908878326416 0.4746793508529663 0.07829084992408752 0.04588896036148071
0 0.514811635017395 0.43175095319747925 0.04967188835144043 0.06513270735740662
0 0.5588913559913635 0.5338909029960632 0.08585679531097412 0.09967276453971863
0 0.4529685974121094 0.37698012590408325 0.050165385007858276 0.052056849002838135
0 0.26579412817955017 0.4899756610393524 0.05427725613117218 0.030592620372772217
0 0.684551477432251 0.6380046010017395 0.1927664875984192 0.2077338695526123
0 0.23881997168064117 0.531423807144165 0.17434516549110413 0.09819251298904419
0 0.3993490934371948 0.37204599380493164 0.0480271577835083 0.051316678524017334
