0 0.49704819917678833 0.5185946226119995 0.015131860971450806 0.01924377679824829
0 0.5276408195495605 0.5225419998168945 0.011184394359588623 0.008881747722625732
0 0.5223775506019592 0.5195814371109009 0.013487100601196289 0.01924377679824829
0 0.3730328381061554 0.5605361461639404 0.0365138053894043 0.043421804904937744
0 0.531212329864502 0.5431252121925354 0.024671494960784912 0.03954493999481201
0 0.36662018299102783 0.5745977163314819 0.025329411029815674 0.043421804904937744
0 0.4477052092552185 0.5235289335250854 0.010197550058364868 0.01381605863571167
0 0.5105352401733398 0.5195814371109009 0.01019752025604248 0.01529628038406372
1 0.41184931993484497 0.5319172143936157 0.010197550058364868 0.024671494960784912
0 0.5217196941375732 0.5299434661865234 0.01611870527267456 0.01924377679824829
0 0.5523123145103455 0.5644835233688354 0.05526411533355713 0.07746845483779907
0 0.3827356696128845 0.5496813654899597 0.03947484493255615 0.04218864440917969
0 0.3398085832595825 0.5837273597717285 0.04835611581802368 0.05871814489364624
0 0.31020277738571167 0.5837273597717285 0.04506656527519226 0.030592620372772217
0 0.5131669044494629 0.5210617780685425 0.008552730083465576 0.010361969470977783
1 0.40823084115982056 0.5398120880126953 0.006579071283340454 0.024671494960784912
0 0.5292855501174927 0.5506676435470581 0.014803051948547363 0.039375901222229004
0 0.5006662607192993 0.5299434661865234 0.016118735074996948 0.020723462104797363
0 0.6940857172012329 0.570155143737793 0.05049091577529907 0.06315726041793823
0 0.28882086277008057 0.6611957550048828 0.14177879691123962 0.14260119199752808
0 0.5105352401733398 0.5501741170883179 0.019408226013183594 0.024178028106689453
0 0.27796539664268494 0.5975433588027954 0.06611956655979156 0.03947436809539795
0 0.4379473328590393 0.5370118021965027 0.017216265201568604 0.02319025993347168
0 0.44277089834213257 0.533890962600708 0.011184394359588623 0.016776621341705322
0 0.461801677942276 0.5212726593017578 0.01174694299697876 0.009795844554901123
0 0.4460604190826416 0.5289566516876221 0.01282915472984314 0.020230591297149658
