1 0.4576115608215332 0.406399667263031 0.0055921971797943115 0.015974700450897217
0 0.23865240812301636 0.4302706718444824 0.0814175009727478 0.056004852056503296
0 0.07072491943836212 0.4110269248485565 0.016447655856609344 0.02911233901977539
0 0.8702367544174194 0.7406379580497742 0.25952649116516113 0.26201117038726807
0 0.48981013894081116 0.42760568857192993 0.1803998351097107 0.10776624083518982
0 0.27961015701293945 0.5269829034805298 0.16941086947917938 0.22056305408477783
0 0.6263636946678162 0.4540645480155945 0.10395002365112305 0.08892759680747986
0 0.13106350600719452 0.41751211881637573 0.08759569376707077 0.06527367234230042
0 0.07426116615533829 0.5215551853179932 0.14852233231067657 0.136680006980896
0 0.9302706718444824 0.8683452606201172 0.13945859670639038 0.2633094787597656
