0 0.5861944556236267 0.5417858362197876 0.06579065322875977 0.030099213123321533
0 0.02730310894548893 0.64244544506073 0.05460621789097786 0.11052823066711426
0 0.5023114085197449 0.5398120880126953 0.03717169165611267 0.031086087226867676
0 0.5496807098388672 0.5457332134246826 0.018092453479766846 0.02713865041732788
0 0.7690924406051636 0.7263284921646118 0.22237235307693481 0.21365505456924438
0 0.36645376682281494 0.5787930488586426 0.048685044050216675 0.05477064847946167
0 0.4789557456970215 0.5299434661865234 0.03190845251083374 0.016776621341705322
0 0.9192507266998291 0.6197476983070374 0.16149848699569702 0.17566096782684326
0 0.6473797559738159 0.5615229606628418 0.06447482109069824 0.05970495939254761
0 0.40263861417770386 0.5467200875282288 0.04736927151679993 0.021710872650146484
0 0.4050509035587311 0.5605357885360718 0.03454017639160156 0.04753398895263672
0 0.4542842507362366 0.5437594652175903 0.024671465158462524 0.025164902210235596
0 0.19506920874118805 0.5728718638420105 0.17763468623161316 0.09375166893005371
0 0.33191370964050293 0.5536280870437622 0.06973806023597717 0.03898090124130249
0 0.4769820272922516 0.5417858362197876 0.02927684783935547 0.030099213123321533
0 0.588168203830719 0.5496807098388672 0.05657994747161865 0.0310860276222229
0 0.5315881967544556 0.5447463989257812 0.0325663685798645 0.028125464916229248
0 0.34079545736312866 0.5348777770996094 0.017434507608413696 0.005921125411987305
