0 0.07248938828706741 0.47185343503952026 0.031788747757673264 0.02547895908355713
0 0.1901349127292633 0.679452657699585 0.1881611943244934 0.22006964683532715
1 0.8265771865844727 0.544869601726532 0.021957576274871826 0.05600404739379883
1 0.2763206362724304 0.508232593536377 0.008552759885787964 0.046875834465026855
0 0.09276477992534637 0.7980315685272217 0.18552955985069275 0.4039369225502014
1 0.20848335325717926 0.4719928205013275 0.01315811276435852 0.01935333013534546
0 0.26579412817955017 0.5728718638420105 0.03782959282398224 0.05970501899719238
1 0.2536228597164154 0.5037916898727417 0.012500226497650146 0.06118530035018921
1 0.24309635162353516 0.5023114085197449 0.016118690371513367 0.07105386257171631
1 0.7266574501991272 0.509712815284729 0.004605293273925781 0.014309465885162354
0 0.7456050515174866 0.558167576789856 0.05085599422454834 0.057632625102996826
1 0.714157223701477 0.5353711843490601 0.008552789688110352 0.04687577486038208
1 0.6712618470191956 0.5107983350753784 0.00677645206451416 0.0265464186668396
0 0.20634761452674866 0.4963197708129883 0.06845356523990631 0.03935685753822327
1 0.7483683824539185 0.5279697179794312 0.012500226497650146 0.0325663685798645
0 0.7638291120529175 0.5630033016204834 0.06842225790023804 0.060691893100738525
1 0.7911322712898254 0.5189470052719116 0.005028367042541504 0.011031627655029297
0 0.7286311388015747 0.5522615909576416 0.030111730098724365 0.052758872509002686
0 0.7546183466911316 0.5264893770217896 0.014803051948547363 0.020723819732666016
0 0.7809520363807678 0.5667428970336914 0.04191553592681885 0.04014962911605835
0 0.8174484968185425 0.5837273597717285 0.04440867900848389 0.0675998330116272
0 0.47451484203338623 0.5771893262863159 0.4070799648761749 0.677233099937439
0 0.7039597034454346 0.5329040288925171 0.07763296365737915 0.04144805669784546
0 0.10230441391468048 0.4840545058250427 0.08804985135793686 0.04342174530029297
0 0.7509999871253967 0.5176077485084534 0.019408226013183594 0.017763495445251465
1 0.1881611943244934 0.5324106216430664 0.03618483245372772 0.08536335825920105
0 0.8824337720870972 0.5969477891921997 0.11647206544876099 0.11313152313232422
0 0.013465862721204758 0.4721485674381256 0.026931725442409515 0.04230767488479614
0 0.7914612293243408 0.5671700239181519 0.06988424062728882 0.07746845483779907
0 0.6947489976882935 0.6212279796600342 0.056250929832458496 0.17171353101730347
0 0.9508302211761475 0.6281360387802124 0.0983394980430603 0.15098947286605835
1 0.6753407716751099 0.5111931562423706 0.006579041481018066 0.025658369064331055
