0 0.5355356931686401 0.5146471261978149 0.009210705757141113 0.01924377679824829
0 0.5069167613983154 0.5092194080352783 0.004605293273925781 0.012335717678070068
2 0.2786232829093933 0.5358646512031555 0.03618481755256653 0.07549476623535156
0 0.437836617231369 0.5116865634918213 0.03223741054534912 0.04835611581802368
0 0.45118263363838196 0.49921032786369324 0.01024472713470459 0.014521539211273193
0 0.6683414578437805 0.538826584815979 0.07152462005615234 0.06076329946517944
0 0.5495162606239319 0.505888819694519 0.021546483039855957 0.03922766447067261
0 0.5141537189483643 0.5062588453292847 0.012829184532165527 0.024671494960784912
0 0.47369247674942017 0.5116865634918213 0.014802902936935425 0.023684591054916382
0 0.38717782497406006 0.500831127166748 0.035855889320373535 0.03700721263885498
1 0.7661332488059998 0.5351247787475586 0.016941428184509277 0.06143230199813843
1 0.6279720067977905 0.505518913269043 0.00756603479385376 0.012335747480392456
1 0.15625274181365967 0.512179970741272 0.008223816752433777 0.012335717678070068
1 0.23717519640922546 0.512179970741272 0.01414497196674347 0.020230591297149658
0 0.49869292974472046 0.5062588453292847 0.009210675954818726 0.015296310186386108
0 0.17763468623161316 0.5447463989257812 0.1019754707813263 0.0577312707901001
0 0.534548819065094 0.5023114681243896 0.025658369064331055 0.04292839765548706
0 0.488495409488678 0.5161274671554565 0.022039860486984253 0.027632057666778564
1 0.697708785533905 0.5200749039649963 0.013706326484680176 0.03865242004394531
1 0.6315895318984985 0.524638831615448 0.00822383165359497 0.03318297863006592
1 0.6621826887130737 0.5042851567268372 0.006907999515533447 0.010362029075622559
0 0.4904690980911255 0.500831127166748 0.0055921971797943115 0.003947466611862183
1 0.5893747806549072 0.5138252377510071 0.00822383165359497 0.028125494718551636
1 0.3325716257095337 0.5279697179794312 0.005921155214309692 0.03503352403640747
1 0.7213941812515259 0.5393186211585999 0.015131831169128418 0.0809224545955658
0 0.45987647771835327 0.5146471261978149 0.014802902936935425 0.016776621341705322
1 0.7148151397705078 0.5412923097610474 0.01644766330718994 0.07204073667526245
0 0.4782978296279907 0.500831127166748 0.010197550058364868 0.006908029317855835
0 0.9954034090042114 0.5161274671554565 0.009193181991577148 0.027632057666778564
0 0.46448183059692383 0.5023114085197449 0.009210675954818726 0.009868592023849487
0 0.5049430131912231 0.5077391862869263 0.005592167377471924 0.006907999515533447
0 0.5473780035972595 0.5185946226119995 0.007236957550048828 0.022204339504241943
0 0.5592203140258789 0.5146471858024597 0.02203989028930664 0.0345400869846344
0 0.5463911294937134 0.5131669044494629 0.011842310428619385 0.026151716709136963
0 0.40296757221221924 0.5299434661865234 0.08815944194793701 0.06365245580673218
1 0.6177740097045898 0.5042850971221924 0.004605352878570557 0.012335717678070068
0 0.5207327604293823 0.5131669044494629 0.005592167377471924 0.016776621341705322
