1 0.13487078249454498 0.4781333804130554 0.014144986867904663 0.04144808650016785
0 0.5355356931686401 0.45247501134872437 0.026645183563232422 0.03305980563163757
0 0.5822470188140869 0.4495144486427307 0.02401357889175415 0.02615177631378174
1 0.11217302083969116 0.4781333804130554 0.010526500642299652 0.03404664993286133
0 0.5750100612640381 0.5062588453292847 0.03848755359649658 0.05575758218765259
1 0.47961366176605225 0.4712253510951996 0.013158142566680908 0.03700721263885498
0 0.5970499515533447 0.44704729318618774 0.016447603702545166 0.02368462085723877
0 0.6273136138916016 0.4495144486427307 0.007236957550048828 0.010855436325073242
0 0.5565886497497559 0.44704729318618774 0.017434537410736084 0.017763465642929077
0 0.4921138882637024 0.5077391266822815 0.05329039692878723 0.05526408553123474
0 0.5592203140258789 0.46234363317489624 0.025658369064331055 0.027632087469100952
0 0.519745945930481 0.46234363317489624 0.027632057666778564 0.02911236882209778
1 0.31612396240234375 0.48701509833335876 0.01315811276435852 0.04391521215438843
0 0.6036289930343628 0.44260644912719727 0.01644766330718994 0.024671465158462524
0 0.6457350254058838 0.5116865634918213 0.061514198780059814 0.0828961730003357
0 0.6154713034629822 0.4416195750236511 0.012829184532165527 0.017763465642929077
1 0.15658168494701385 0.4766530990600586 0.011513352394104004 0.022697776556015015
0 0.5611940622329712 0.5240223407745361 0.059869468212127686 0.06908014416694641
0 0.5769838094711304 0.4554356038570404 0.020395100116729736 0.024671494960784912
0 0.6200766563415527 0.44260644912719727 0.007236957550048828 0.016776591539382935
0 0.56843101978302 0.43323126435279846 0.01578974723815918 0.01924377679824829
