0 0.6667879819869995 0.538825273513794 0.01809239387512207 0.011842310428619385
0 0.8457385301589966 0.5398120880126953 0.0325663685798645 0.013815999031066895
0 0.8210669755935669 0.5398120880126953 0.025329411029815674 0.01578974723815918
0 0.6838935613632202 0.5388252139091492 0.009210705757141113 0.005921125411987305
0 0.6572483777999878 0.5477069616317749 0.03190845251083374 0.011842310428619385
0 0.8003429174423218 0.5388252139091492 0.01611870527267456 0.013815999031066895
1 0.6368532180786133 0.572378396987915 0.010855495929718018 0.03799408674240112
0 0.5796153545379639 0.5486937761306763 0.03125053644180298 0.014802873134613037
0 0.6292873620986938 0.5467200875282288 0.05460625886917114 0.01578974723815918
0 0.941463828086853 0.5398120880126953 0.027961015701293945 0.011842310428619385
0 0.9315952062606812 0.6148133873939514 0.08914631605148315 0.09079110622406006
