0 0.8967262506484985 0.3942503333091736 0.16316074132919312 0.10658082365989685
0 0.7213941812515259 0.38882261514663696 0.020395100116729736 0.03305980563163757
0 0.7250126600265503 0.3557628095149994 0.009210646152496338 0.01924377679824829
0 0.7213941812515259 0.4164546728134155 0.012829184532165527 0.03996780514717102
0 0.6697485446929932 0.4287903904914856 0.1154625415802002 0.1578974723815918
0 0.7148151397705078 0.41793495416641235 0.02039504051208496 0.07450789213180542
0 0.7102097868919373 0.35280221700668335 0.01644766330718994 0.019243746995925903
0 0.5921156406402588 0.3942503333091736 0.01644766330718994 0.0345400869846344
0 0.7250126600265503 0.3789539933204651 0.011842310428619385 0.013816028833389282
0 0.8792917132377625 0.5269829034805298 0.23881995677947998 0.17023324966430664
0 0.7240258455276489 0.37352627515792847 0.012829184532165527 0.009868592023849487
