0 0.634221613407135 0.6044514179229736 0.08585679531097412 0.09276479482650757
0 0.5648125410079956 0.5329040288925171 0.014473974704742432 0.008881747722625732
0 0.6740249395370483 0.5269829034805298 0.009868621826171875 0.014802932739257812
0 0.7450788021087646 0.5250092148780823 0.012500226497650146 0.01578974723815918
0 0.7585659027099609 0.5215551853179932 0.013158082962036133 0.020724058151245117
0 0.7059334516525269 0.5250091552734375 0.013158142566680908 0.02171093225479126
0 0.6049448251724243 0.5329040288925171 0.008552730083465576 0.008881747722625732
0 0.6592220664024353 0.5250091552734375 0.009868621826171875 0.018750369548797607
0 0.9187660813331604 0.5368515253067017 0.0253293514251709 0.011842310428619385
0 0.7352102398872375 0.5250091552734375 0.008552789688110352 0.014802873134613037
0 0.7184336185455322 0.5240223407745361 0.010526537895202637 0.020724058151245117
0 0.5766546130180359 0.530436635017395 0.00789487361907959 0.00592118501663208
0 0.7046176195144653 0.5195814371109009 0.008552730083465576 0.012829124927520752
