0 0.6232064962387085 0.5595492720603943 0.015625178813934326 0.01430964469909668
0 0.5743521451950073 0.5664572715759277 0.009210705757141113 0.016776621341705322
0 0.97205650806427 0.5664572715759277 0.04473763704299927 0.031086087226867676
1 0.5233644247055054 0.6922818422317505 0.06283006072044373 0.19885218143463135
0 0.9046211242675781 0.5886616110801697 0.07664602994918823 0.06908011436462402
1 0.4309285879135132 0.7164598703384399 0.03519797325134277 0.1401340365409851
0 0.5996814966201782 0.5718849897384644 0.01611870527267456 0.030592620372772217
0 0.6710643768310547 0.5610295534133911 0.02039504051208496 0.020724058151245117
0 0.9779689311981201 0.5812602043151855 0.04406219720840454 0.025164902210235596
0 0.9246872663497925 0.5634967088699341 0.05723780393600464 0.049342989921569824
