0 0.3036237359046936 0.7805147767066956 0.5000087022781372 0.4389704465866089
0 0.9381743669509888 0.5284632444381714 0.011842310428619385 0.033059775829315186
0 0.9619324207305908 0.5630033016204834 0.07613515853881836 0.14506834745407104
0 0.7868558764457703 0.5353711843490601 0.03519797325134277 0.051316678524017334
0 0.7996850609779358 0.5299434661865234 0.026645183563232422 0.046875834465026855
0 0.727973222732544 0.6005039215087891 0.07927769422531128 0.08733701705932617
0 0.7398155927658081 0.5782996416091919 0.06381690502166748 0.07204073667526245
0 0.9289636015892029 0.5200749039649963 0.019408226013183594 0.03602039813995361
0 0.7658028602600098 0.5644835233688354 0.049671947956085205 0.0690801739692688
0 0.6108659505844116 0.6197476983070374 0.17895054817199707 0.15493690967559814
0 0.9095553755760193 0.5077391862869263 0.03782963752746582 0.04292839765548706
0 0.8108694553375244 0.5284631848335266 0.003618478775024414 0.013815999031066895
0 0.7832373976707458 0.5452398061752319 0.03782963752746582 0.05526411533355713
