0 0.5204038619995117 0.8107547760009766 0.35397687554359436 0.3784903883934021
1 0.3401375412940979 0.5718849897384644 0.010526508092880249 0.04835611581802368
0 0.5289566516876221 0.5309303402900696 0.01151341199874878 0.01727008819580078
0 0.5013245344161987 0.5240223407745361 0.010197609663009644 0.01036226749420166
0 0.09506745636463165 0.5679375529289246 0.01809241622686386 0.0212174654006958
1 0.7289601564407349 0.542772650718689 0.011184394359588623 0.04638242721557617
0 0.5036272406578064 0.5269829034805298 0.007236957550048828 0.008388280868530273
1 0.8431068658828735 0.5166208744049072 0.005921125411987305 0.031050801277160645
0 0.5404700040817261 0.5353711843490601 0.01611870527267456 0.021217525005340576
1 0.7431051135063171 0.6700775623321533 0.06085634231567383 0.1766478419303894
0 0.62599778175354 0.5407989621162415 0.027632057666778564 0.028618931770324707
1 0.3348742723464966 0.5630033016204834 0.01578974723815918 0.04835611581802368
1 0.7658028602600098 0.540305495262146 0.010526478290557861 0.026642143726348877
1 0.42566534876823425 0.6044514179229736 0.021053016185760498 0.07993561029434204
1 0.9181081652641296 0.6350439786911011 0.04276394844055176 0.1115151047706604
1 0.9911270141601562 0.6212279796600342 0.0177459716796875 0.13273262977600098
1 0.5556710362434387 0.5825759768486023 0.026470541954040527 0.08422422409057617
1 0.929404079914093 0.553806483745575 0.01578974723815918 0.06034529209136963
1 0.372374951839447 0.5620378255844116 0.017191320657730103 0.06564760208129883
0 0.5279697775840759 0.5166208744049072 0.01414501667022705 0.021587371826171875
0 0.17237144708633423 0.5560952425003052 0.018421366810798645 0.022204339504241943
1 0.8069220185279846 0.5190880298614502 0.010526537895202637 0.03256630897521973
0 0.15329214930534363 0.5605361461639404 0.025987297296524048 0.02368462085723877
1 0.9127093553543091 0.5502030849456787 0.02171093225479126 0.07061856985092163
1 0.9704108834266663 0.5815064311027527 0.024835824966430664 0.10361969470977783
1 0.7125124931335449 0.6607023477554321 0.07269865274429321 0.19046390056610107
0 0.3733617961406708 0.5363580584526062 0.023026704788208008 0.020724058151245117
1 0.36065220832824707 0.540305495262146 0.010526508092880249 0.01578974723815918
0 0.4730345904827118 0.5225420594215393 0.021053016185760498 0.031086087226867676
0 0.5048490762710571 0.5264894962310791 0.007565915584564209 0.011348903179168701
1 0.3500061333179474 0.5645956993103027 0.019408226013183594 0.06452709436416626
1 0.6715264320373535 0.5245157480239868 0.010526537895202637 0.01746964454650879
0 0.534548819065094 0.5210617780685425 0.009539604187011719 0.007500112056732178
1 0.7972179651260376 0.5432660579681396 0.01069098711013794 0.04921966791152954
0 0.49474549293518066 0.5422792434692383 0.021710872650146484 0.02417808771133423
1 0.1202336847782135 0.6014907956123352 0.020394086837768555 0.0796884298324585
0 0.522377610206604 0.5294500589370728 0.007565915584564209 0.014309465885162354
1 0.9710695743560791 0.6444191932678223 0.04769819974899292 0.09917932748794556
1 0.6697485446929932 0.5274763107299805 0.00592118501663208 0.022697746753692627
0 0.3095448911190033 0.5422792434692383 0.015131831169128418 0.017270028591156006
1 0.3829014301300049 0.5560952425003052 0.010526508092880249 0.03157949447631836
0 0.45954692363739014 0.5385780334472656 0.022697776556015015 0.0212174654006958
1 0.13942916691303253 0.6236951351165771 0.029276825487613678 0.15296322107315063
0 0.040461234748363495 0.5728718638420105 0.030592642724514008 0.02911233901977539
1 0.39825040102005005 0.6325781345367432 0.03969389200210571 0.11809700727462769
0 0.29342618584632874 0.5442528128623962 0.02203977108001709 0.0212174654006958
0 0.46513962745666504 0.5422792434692383 0.01973739266395569 0.026151955127716064
1 0.4601370394229889 0.6041556000709534 0.025263845920562744 0.05615270137786865
1 0.22434604167938232 0.6306031346321106 0.036842748522758484 0.17664778232574463
0 0.5138247609138489 0.5245154500007629 0.008552789688110352 0.01208949089050293
1 0.9159339666366577 0.6325770020484924 0.025921523571014404 0.12414753437042236
1 0.2536228597164154 0.6518206000328064 0.06085634231567383 0.19934558868408203
0 0.49277177453041077 0.5250091552734375 0.012610018253326416 0.011348903179168701
1 0.548609733581543 0.5846067667007446 0.02565819025039673 0.0811583399772644
1 0.4789557456970215 0.5886616706848145 0.03223741054534912 0.07993561029434204
1 0.36053261160850525 0.5597142577171326 0.011842310428619385 0.05411386489868164
0 0.5106997489929199 0.5324846506118774 0.01523047685623169 0.017158985137939453
0 0.10987034440040588 0.565963864326477 0.014802888035774231 0.01924377679824829
0 0.878131628036499 0.8397263288497925 0.24373674392700195 0.32054734230041504
0 0.49869292974472046 0.5393186807632446 0.015624970197677612 0.023437440395355225
1 0.06480376422405243 0.6128396987915039 0.04309285804629326 0.11003482341766357
1 0.7348812818527222 0.5412923693656921 0.010526537895202637 0.04638242721557617
0 0.4595475196838379 0.5279697775840759 0.009539633989334106 0.008388280868530273
0 0.48158738017082214 0.5368515253067017 0.01611870527267456 0.019737184047698975
0 0.27763643860816956 0.5477069616317749 0.02138197422027588 0.019243717193603516
1 0.36677902936935425 0.669090211391449 0.04276391863822937 0.14812743663787842
