0 0.5161274671554565 0.47171878814697266 0.0026316046714782715 0.008388310670852661
1 0.9700827598571777 0.5618749260902405 0.022368788719177246 0.09297609329223633
1 0.08947668969631195 0.5072463750839233 0.022368811070919037 0.05575758218765259
1 0.41217827796936035 0.49112701416015625 0.0061404407024383545 0.022697776556015015
1 0.762579083442688 0.507245659828186 0.016842424869537354 0.07194206118583679
1 0.21974068880081177 0.525502622127533 0.015131846070289612 0.08240273594856262
1 0.4388234615325928 0.49293631315231323 0.007894903421401978 0.022204428911209106
1 0.08750240504741669 0.4839556813240051 0.03717169910669327 0.03463903069496155
0 0.5898129940032959 0.4978705644607544 0.020395100116729736 0.048356086015701294
1 0.21908488869667053 0.4669828712940216 0.010526493191719055 0.025857388973236084
1 0.9868593811988831 0.4944165349006653 0.008552789688110352 0.014802902936935425
1 0.48323214054107666 0.47566622495651245 0.010526478290557861 0.014802902936935425
0 0.2911190092563629 0.6049515604972839 0.15210698544979095 0.15530860424041748
1 0.28191280364990234 0.4845479726791382 0.009868592023849487 0.036513835191726685
0 0.49310076236724854 0.5590825080871582 0.10620740056037903 0.05261021852493286
1 0.2616930603981018 0.5087260007858276 0.016075044870376587 0.044573307037353516
1 0.9376103281974792 0.5599721670150757 0.014990806579589844 0.09727615118026733
0 0.48308271169662476 0.47391724586486816 0.015430659055709839 0.02103915810585022
1 0.5638256072998047 0.48750853538513184 0.005263268947601318 0.00789487361907959
1 0.22941875457763672 0.5292026996612549 0.026096880435943604 0.09366816282272339
0 0.511522114276886 0.47566622495651245 0.007236957550048828 0.009868592023849487
1 0.09013316035270691 0.47763994336128235 0.01381603628396988 0.020724058151245117
0 0.8648090362548828 0.787513792514801 0.27038198709487915 0.3518153429031372
0 0.5013245344161987 0.47023850679397583 0.02401357889175415 0.013816028833389282
0 0.6219407320022583 0.5023114085197449 0.04425787925720215 0.0473075807094574
0 0.45987647771835327 0.4771465063095093 0.033224254846572876 0.04983639717102051
1 0.9279767274856567 0.5570821166038513 0.020395100116729736 0.09227132797241211
0 0.22579234838485718 0.49668607115745544 0.1111195832490921 0.05802708864212036
1 0.2133411467075348 0.525502622127533 0.015849635004997253 0.08356904983520508
1 0.19243758916854858 0.500831127166748 0.010526493191719055 0.046875834465026855
1 0.20651449263095856 0.5245157480239868 0.016765296459197998 0.07794496417045593
1 0.2171090543270111 0.5245157480239868 0.024342522025108337 0.10312682390213013
1 0.2019772231578827 0.5097128748893738 0.019079282879829407 0.07056045532226562
1 0.6384980082511902 0.5097128748893738 0.026316285133361816 0.046875834465026855
0 0.49310076236724854 0.5353711843490601 0.08044400811195374 0.03652876615524292
1 0.9167923927307129 0.5491872429847717 0.02631622552871704 0.06858670711517334
0 0.45066577196121216 0.7226277589797974 0.2604486644268036 0.3620539903640747
1 0.44342881441116333 0.48750853538513184 0.005263268947601318 0.014802873134613037
0 0.6078619360923767 0.4948540925979614 0.03782963752746582 0.04983639717102051
1 0.3549404740333557 0.49096256494522095 0.012829095125198364 0.04736921191215515
0 0.5539571046829224 0.49257993698120117 0.020547449588775635 0.02494564652442932
1 0.29112356901168823 0.5028048753738403 0.022368818521499634 0.055264055728912354
1 0.2648072838783264 0.48750853538513184 0.005921155214309692 0.022697746753692627
0 0.8592255711555481 0.590635359287262 0.1463841199874878 0.10460710525512695
1 0.031250543892383575 0.48750853538513184 0.023684624582529068 0.07056045532226562
1 0.8273171186447144 0.5176077485084534 0.022368788719177246 0.04884955286979675
0 0.534548819065094 0.490653932094574 0.012129664421081543 0.012335747480392456
1 0.816132664680481 0.5097128748893738 0.021053016185760498 0.053783804178237915
0 0.5301902294158936 0.4859049320220947 0.012089014053344727 0.015913158655166626
1 0.6533008813858032 0.5491872429847717 0.029276788234710693 0.09227132797241211
1 0.4269811511039734 0.49145597219467163 0.008552789688110352 0.028618931770324707
1 0.20789837837219238 0.5156669616699219 0.010211870074272156 0.07563558220863342
1 0.7069202661514282 0.4954034090042114 0.01907932758331299 0.053783804178237915
0 0.542772650718689 0.4924428462982178 0.007236957550048828 0.019243746995925903
0 0.5279697775840759 0.47023850679397583 0.028618931770324707 0.017763465642929077
0 0.6088922023773193 0.5699112415313721 0.09057170152664185 0.10279780626296997
1 0.7809346914291382 0.5037916898727417 0.019737184047698975 0.07154732942581177
0 0.5013245344161987 0.46629106998443604 0.03125053644180298 0.018080681562423706
0 0.4906209111213684 0.4754384756088257 0.004605323076248169 0.009868592023849487
0 0.12770673632621765 0.6928852200508118 0.2554134726524353 0.38438141345977783
1 0.23684625327587128 0.5097128748893738 0.022368818521499634 0.07056045532226562
1 0.9470560550689697 0.5590558052062988 0.022368788719177246 0.09819251298904419
0 0.5279697179794312 0.4801070988178253 0.010087668895721436 0.011842072010040283
0 0.49101707339286804 0.5067523121833801 0.1064712405204773 0.05526411533355713
0 0.5003377199172974 0.4782567322254181 0.00822383165359497 0.0106087327003479
