0 0.301357626914978 0.548803448677063 0.02978852391242981 0.028015851974487305
0 0.5330685377120972 0.5346310138702393 0.014309465885162354 0.02368462085723877
0 0.349677175283432 0.5447463989257812 0.05888259410858154 0.03996783494949341
1 0.2978341579437256 0.5341869592666626 0.008552789688110352 0.011348843574523926
0 0.07829084247350693 0.6153068542480469 0.14079193770885468 0.09227138757705688
1 0.3671116828918457 0.5220487117767334 0.0026316046714782715 0.008881747722625732
0 0.40855979919433594 0.5269829034805298 0.01940825581550598 0.008388280868530273
0 0.32763731479644775 0.5407989025115967 0.044079720973968506 0.030592620372772217
0 0.3727039098739624 0.537838339805603 0.014802902936935425 0.01776343584060669
0 0.3937568962574005 0.5353711843490601 0.03684276342391968 0.027632057666778564
0 0.5453604459762573 0.5283645391464233 0.016272246837615967 0.023684680461883545
1 0.08585676550865173 0.5630033016204834 0.018750324845314026 0.030592620372772217
0 0.9922783374786377 0.6024776697158813 0.01544332504272461 0.04276388883590698
1 0.27204424142837524 0.533890962600708 0.005921155214309692 0.008881747722625732
0 0.2611887753009796 0.5669506788253784 0.028618916869163513 0.033059775829315186
0 0.5868523716926575 0.5477069616317749 0.1075676679611206 0.11743628978729248
0 0.4204021096229553 0.5447463989257812 0.03388217091560364 0.04144805669784546
0 0.14539727568626404 0.5669506788253784 0.02763207256793976 0.012335717678070068
0 0.5049430727958679 0.5215551853179932 0.013816028833389282 0.015296339988708496
0 0.3174397647380829 0.5477069616317749 0.05065876245498657 0.02368462085723877
0 0.5299434661865234 0.5284631848335266 0.022039830684661865 0.03157949447631836
0 0.48750853538513184 0.5230355262756348 0.019408226013183594 0.022204339504241943
1 0.25460970401763916 0.5294500589370728 0.005921155214309692 0.011348903179168701
0 0.6174449920654297 0.572378396987915 0.09967279434204102 0.1174362301826477
0 0.17401620745658875 0.6236951351165771 0.18585850298404694 0.1559237837791443
0 0.5079035758972168 0.5916222333908081 0.0828961730003357 0.0976991057395935
0 0.25658345222473145 0.5560952425003052 0.06908014416694641 0.041448116302490234
0 0.338492751121521 0.6236951351165771 0.1884901374578476 0.136680006980896
0 0.4552711248397827 0.5208150148391724 0.014802873134613037 0.01776343584060669
0 0.3727039098739624 0.5471755862236023 0.010197550058364868 0.020724058151245117
0 0.5079035758972168 0.525502622127533 0.014802873134613037 0.020724058151245117
