0 0.32401883602142334 0.5309303402900696 0.033224254846572876 0.02516496181488037
0 0.1671081781387329 0.542772650718689 0.07861979305744171 0.08289623260498047
0 0.0710538774728775 0.5926090478897095 0.09112001210451126 0.08585679531097412
0 0.4769820272922516 0.5195814371109009 0.03454005718231201 0.04292839765548706
0 0.49507445096969604 0.5279697775840759 0.005263268947601318 0.017763495445251465
0 0.02154642902314663 0.6014907360076904 0.04309285804629326 0.10855454206466675
0 0.4618501663208008 0.5215551853179932 0.006579071283340454 0.031086087226867676
0 0.2746758460998535 0.5329040288925171 0.06184318661689758 0.06167870759963989
0 0.6980385184288025 0.5477069616317749 0.3148081302642822 0.46185019612312317
0 0.4052702486515045 0.5106997489929199 0.010526478290557861 0.00789487361907959
