1 0.97205650806427 0.6103725433349609 0.03980332612991333 0.1998390555381775
1 0.9852057695388794 0.6434323191642761 0.029588401317596436 0.25038039684295654
0 0.7868558764457703 0.5135369300842285 0.00945734977722168 0.021094024181365967
1 0.7626271843910217 0.6103725433349609 0.036463141441345215 0.21240252256393433
1 0.768843412399292 0.6317136287689209 0.040621817111968994 0.20995283126831055
1 0.8500142097473145 0.6153067946434021 0.039146244525909424 0.2030479907989502
0 0.9348062872886658 0.607557475566864 0.08517932891845703 0.10553526878356934
0 0.3937568664550781 0.4993508458137512 0.01842138171195984 0.020724058151245117
0 0.36448007822036743 0.49688369035720825 0.016447633504867554 0.02220436930656433
0 0.3757002353668213 0.5051625370979309 0.02503722906112671 0.027138948440551758
0 0.952977180480957 0.5023114085197449 0.059869468212127686 0.03454005718231201
0 0.14901576936244965 0.5047785639762878 0.02401357889175415 0.013815999031066895
0 0.34869030117988586 0.5106997489929199 0.03223741054534912 0.0345400869846344
1 0.8588966131210327 0.49688369035720825 0.002631664276123047 0.003947436809539795
0 0.3302020728588104 0.5074434280395508 0.019211113452911377 0.02526378631591797
1 0.8029745817184448 0.6241885423660278 0.061185240745544434 0.2077338695526123
0 0.26664772629737854 0.5180028676986694 0.0425998717546463 0.04539608955383301
0 0.1365155428647995 0.5713915824890137 0.142107754945755 0.12582457065582275
1 0.9500166177749634 0.5990236401557922 0.03157949447631836 0.17566096782684326
0 0.9309373497962952 0.5768193006515503 0.1328970193862915 0.12434428930282593
1 0.86481773853302 0.5516543984413147 0.011842310428619385 0.05970501899719238
0 0.9813406467437744 0.5106997489929199 0.03731870651245117 0.01924377679824829
0 0.998795747756958 0.485658198595047 0.0024085640907287598 0.022204339504241943
0 0.7822505235671997 0.5023114085197449 0.018421411514282227 0.02072402834892273
0 0.38355889916419983 0.4917380213737488 0.013534128665924072 0.012970298528671265
0 0.2618466913700104 0.4954034090042114 0.017434537410736084 0.005427718162536621
0 0.900344729423523 0.5106997489929199 0.07829087972640991 0.03602033853530884
0 0.3929341435432434 0.488495409488678 0.008224010467529297 0.0076483190059661865
0 0.1671081781387329 0.5131669044494629 0.036842748522758484 0.03157952427864075
0 0.8681073188781738 0.5064233541488647 0.025110065937042236 0.016886264085769653
0 0.0865146741271019 0.5462266802787781 0.11052824556827545 0.10608735680580139
0 0.9796223640441895 0.6404716968536377 0.004605352878570557 0.01529628038406372
0 0.40888887643814087 0.4643171429634094 0.004605323076248169 0.006907999515533447
0 0.19474025070667267 0.5077391862869263 0.03519797325134277 0.03750067949295044
1 0.9506745338439941 0.5990236401557922 0.03322422504425049 0.18602299690246582
0 0.41048648953437805 0.46333047747612 0.0026316046714782715 0.005427718162536621
0 0.4095466434955597 0.48306769132614136 0.009210705757141113 0.03996780514717102
1 0.7526447772979736 0.6241885423660278 0.01940828561782837 0.1884901523590088
0 0.578124463558197 0.5445475578308105 0.3421112298965454 0.5338909029960632
1 0.924028754234314 0.5758324861526489 0.06085580587387085 0.11928600072860718
1 0.8470534086227417 0.6320834159851074 0.05690890550613403 0.2259918451309204
0 0.22752586007118225 0.5085617303848267 0.029130667448043823 0.029277145862579346
0 0.24539902806282043 0.5037916898727417 0.01743452250957489 0.01924377679824829
