1 0.5667862296104431 0.5467200875282288 0.01019752025604248 0.03207290172576904
0 0.5210617780685425 0.5198279619216919 0.007565915584564209 0.010362029075622559
0 0.13322602212429047 0.7144861817359924 0.26480725407600403 0.2945774793624878
0 0.4994297921657562 0.5210617780685425 0.007565915584564209 0.006493508815765381
0 0.5052719116210938 0.5255024433135986 0.00822383165359497 0.006414532661437988
0 0.4631659984588623 0.5269829034805298 0.0049343109130859375 0.006414532661437988
2 0.5319172143936157 0.5279697775840759 0.003289520740509033 0.013322591781616211
0 0.4503368139266968 0.5304368734359741 0.00493428111076355 0.006414592266082764
0 0.4904690980911255 0.5250091552734375 0.007236987352371216 0.00592118501663208
0 0.5457332134246826 0.5269829034805298 0.017105579376220703 0.012335777282714844
0 0.4207310676574707 0.536358118057251 0.022039860486984253 0.027632057666778564
0 0.49474549293518066 0.5306833982467651 0.011513352394104004 0.013322651386260986
0 0.6677747964859009 0.5570821166038513 0.10427814722061157 0.0577312707901001
0 0.5098772644996643 0.544252872467041 0.025329381227493286 0.026645243167877197
0 0.5194169282913208 0.5279697179794312 0.00822383165359497 0.011348903179168701
0 0.49474549293518066 0.5343843698501587 0.012500256299972534 0.013322591781616211
0 0.4814227819442749 0.5329039096832275 0.01842138171195984 0.024671494960784912
0 0.5079035758972168 0.5333974361419678 0.012500226497650146 0.006414592266082764
0 0.5299434661865234 0.5259960889816284 0.009539663791656494 0.006414592266082764
0 0.5092194080352783 0.5259960293769836 0.006907999515533447 0.007401466369628906
