0 0.9608633518218994 0.8299487233161926 0.07827335596084595 0.2861891984939575
0 0.5917866826057434 0.5289566516876221 0.033553242683410645 0.02861887216567993
0 0.5585623979568481 0.5259960889816284 0.007346689701080322 0.012335717678070068
0 0.571720540523529 0.531423807144165 0.006250143051147461 0.007401406764984131
0 0.2904656231403351 0.5353711843490601 0.02401357889175415 0.018750369548797607
0 0.5761626958847046 0.5282180905342102 0.004770874977111816 0.014310836791992188
0 0.5332330465316772 0.5333974957466125 0.021381914615631104 0.024671435356140137
0 0.5470490455627441 0.5304368734359741 0.008881688117980957 0.014309465885162354
0 0.5628387928009033 0.5457332134246826 0.03157949447631836 0.03799408674240112
0 0.6388293504714966 0.5363601446151733 0.04353266954421997 0.031744301319122314
0 0.7743556499481201 0.5486937761306763 0.1401340365409851 0.08338958024978638
0 0.6704064607620239 0.540305495262146 0.0707249641418457 0.033059775829315186
