0 0.12598904967308044 0.5023114085197449 0.023026712238788605 0.03157949447631836
0 0.5253381729125977 0.46629106998443604 0.01842135190963745 0.022204309701919556
0 0.5611940622329712 0.46234363317489624 0.01381605863571167 0.017763465642929077
0 0.5306013822555542 0.48158735036849976 0.014473915100097656 0.004440873861312866
0 0.0046053435653448105 0.5131669044494629 0.009210687130689621 0.03602033853530884
1 0.5611940622329712 0.4766530990600586 0.010526478290557861 0.027138620615005493
1 0.22039860486984253 0.4998442530632019 0.008552774786949158 0.03700721263885498
0 0.5713915824890137 0.4608633518218994 0.011842310428619385 0.015296310186386108
0 0.1746741086244583 0.4978705644607544 0.038487523794174194 0.02368462085723877
0 0.1269759088754654 0.48701512813568115 0.01842138171195984 0.008388310670852661
0 0.5401409864425659 0.4608633518218994 0.01381605863571167 0.012335747480392456
0 0.4935941696166992 0.4966369867324829 0.027632027864456177 0.02911233901977539
0 0.5401409864425659 0.47171878814697266 0.017434537410736084 0.017763465642929077
0 0.10131756216287613 0.503298282623291 0.03322426974773407 0.03602039813995361
0 0.5125089883804321 0.4731990694999695 0.019408226013183594 0.017763495445251465
1 0.402309775352478 0.48767316341400146 0.006250053644180298 0.021710872650146484
0 0.5776417255401611 0.45642244815826416 0.011842310428619385 0.016776591539382935
0 0.014802890829741955 0.5116865634918213 0.01480288989841938 0.03454011678695679
0 0.5439788103103638 0.5128379464149475 0.048520565032958984 0.062172144651412964
0 0.5858654975891113 0.457902729511261 0.007236957550048828 0.012335747480392456
0 0.5187590718269348 0.500831127166748 0.02203989028930664 0.03157949447631836
0 0.5529702305793762 0.46777135133743286 0.01578974723815918 0.019243746995925903
0 0.591457724571228 0.4554356038570404 0.005592226982116699 0.012335717678070068
0 0.0865146666765213 0.5047785639762878 0.0384875163435936 0.04292836785316467
