0 0.3611905574798584 0.5225420594215393 0.013816028833389282 0.01578974723815918
0 0.24079367518424988 0.5348777770996094 0.020724043250083923 0.018750309944152832
0 0.5588914155960083 0.5269829034805298 0.01611870527267456 0.018750309944152832
0 0.00863501988351345 0.5575755834579468 0.0172700397670269 0.0310860276222229
0 0.37994086742401123 0.5259960889816284 0.005921155214309692 0.008881747722625732
0 0.27250465750694275 0.5227394700050354 0.03138214349746704 0.03286242485046387
0 0.14243671298027039 0.5457332134246826 0.03256635367870331 0.025164902210235596
0 0.4305996298789978 0.574845552444458 0.05855366587638855 0.0750012993812561
0 0.4723767042160034 0.5250091552734375 0.005921155214309692 0.01381605863571167
0 0.30066317319869995 0.5299434661865234 0.015460819005966187 0.012829184532165527
0 0.4980350434780121 0.5195814371109009 0.02960580587387085 0.05279693007469177
0 0.21875382959842682 0.5348777770996094 0.03190845251083374 0.024178028106689453
0 0.3746775984764099 0.5259960889816284 0.004605323076248169 0.006907999515533447
0 0.4230337142944336 0.5215551853179932 0.008552789688110352 0.003947436809539795
0 0.4052702486515045 0.5225419998168945 0.004605352878570557 0.003947436809539795
0 0.261517733335495 0.533890962600708 0.02532939612865448 0.016776621341705322
0 0.45494216680526733 0.5146471261978149 0.03717172145843506 0.0675998330116272
0 0.3259924650192261 0.5225419998168945 0.03289535641670227 0.026151835918426514
0 0.3631642460823059 0.5477069616317749 0.03454005718231201 0.03207290172576904
0 0.4171125590801239 0.5210617780685425 0.0036185383796691895 0.008388340473175049
0 0.027961015701293945 0.5506675243377686 0.0384875163435936 0.031086087226867676
0 0.39507269859313965 0.5250091552734375 0.005921155214309692 0.003947436809539795
0 0.28355759382247925 0.5329040288925171 0.020724058151245117 0.012829124927520752
0 0.4789557456970215 0.5269829034805298 0.006579041481018066 0.010855436325073242
0 0.4338891804218292 0.5215551853179932 0.00789487361907959 0.011842310428619385
0 0.4358628988265991 0.537838339805603 0.03125053644180298 0.016776621341705322
0 0.3687564730644226 0.5259960889816284 0.009210675954818726 0.008881747722625732
0 0.4829031825065613 0.5240223407745361 0.004605352878570557 0.010855436325073242
0 0.22763556241989136 0.5329040288925171 0.020724058151245117 0.016776621341705322
0 0.18289794027805328 0.542772650718689 0.025987297296524048 0.016776561737060547
0 0.5361936092376709 0.5225419998168945 0.011184394359588623 0.01381605863571167
0 0.3539535701274872 0.5279697179794312 0.003947436809539795 0.008881747722625732
0 0.5130023956298828 0.5241457223892212 0.0026316046714782715 0.008881688117980957
0 0.3460586667060852 0.5269829034805298 0.01118442416191101 0.011842310428619385
0 0.3856426477432251 0.5250092148780823 0.00811418890953064 0.009210705757141113
0 0.38616102933883667 0.5181460380554199 0.005502492189407349 0.006638884544372559
0 0.3128344416618347 0.5299434661865234 0.005921155214309692 0.008881747722625732
0 0.3993490934371948 0.5250091552734375 0.00789487361907959 0.003947436809539795
