1 0.32796627283096313 0.4884953796863556 0.00822383165359497 0.03602033853530884
1 0.58487868309021 0.48306766152381897 0.010526478290557861 0.02911233901977539
1 0.15263217687606812 0.5139896869659424 0.0216018408536911 0.07286351919174194
0 0.5242524147033691 0.47157052159309387 0.011842310428619385 0.010756611824035645
1 0.3401375412940979 0.48750853538513184 0.00822383165359497 0.03602039813995361
0 0.488084077835083 0.4825742244720459 0.012253642082214355 0.012335747480392456
0 0.49310073256492615 0.48010706901550293 0.004605352878570557 0.012335747480392456
0 0.5335619449615479 0.5098772048950195 0.0578957200050354 0.07746845483779907
1 0.49474549293518066 0.47171878814697266 0.004605352878570557 0.012335747480392456
1 0.6111135482788086 0.47961366176605225 0.00822383165359497 0.020230621099472046
1 0.35658517479896545 0.4840545058250427 0.00822383165359497 0.02911236882209778
1 0.5434305667877197 0.46826475858688354 0.004605293273925781 0.012335747480392456
1 0.09008786082267761 0.5118982195854187 0.02331037074327469 0.06978631019592285
1 0.4901401400566101 0.4707319140434265 0.004605323076248169 0.012335747480392456
1 0.3348742723464966 0.4751727879047394 0.004605352878570557 0.00789487361907959
1 0.5661283135414124 0.5041208267211914 0.016996026039123535 0.06414583325386047
1 0.3634932041168213 0.4840545058250427 0.006614983081817627 0.03114071488380432
1 0.3372434377670288 0.48750853538513184 0.010526508092880249 0.0439152717590332
1 0.13371910154819489 0.5120813846588135 0.01578974723815918 0.07125157117843628
0 0.5233644247055054 0.4723357558250427 0.01019752025604248 0.009868592023849487
1 0.34934717416763306 0.48750853538513184 0.010595142841339111 0.03616452217102051
1 0.3074190020561218 0.49327826499938965 0.011184394359588623 0.04604041576385498
1 0.14934471249580383 0.5121396780014038 0.018119290471076965 0.06083294749259949
1 0.13901397585868835 0.5171146988868713 0.01578974723815918 0.06858673691749573
1 0.3753355145454407 0.4840545356273651 0.010526478290557861 0.0325663685798645
1 0.5931024551391602 0.4771465063095093 0.004605352878570557 0.016776621341705322
1 0.3858063519001007 0.48048943281173706 0.00822383165359497 0.029404252767562866
1 0.28207749128341675 0.4989818334579468 0.01406201720237732 0.054401665925979614
2 0.45310038328170776 0.47961366176605225 0.004605352878570557 0.020921945571899414
1 0.4924428462982178 0.4707319140434265 0.004605323076248169 0.012335747480392456
1 0.49704816937446594 0.47171878814697266 0.004605352878570557 0.012335747480392456
1 0.5661283135414124 0.5054130554199219 0.01578974723815918 0.06414586305618286
0 0.5136600732803345 0.46740174293518066 0.005592167377471924 0.006908029317855835
0 0.488495409488678 0.46629106998443604 0.010197550058364868 0.016776591539382935
1 0.6388654112815857 0.5061143040657043 0.011726021766662598 0.06260645389556885
1 0.3843819499015808 0.4840545356273651 0.013075977563858032 0.03885775804519653
1 0.6598799228668213 0.5111931562423706 0.02171093225479126 0.07204070687294006
1 0.5985301733016968 0.5158806443214417 0.013487040996551514 0.07561767101287842
1 0.5770738124847412 0.48750853538513184 0.010526478290557861 0.036378830671310425
1 0.003536246018484235 0.5358646512031555 0.00707249203696847 0.07204070687294006
1 0.5868518948554993 0.4710610508918762 0.004605293273925781 0.019243746995925903
1 0.3460586965084076 0.4919493794441223 0.00822383165359497 0.03552624583244324
