0 0.06929945200681686 0.471225380897522 0.038048937916755676 0.027632087469100952
0 0.1949375420808792 0.6825119256973267 0.20993825793266296 0.2222408652305603
1 0.8148168921470642 0.5407989025115967 0.017105579376220703 0.052797019481658936
1 0.27474161982536316 0.508232593536377 0.008552789688110352 0.04805997014045715
0 0.08947525173425674 0.8006220459938049 0.1789505034685135 0.39875590801239014
1 0.19567224383354187 0.4764885902404785 0.013158127665519714 0.025164932012557983
0 0.27159184217453003 0.5880445241928101 0.055510491132736206 0.08702808618545532
1 0.2518009543418884 0.5035640001296997 0.012500211596488953 0.06118530035018921
1 0.24380123615264893 0.5033687353134155 0.01640067994594574 0.07105386257171631
1 0.7360327243804932 0.508972704410553 0.007072508335113525 0.006908059120178223
0 0.7488288879394531 0.556884765625 0.052829861640930176 0.05891549587249756
1 0.7368550300598145 0.5294500589370728 0.012500226497650146 0.030099213123321533
1 0.6632353067398071 0.5157326459884644 0.008947551250457764 0.03463870286941528
0 0.2055957019329071 0.4964395761489868 0.07131704688072205 0.039079636335372925
1 0.6542877554893494 0.5111931562423706 0.0029605627059936523 0.006908059120178223
1 0.7483683824539185 0.5279697775840759 0.015131831169128418 0.031086087226867676
0 0.765144944190979 0.5644835829734802 0.06842225790023804 0.060198426246643066
1 0.7936177253723145 0.5182656049728394 0.004605352878570557 0.012006819248199463
0 0.7313944697380066 0.5536280870437622 0.031546592712402344 0.05422788858413696
0 0.757250189781189 0.5269829034805298 0.010937631130218506 0.024671435356140137
0 0.7823821306228638 0.5672961473464966 0.0417441725730896 0.03907960653305054
0 0.8190932869911194 0.5921156406402588 0.04440867900848389 0.06759989261627197
0 0.47662317752838135 0.5729614496231079 0.3772488534450531 0.6348638534545898
0 0.7033488750457764 0.5303664803504944 0.07434350252151489 0.041448116302490234
0 0.10230442136526108 0.4840545058250427 0.0869532972574234 0.04431891441345215
0 0.7519868612289429 0.5215551853179932 0.02138197422027588 0.02368462085723877
1 0.19835874438285828 0.5324106216430664 0.03322426974773407 0.09128448367118835
0 0.8855417966842651 0.5975433588027954 0.1171073317527771 0.11348879337310791
0 0.013939323835074902 0.47171878814697266 0.027878647670149803 0.04144808650016785
0 0.7949565649032593 0.5674440860748291 0.07068383693695068 0.07746845483779907
0 0.6697485446929932 0.6128396987915039 0.03125053644180298 0.15098947286605835
1 0.1507008969783783 0.4579642415046692 0.00657905638217926 0.017270028591156006
0 0.9537727236747742 0.6296162605285645 0.09245455265045166 0.152360200881958
1 0.6665905714035034 0.5145484209060669 0.008552789688110352 0.03315851092338562
