0 0.9786355495452881 0.5299434661865234 0.0424349308013916 0.030592620372772217
0 0.7704082727432251 0.5329040288925171 0.02401357889175415 0.003947436809539795
0 0.8704099655151367 0.5343843698501587 0.07138288021087646 0.03700721263885498
0 0.16973981261253357 0.5565886497497559 0.041119128465652466 0.02417808771133423
0 0.8881734609603882 0.5176077485084534 0.029934704303741455 0.027138590812683105
0 0.8361988067626953 0.5250091552734375 0.05460625886917114 0.02713865041732788
0 0.2713863253593445 0.5565886497497559 0.03980332612991333 0.019737184047698975
0 0.9404770135879517 0.5185946226119995 0.07927769422531128 0.04539552330970764
0 0.9539640545845032 0.5279697775840759 0.05065882205963135 0.02911233901977539
0 0.7431051135063171 0.5299434661865234 0.01644766330718994 0.010362029075622559
0 0.777398943901062 0.5285865068435669 0.012664735317230225 0.0094984769821167
0 0.008717257529497147 0.5778061747550964 0.017434515058994293 0.013815999031066895
