0 0.4733635485172272 0.4840545058250427 0.011184394359588623 0.016776591539382935
0 0.4940875768661499 0.47566622495651245 0.016447633504867554 0.009868592023849487
0 0.3098738193511963 0.488495409488678 0.022039860486984253 0.024671465158462524
0 0.5105352401733398 0.48948225378990173 0.005592226982116699 0.01924377679824829
0 0.4182091951370239 0.47813326120376587 0.01118442416191101 0.017105549573898315
0 0.24112264811992645 0.4993508458137512 0.022039860486984253 0.022204309701919556
0 0.5299434661865234 0.4939231276512146 0.023026704788208008 0.024671465158462524
0 0.01595422625541687 0.5190880298614502 0.03190845251083374 0.038980960845947266
0 0.5562597513198853 0.5037916898727417 0.03223741054534912 0.03750067949295044
0 0.44836312532424927 0.4771465063095093 0.0055921971797943115 0.008388280868530273
0 0.4398103356361389 0.48701512813568115 0.013816028833389282 0.017763465642929077
0 0.22171440720558167 0.503298282623291 0.03388217091560364 0.02911233901977539
0 0.39120763540267944 0.4756661057472229 0.010197550058364868 0.009498566389083862
0 0.14638414978981018 0.5116865634918213 0.036842748522758484 0.03700718283653259
0 0.28421550989151 0.4924428462982178 0.013816028833389282 0.013816028833389282
0 0.04868506267666817 0.5161274671554565 0.04407971352338791 0.03602039813995361
0 0.459547758102417 0.48208045959472656 0.019408226013183594 0.022944599390029907
0 0.4204021096229553 0.48158735036849976 0.006579071283340454 0.015296310186386108
0 0.26069626212120056 0.49441617727279663 0.027138352394104004 0.031085699796676636
0 0.1269758939743042 0.5062588453292847 0.012829169631004333 0.02615174651145935
0 0.47204774618148804 0.4840545058250427 0.010197550058364868 0.017763465642929077
0 0.17927944660186768 0.5131669044494629 0.053290411829948425 0.05082327127456665
0 0.4710608720779419 0.47566622495651245 0.005592226982116699 0.003947436809539795
0 0.32763731479644775 0.48553478717803955 0.025000452995300293 0.017763465642929077
0 0.4269811511039734 0.48010706901550293 0.012829184532165527 0.019243746995925903
0 0.4940876066684723 0.5269829034805298 0.05329042673110962 0.06759986281394958
0 0.33860278129577637 0.4814228117465973 0.005921155214309692 0.010690927505493164
0 0.11414673924446106 0.4993508458137512 0.0055922046303749084 0.015296339988708496
0 0.4450736343860626 0.4712252616882324 0.015625298023223877 0.019243746995925903
0 0.19770082831382751 0.500831127166748 0.02401357889175415 0.03454005718231201
0 0.3477034568786621 0.48701512813568115 0.011842310428619385 0.009868592023849487
0 0.43213486671447754 0.4842187166213989 0.015131890773773193 0.02072402834892273
0 0.42369168996810913 0.46941596269607544 0.01140373945236206 0.007894784212112427
0 0.45856064558029175 0.4939231276512146 0.02138194441795349 0.02911236882209778
0 0.07368549704551697 0.5131669044494629 0.021053001284599304 0.03157952427864075
0 0.2769785225391388 0.4993508458137512 0.028618931770324707 0.02615177631378174
0 0.380927711725235 0.48158738017082214 0.012829184532165527 0.016776621341705322
0 0.35230880975723267 0.5669506788253784 0.09572535753250122 0.09917932748794556
0 0.4095466434955597 0.4786267876625061 0.0026316046714782715 0.005427718162536621
0 0.4131651222705841 0.4786267876625061 0.004605352878570557 0.008388310670852661
0 0.09276477992534637 0.5092194080352783 0.044079720973968506 0.04144808650016785
0 0.4829031825065613 0.488495409488678 0.01644766330718994 0.02911236882209778
0 0.6205697655677795 0.49108579754829407 0.04827380180358887 0.030962646007537842
0 0.44803428649902344 0.4793667793273926 0.006908059120178223 0.011595606803894043
0 0.4977060556411743 0.4894822835922241 0.02861890196800232 0.02911236882209778
0 0.16102220118045807 0.6676106452941895 0.2741827666759491 0.287669837474823
