0 0.6190897822380066 0.5353711843490601 0.007565975189208984 0.010362029075622559
0 0.40099385380744934 0.5580689907073975 0.028947889804840088 0.027632057666778564
0 0.47007399797439575 0.5437595248222351 0.007565945386886597 0.010362029075622559
0 0.4536263644695282 0.560042679309845 0.03157949447631836 0.038980960845947266
0 0.31776872277259827 0.5847141742706299 0.06052738428115845 0.07006704807281494
0 0.9286346435546875 0.5146471261978149 0.11940997838973999 0.04835611581802368
0 0.43915241956710815 0.5373449325561523 0.008881747722625732 0.012335777282714844
0 0.4516526460647583 0.5393186807632446 0.008881747722625732 0.003947436809539795
0 0.9922783374786377 0.4954034090042114 0.01544332504272461 0.025658369064331055
0 0.4996798038482666 0.5817536115646362 0.06381690502166748 0.0804290771484375
0 0.4996798038482666 0.5412923693656921 0.012500196695327759 0.006414532661437988
0 0.6602089405059814 0.5343843698501587 0.02960580587387085 0.011348903179168701
0 0.6342216730117798 0.5304368734359741 0.006907999515533447 0.006414592266082764
1 0.5394831299781799 0.5501741170883179 0.00789487361907959 0.019737184047698975
0 0.11315988004207611 0.6044513583183289 0.07960665971040726 0.07401442527770996
0 0.5134958028793335 0.5393186807632446 0.01381605863571167 0.010361969470977783
0 0.5345488786697388 0.5447463989257812 0.012500226497650146 0.012335717678070068
0 0.4789557456970215 0.5449100732803345 0.010855436325073242 0.014309465885162354
0 0.8572518825531006 0.531423807144165 0.05625098943710327 0.02861887216567993
0 0.4921138882637024 0.542772650718689 0.00493428111076355 0.003947436809539795
0 0.49342969059944153 0.5412923693656921 0.01381605863571167 0.007401466369628906
0 0.7838953137397766 0.5200748443603516 0.053619384765625 0.03799408674240112
0 0.41184931993484497 0.579779863357544 0.05361935496330261 0.06167870759963989
0 0.3513219356536865 0.6123462319374084 0.08026456832885742 0.08338963985443115
