0 0.20427989959716797 0.5269829034805298 0.06447480618953705 0.05674442648887634
0 0.5730363130569458 0.46333047747612 0.022039830684661865 0.02615177631378174
0 0.3733617961406708 0.5131669044494629 0.06151425838470459 0.0690801739692688
0 0.488495409488678 0.4455670118331909 0.01842138171195984 0.012335747480392456
1 0.2927977442741394 0.449806272983551 0.008552789688110352 0.02011093497276306
0 0.3322426676750183 0.4786268174648285 0.01842138171195984 0.04292839765548706
0 0.490469753742218 0.43214136362075806 0.008816331624984741 0.008388310670852661
1 0.07894875109195709 0.5294500589370728 0.021053001284599304 0.06414583325386047
0 0.41020452976226807 0.4579027593135834 0.016447633504867554 0.02615177631378174
0 0.49869292974472046 0.4287903904914856 0.007236957550048828 0.008388310670852661
1 0.5812602043151855 0.4440867304801941 0.005592167377471924 0.017270058393478394
0 0.5064249038696289 0.4248334765434265 0.005592226982116699 0.006908029317855835
0 0.4444156885147095 0.45642244815826416 0.02105298638343811 0.024671465158462524
0 0.5105352401733398 0.43717870116233826 0.01644766330718994 0.012335717678070068
1 0.7605396509170532 0.4983639717102051 0.01611870527267456 0.0809224545955658
0 0.4460604190826416 0.43865901231765747 0.01842138171195984 0.015296310186386108
0 0.6266556978225708 0.46629106998443604 0.07171177864074707 0.04687580466270447
1 0.5921156406402588 0.4495144486427307 0.007565915584564209 0.0325663685798645
0 0.6528595685958862 0.5697418451309204 0.1265345811843872 0.130592942237854
1 0.38355934619903564 0.44704729318618774 0.006579041481018066 0.011348903179168701
1 0.6200766563415527 0.4455670118331909 0.007565915584564209 0.011348903179168701
0 0.5289566516876221 0.44260644912719727 0.016447603702545166 0.017763465642929077
0 0.4904690980911255 0.4263232350349426 0.007236987352371216 0.008388310670852661
1 0.2191007137298584 0.48330092430114746 0.013975754380226135 0.03749588131904602
1 0.12171265482902527 0.5225420594215393 0.0210530087351799 0.0710538923740387
0 0.43323126435279846 0.43717870116233826 0.00822383165359497 0.003947436809539795
0 0.4055992066860199 0.45247501134872437 0.01644766330718994 0.019243746995925903
0 0.6631695032119751 0.5047785639762878 0.06085634231567383 0.04292836785316467
0 0.5059299468994141 0.4401392936706543 0.011842310428619385 0.015296310186386108
0 0.3845462203025818 0.47023850679397583 0.033224254846572876 0.036020368337631226
0 0.6348795294761658 0.49639028310775757 0.047040343284606934 0.04292836785316467
0 0.4381670355796814 0.44094759225845337 0.007893383502960205 0.004443079233169556
0 0.4904690980911255 0.5131668448448181 0.05625101923942566 0.07845529913902283
1 0.3809277415275574 0.4455670118331909 0.0055921971797943115 0.014309465885162354
1 0.360861599445343 0.4579027593135834 0.009868592023849487 0.0325663685798645
1 0.3417823016643524 0.45691588521003723 0.007565915584564209 0.030099213123321533
0 0.5003377199172974 0.41521239280700684 0.00822383165359497 0.012335747480392456
0 0.7016392350196838 0.455596387386322 0.03388214111328125 0.025167137384414673
0 0.49951794743537903 0.42137789726257324 0.005592167377471924 0.008388310670852661
1 0.6644768714904785 0.44901785254478455 0.009536504745483398 0.020222723484039307
1 0.3552693724632263 0.4554356038570404 0.008552789688110352 0.030099213123321533
0 0.49310073256492615 0.44260644912719727 0.014802873134613037 0.017763465642929077
0 0.292439341545105 0.49096253514289856 0.048685044050216675 0.056744396686553955
0 0.42961275577545166 0.45099472999572754 0.013816028833389282 0.017763465642929077
0 0.5519833564758301 0.44704729318618774 0.019408226013183594 0.013816028833389282
0 0.5592203140258789 0.48158738017082214 0.051645636558532715 0.06463927030563354
0 0.48948225378990173 0.420895516872406 0.006579041481018066 0.006907999515533447
1 0.5641546249389648 0.4396458566188812 0.006579041481018066 0.017270028591156006
0 0.4921138882637024 0.43717870116233826 0.02203989028930664 0.012335717678070068
0 0.5648125410079956 0.4495144486427307 0.01842135190963745 0.008388310670852661
0 0.4710608720779419 0.42137786746025085 0.006579041481018066 0.006907999515533447
1 0.6276394128799438 0.43766582012176514 0.011018335819244385 0.017270058393478394
0 0.5556018352508545 0.4495144486427307 0.00822383165359497 0.008388310670852661
1 0.5470490455627441 0.4361807703971863 0.006575942039489746 0.013566941022872925
0 0.32007139921188354 0.48158735036849976 0.025658339262008667 0.04687580466270447
0 0.46448183059692383 0.43445611000061035 0.006906956434249878 0.008388310670852661
1 0.37040436267852783 0.4512327313423157 0.0055921971797943115 0.022702515125274658
0 0.6789592504501343 0.4771465063095093 0.08289623260498047 0.041448116302490234
0 0.44079720973968506 0.44260644912719727 0.010197550058364868 0.008388310670852661
1 0.3750065565109253 0.44852757453918457 0.010526508092880249 0.01875033974647522
0 0.17566096782684326 0.5669506788253784 0.10033071041107178 0.11052829027175903
0 0.48586374521255493 0.4771465063095093 0.03947433829307556 0.05378386378288269
1 0.6052720546722412 0.4445776343345642 0.005592167377471924 0.025658369064331055
