0 0.31136560440063477 0.5649696588516235 0.20606736838817596 0.2834581136703491
0 0.5509964823722839 0.5600427389144897 0.028618931770324707 0.06463927030563354
0 0.41842836141586304 0.533890962600708 0.017434507608413696 0.033059775829315186
0 0.6310884952545166 0.6061713695526123 0.12038999795913696 0.1564120650291443
0 0.8518873453140259 0.8062261343002319 0.29622530937194824 0.3875477910041809
0 0.9201487898826599 0.5723704099655151 0.15970242023468018 0.09152203798294067
0 0.5355356931686401 0.5491872429847717 0.03125053644180298 0.03700721263885498
0 0.7713862657546997 0.5412872433662415 0.14210432767868042 0.10188916325569153
0 0.5891516208648682 0.5684288144111633 0.08470273017883301 0.10608518123626709
0 0.05263249948620796 0.7021504640579224 0.10526499897241592 0.22204333543777466
0 0.6794397234916687 0.6552665829658508 0.15920495986938477 0.1867539882659912
