0 0.8812384605407715 0.8118475675582886 0.23752301931381226 0.37630486488342285
0 0.3253346383571625 0.5467200875282288 0.05592203140258789 0.06562614440917969
0 0.4618501663208008 0.5486937761306763 0.041119128465652466 0.047862708568573
0 0.9528127312660217 0.6034644842147827 0.0692446231842041 0.06192547082901001
0 0.4592185616493225 0.5126734972000122 0.00789487361907959 0.008881747722625732
0 0.4684292674064636 0.5124102830886841 0.009035259485244751 0.009868621826171875
0 0.4299417734146118 0.5282987356185913 0.014802873134613037 0.012500226497650146
0 0.418362557888031 0.5329040288925171 0.013289719820022583 0.017368733882904053
0 0.23947787284851074 0.5787930488586426 0.15296320617198944 0.09868592023849487
0 0.4059281647205353 0.5467200875282288 0.04046124219894409 0.046875834465026855
0 0.9440954923629761 0.5837273597717285 0.11052829027175903 0.0750012993812561
0 0.4375607371330261 0.5234174728393555 0.01281854510307312 0.013147473335266113
