0 0.5869620442390442 0.5329040884971619 0.02138197422027588 0.04983639717102051
0 0.3266504406929016 0.5536280870437622 0.049014002084732056 0.05526411533355713
0 0.6355374455451965 0.5477069616317749 0.06644856929779053 0.07352101802825928
0 0.4712253212928772 0.48553481698036194 0.02384909987449646 0.030592620372772217
0 0.5572465658187866 0.5142771005630493 0.00822383165359497 0.030592620372772217
0 0.4325733780860901 0.5106997489929199 0.017434507608413696 0.023684650659561157
1 0.4789557456970215 0.49096253514289856 0.005921155214309692 0.011348903179168701
0 0.39671748876571655 0.5630033016204834 0.07368549704551697 0.07894879579544067
0 0.5674441456794739 0.5161274671554565 0.01019752025604248 0.033059775829315186
0 0.4095466434955597 0.5153875350952148 0.026645183563232422 0.02911299467086792
0 0.48520585894584656 0.500831127166748 0.01842135190963745 0.019243717193603516
0 0.23355671763420105 0.5896484851837158 0.09309373795986176 0.08832395076751709
0 0.48158738017082214 0.49096253514289856 0.006907999515533447 0.006167888641357422
0 0.45099472999572754 0.5047785639762878 0.011184394359588623 0.02220436930656433
0 0.349677175283432 0.5452398061752319 0.03684276342391968 0.05131673812866211
0 0.3746775984764099 0.5338908433914185 0.03618493676185608 0.0417439341545105
0 0.42796802520751953 0.5146471261978149 0.020395100116729736 0.026891887187957764
0 0.45856064558029175 0.5019824504852295 0.01118442416191101 0.016447633504867554
0 0.5776417255401611 0.5161274671554565 0.026645243167877197 0.045888930559158325
0 0.6131686568260193 0.5358646512031555 0.060198426246643066 0.07056045532226562
0 0.4595475196838379 0.500831127166748 0.013816028833389282 0.016776591539382935
1 0.688498854637146 0.5126734375953674 0.013487040996551514 0.06069183349609375
0 0.5056009292602539 0.49096256494522095 0.01282915472984314 0.012335747480392456
0 0.5760626792907715 0.5245157480239868 0.011677801609039307 0.03996777534484863
0 0.43915241956710815 0.5037916898727417 0.020395100116729736 0.03305980563163757
0 0.5934314727783203 0.5245157480239868 0.03980332612991333 0.05822467803955078
0 0.49277180433273315 0.488495409488678 0.013816028833389282 0.02072402834892273
0 0.449349969625473 0.5077391266822815 0.00822383165359497 0.02072402834892273
0 0.45231059193611145 0.5044496059417725 0.011184394359588623 0.022204339504241943
0 0.5230355262756348 0.4840545058250427 0.02401357889175415 0.05526411533355713
0 0.5470490455627441 0.4978705644607544 0.014802932739257812 0.013816028833389282
0 0.5496807098388672 0.5037916898727417 0.017434537410736084 0.022944509983062744
0 0.6052737236022949 0.4924428462982178 0.011184394359588623 0.009868592023849487
0 0.5444174408912659 0.4975886046886444 0.01578974723815918 0.022204339504241943
0 0.5730363130569458 0.5131669044494629 0.02861887216567993 0.04292839765548706
0 0.2878339886665344 0.5674441456794739 0.059869468212127686 0.07006692886352539
0 0.3993490934371948 0.5176076889038086 0.025000452995300293 0.016776621341705322
1 0.5972692966461182 0.49096256494522095 0.007785201072692871 0.012993603944778442
