0 0.37994086742401123 0.5215551853179932 0.017434507608413696 0.027632057666778564
0 0.5391541719436646 0.488495409488678 0.014802932739257812 0.017763465642929077
0 0.47007399797439575 0.4786267876625061 0.010197550058364868 0.013816028833389282
1 0.3753352761268616 0.4975730776786804 0.008026570081710815 0.01746782660484314
0 0.4148098826408386 0.4993508458137512 0.006579071283340454 0.024671465158462524
0 0.4977060854434967 0.4608633518218994 0.00822383165359497 0.008388310670852661
0 0.622708261013031 0.5876747369766235 0.09375166893005371 0.10213994979858398
1 0.7521525621414185 0.5181016325950623 0.01776367425918579 0.04687580466270447
0 0.5049430131912231 0.4593830406665802 0.0072370171546936035 0.008388280868530273
0 0.5079035758972168 0.45099472999572754 0.004605352878570557 0.005427718162536621
0 0.28586679697036743 0.5585623979568481 0.04021286964416504 0.053042054176330566
0 0.49507445096969604 0.49096253514289856 0.01644766330718994 0.01924377679824829
0 0.26299792528152466 0.5309303998947144 0.03026387095451355 0.022204339504241943
0 0.47566622495651245 0.4746793508529663 0.0055921971797943115 0.008388310670852661
1 0.6154712438583374 0.5111931562423706 0.007565915584564209 0.028618931770324707
0 0.8253433704376221 0.6083987951278687 0.12039685249328613 0.1228640079498291
0 0.5806022882461548 0.488495409488678 0.027632057666778564 0.02072402834892273
0 0.5621808767318726 0.5477069616317749 0.041448116302490234 0.05230355262756348
2 0.34079545736312866 0.542772650718689 0.01282915472984314 0.042928338050842285
0 0.5806022882461548 0.5639901161193848 0.05888265371322632 0.07450789213180542
1 0.4282969832420349 0.48553481698036194 0.00296059250831604 0.01578974723815918
0 0.5217196941375732 0.47023850679397583 0.011842310428619385 0.013816028833389282
1 0.00863501988351345 0.6069185137748718 0.0172700397670269 0.11151516437530518
0 0.6559325456619263 0.5146471261978149 0.012829184532165527 0.01381605863571167
0 0.49310073256492615 0.4593830406665802 0.004605352878570557 0.006907999515533447
1 0.33915066719055176 0.5309303998947144 0.010526508092880249 0.030099213123321533
1 0.2763206362724304 0.5264894962310791 0.007565915584564209 0.01578974723815918
0 0.7450788021087646 0.6676103472709656 0.2052667737007141 0.20674705505371094
0 0.6641563177108765 0.5516543984413147 0.049671947956085205 0.05230355262756348
0 0.44079717993736267 0.48158735036849976 0.011842310428619385 0.013816028833389282
0 0.5592203140258789 0.503298282623291 0.01743447780609131 0.010855436325073242
0 0.5141537189483643 0.4993508458137512 0.01842135190963745 0.020724058151245117
0 0.4552711248397827 0.4771465063095093 0.00822383165359497 0.013816028833389282
0 0.5539571046829224 0.500831127166748 0.01842135190963745 0.012335747480392456
0 0.5013245344161987 0.45099472999572754 0.0055921971797943115 0.008388310670852661
0 0.4940875768661499 0.5600427389144897 0.05888259410858154 0.07993561029434204
0 0.5013245940208435 0.4440867304801941 0.006579071283340454 0.009868592023849487
0 0.2520817816257477 0.5720523595809937 0.061296865344047546 0.05740523338317871
1 0.5626732110977173 0.4818357229232788 0.005838334560394287 0.01973503828048706
0 0.49671921133995056 0.5047785639762878 0.02401357889175415 0.012335747480392456
0 0.6859729290008545 0.5021488666534424 0.051534056663513184 0.03075656294822693
0 0.4039544463157654 0.5047785639762878 0.01644766330718994 0.02615177631378174
0 0.6308257579803467 0.5309303402900696 0.03673750162124634 0.015957117080688477
0 0.5325751304626465 0.48158735036849976 0.011842310428619385 0.017763465642929077
0 0.5447463989257812 0.5284631848335266 0.03947436809539795 0.04983639717102051
0 0.49310073256492615 0.44704729318618774 0.006579041481018066 0.006907999515533447
0 0.4654686450958252 0.4840545058250427 0.010197550058364868 0.013816028833389282
0 0.5355356931686401 0.48553478717803955 0.011842310428619385 0.017763465642929077
0 0.4305996298789978 0.5353711843490601 0.03223741054534912 0.03602033853530884
0 0.7424471974372864 0.5546149611473083 0.07368552684783936 0.03157949447631836
0 0.5309303998947144 0.4840545058250427 0.00822383165359497 0.015296310186386108
1 0.26069486141204834 0.533890962600708 0.008059203624725342 0.018010437488555908
0 0.4111914038658142 0.5023114681243896 0.010197550058364868 0.024671494960784912
1 0.5409635901451111 0.4734455347061157 0.005592226982116699 0.017270028591156006
1 0.3151370882987976 0.533890962600708 0.011513352394104004 0.03848749399185181
0 0.5309303998947144 0.5146471261978149 0.020395100116729736 0.024671494960784912
0 0.5713915824890137 0.5171142816543579 0.026645183563232422 0.024671494960784912
0 0.2944130301475525 0.5324106216430664 0.027632087469100952 0.027632057666778564
1 0.42533639073371887 0.48701509833335876 0.007565915584564209 0.017270028591156006
0 0.4516526460647583 0.48158735036849976 0.011842310428619385 0.015296310186386108
0 0.4940875768661499 0.5309303402900696 0.04506656527519226 0.0439152717590332
1 0.5727077126502991 0.48035353422164917 0.009539604187011719 0.02417805790901184
1 0.6177740097045898 0.5235289335250854 0.005263268947601318 0.02565830945968628
