0 0.8167905807495117 0.5467200875282288 0.00822383165359497 0.012335777282714844
0 0.4194152355194092 0.5664572715759277 0.01578974723815918 0.013322591781616211
0 0.8059351444244385 0.5674441456794739 0.02138197422027588 0.02368462085723877
0 0.815474808216095 0.5551084280014038 0.010855436325073242 0.01529628038406372
0 0.7960665225982666 0.5866879224777222 0.03848749399185181 0.040954649448394775
0 0.6904726028442383 0.5950762033462524 0.05822467803955078 0.058718085289001465
0 0.799027144908905 0.5496807098388672 0.008881688117980957 0.011348903179168701
0 0.45231056213378906 0.5526412725448608 0.01085546612739563 0.011348903179168701
0 0.2174380123615265 0.5827404260635376 0.027303114533424377 0.019737184047698975
0 0.7592238187789917 0.5743521451950073 0.02598726749420166 0.03207290172576904
0 0.4496789276599884 0.5664572715759277 0.012500226497650146 0.011348843574523926
0 0.5572465658187866 0.6473797559738159 0.12829169631004333 0.12582457065582275
0 0.18684537708759308 0.6167870759963989 0.029605776071548462 0.012335717678070068
