0 0.4750083088874817 0.5486937761306763 0.008552789688110352 0.011842310428619385
1 0.23355671763420105 0.5960630774497986 0.009868592023849487 0.04983639717102051
0 0.32204508781433105 0.5926090478897095 0.0500008761882782 0.05674445629119873
0 0.46053439378738403 0.5526412725448608 0.006579071283340454 0.0098685622215271
0 0.4542842507362366 0.5556018352508545 0.007894903421401978 0.011842310428619385
0 0.2542807459831238 0.5985301733016968 0.07730397582054138 0.03996783494949341
0 0.47040295600891113 0.5531346797943115 0.010197550058364868 0.012335777282714844
0 0.49902188777923584 0.5556018352508545 0.010526508092880249 0.014802932739257812
0 0.5098774433135986 0.553134560585022 0.0026316046714782715 0.011842310428619385
0 0.5075746774673462 0.5536280870437622 0.003947436809539795 0.011842310428619385
0 0.5157984495162964 0.5521478056907654 0.012500226497650146 0.015296339988708496
0 0.48158738017082214 0.5477069616317749 0.003947436809539795 0.003947436809539795
0 0.5062588453292847 0.5482003688812256 0.007565915584564209 0.008388280868530273
0 0.4904690980911255 0.5457332134246826 0.003947436809539795 0.00592118501663208
0 0.488495409488678 0.5457332134246826 0.004605323076248169 0.0049343109130859375
0 0.49704816937446594 0.5457332134246826 0.003947436809539795 0.0049343109130859375
