0 0.4575737714767456 0.4771465063095093 0.010197550058364868 0.012335717678070068
0 0.49342969059944153 0.4746793508529663 0.00822383165359497 0.015296310186386108
0 0.41974419355392456 0.46777135133743286 0.020395100116729736 0.005427718162536621
0 0.4750083088874817 0.47171878814697266 0.011184394359588623 0.009868592023849487
1 0.9851236343383789 0.579779863357544 0.029752731323242188 0.20131930708885193
0 0.5582334399223328 0.5299434661865234 0.003618478775024414 0.008388340473175049
0 0.48882436752319336 0.47023850679397583 0.013816028833389282 0.012335747480392456
0 0.4417840540409088 0.5190880298614502 0.003618478775024414 0.013815999031066895
0 0.4207310676574707 0.5106997489929199 0.054277271032333374 0.08733704686164856
1 0.964490532875061 0.6281359791755676 0.06283003091812134 0.24967539310455322
0 0.13215692341327667 0.5245157480239868 0.26431384682655334 0.236352801322937
1 0.9288504719734192 0.5695809125900269 0.0424349308013916 0.1851986050605774
1 0.37708860635757446 0.4852050542831421 0.0063592493534088135 0.017103970050811768
0 0.443100243806839 0.4911254644393921 0.0064716339111328125 0.018093973398208618
1 0.36053264141082764 0.4998442530632019 0.005921155214309692 0.023684591054916382
0 0.4733635485172272 0.48701509833335876 0.019408226013183594 0.01924377679824829
0 0.3016500174999237 0.5452398061752319 0.0690801739692688 0.08289623260498047
0 0.47961366176605225 0.4771465063095093 0.012829184532165527 0.015296339988708496
0 0.48356109857559204 0.5062588453292847 0.033224254846572876 0.04144808650016785
1 0.31645292043685913 0.49639028310775757 0.004605323076248169 0.012829184532165527
0 0.39671745896339417 0.5605361461639404 0.07927769422531128 0.08980423212051392
1 0.5003377199172974 0.48553478717803955 0.004276394844055176 0.028125494718551636
0 0.4944165349006653 0.47615963220596313 0.006579071283340454 0.017763465642929077
1 0.010526500642299652 0.5482003688812256 0.01250021904706955 0.028618931770324707
0 0.5204038619995117 0.5575755834579468 0.07829084992408752 0.0843765139579773
1 0.5444992780685425 0.4859045147895813 0.005591988563537598 0.021833747625350952
0 0.514811635017395 0.4954034090042114 0.019408226013183594 0.02615177631378174
1 0.5342198610305786 0.4845479428768158 0.00789487361907959 0.019737184047698975
0 0.3746775984764099 0.5047785639762878 0.02401357889175415 0.02368462085723877
1 0.3055974543094635 0.5018180012702942 0.004605352878570557 0.008881717920303345
0 0.13676226139068604 0.7524802684783936 0.27352452278137207 0.30839359760284424
1 0.33174940943717957 0.49416956305503845 0.00789487361907959 0.019737184047698975
1 0.5003377199172974 0.4812564253807068 0.006797313690185547 0.016443222761154175
1 0.9661353230476379 0.607905387878418 0.06447482109069824 0.21266818046569824
1 0.2634914517402649 0.5279697775840759 0.00822383165359497 0.0439152717590332
0 0.4631659984588623 0.47171878814697266 0.01019752025604248 0.015296310186386108
0 0.5296145677566528 0.5037916898727417 0.02960580587387085 0.02072402834892273
0 0.7177757024765015 0.5338909029960632 0.3404664993286133 0.4554356038570404
0 0.9451558589935303 0.45642244815826416 0.10968834161758423 0.10658082365989685
0 0.5111931562423706 0.488495409488678 0.019408226013183594 0.026151806116104126
1 0.9065948128700256 0.5847141742706299 0.03322422504425049 0.17960843443870544
1 0.9661353230476379 0.48158738017082214 0.01019752025604248 0.043421804904937744
0 0.5174432992935181 0.5023114085197449 0.020395100116729736 0.02911233901977539
