0 0.8342251777648926 0.5284781455993652 0.0503198504447937 0.034076571464538574
0 0.45283687114715576 0.5242196917533875 0.01993456482887268 0.018750309944152832
1 0.8873510360717773 0.5351244211196899 0.011842310428619385 0.021464169025421143
0 0.8092247247695923 0.5174375772476196 0.019680440425872803 0.008711576461791992
0 0.024671483784914017 0.5689244270324707 0.04934296756982803 0.03602039813995361
0 0.7628517150878906 0.5259960889816284 0.02861887216567993 0.033059775829315186
1 0.0500008761882782 0.5521478056907654 0.021053001284599304 0.031086087226867676
0 0.730604887008667 0.5097128748893738 0.12500214576721191 0.046875834465026855
0 0.8908050656318665 0.5348777770996094 0.07105386257171631 0.04095470905303955
0 0.6898146867752075 0.5225419998168945 0.03848749399185181 0.02713865041732788
0 0.38915154337882996 0.5556018352508545 0.05592203140258789 0.06759989261627197
0 0.3421112298965454 0.5477069616317749 0.040771931409835815 0.048849523067474365
0 0.9240293502807617 0.5067523121833801 0.08322513103485107 0.0557575523853302
0 0.29539990425109863 0.5329040288925171 0.0500008761882782 0.018750369548797607
0 0.5654704570770264 0.5279697179794312 0.06513267755508423 0.033059775829315186
1 0.9375163912773132 0.5314237475395203 0.01644766330718994 0.03404664993286133
0 0.29448455572128296 0.5583478808403015 0.06144273281097412 0.06699919700622559
0 0.3825724720954895 0.5200749635696411 0.024671465158462524 0.006414592266082764
0 0.05904708430171013 0.6315900087356567 0.11809416860342026 0.14161431789398193
0 0.7885006666183472 0.5225419998168945 0.04605346918106079 0.030099213123321533
0 0.9834513664245605 0.5209236145019531 0.03169792890548706 0.04557320475578308
1 0.9177796840667725 0.5319172143936157 0.01644766330718994 0.02615177631378174
0 0.1963411420583725 0.5486937761306763 0.11254581809043884 0.05628389120101929
0 0.7911322712898254 0.5432989597320557 0.05526411533355713 0.048849523067474365
0 0.5463911294937134 0.5126734375953674 0.010526478290557861 0.010855436325073242
0 0.3070816397666931 0.5256059169769287 0.056243181228637695 0.018750369548797607
0 0.35461145639419556 0.5324106216430664 0.03157949447631836 0.030099213123321533
1 0.8720546960830688 0.5472135543823242 0.020395100116729736 0.06266552209854126
0 0.4684292674064636 0.5259960293769836 0.012500196695327759 0.012829184532165527
