1 0.8029745817184448 0.573365330696106 0.028947830200195312 0.12730485200881958
0 0.42599430680274963 0.4110269546508789 0.011842310428619385 0.012335747480392456
0 0.9815874099731445 0.4924428462982178 0.03682523965835571 0.06611958146095276
0 0.6651432514190674 0.4924428462982178 0.12138372659683228 0.07450786232948303
1 0.7079070806503296 0.5565887093544006 0.033882200717926025 0.11595597863197327
0 0.40855979919433594 0.4149743616580963 0.01118442416191101 0.010855436325073242
0 0.4427708089351654 0.40757274627685547 0.003289639949798584 0.008388310670852661
0 0.4194152355194092 0.4149743914604187 0.003618478775024414 0.015296310186386108
1 0.0029605780728161335 0.5782995820045471 0.005921156145632267 0.028125524520874023
1 0.469087153673172 0.47369250655174255 0.02138197422027588 0.07154732942581177
0 0.8013298511505127 0.5047785639762878 0.1572396159172058 0.0730276107788086
0 0.12335742264986038 0.5131668448448181 0.1555948406457901 0.10460707545280457
0 0.5867908596992493 0.4253979027271271 0.026953697204589844 0.06318974494934082
0 0.8836699724197388 0.7416272163391113 0.23266005516052246 0.30806708335876465
0 0.22533288598060608 0.45099472999572754 0.3348742723464966 0.16431209444999695
0 0.38553306460380554 0.44704729318618774 0.01644766330718994 0.04144808650016785
1 0.558122992515564 0.45148801803588867 0.007565915584564209 0.01282915472984314
0 0.6173356771469116 0.43323078751564026 0.04473787546157837 0.05131685733795166
1 0.545404314994812 0.45247501134872437 0.008552730083465576 0.015296310186386108
1 0.7146511077880859 0.5625097751617432 0.03667795658111572 0.13125211000442505
0 0.5355356931686401 0.6991899013519287 0.20526674389839172 0.253622829914093
0 0.5372719764709473 0.49765869975090027 0.14798328280448914 0.08853572607040405
0 0.5234683156013489 0.4194152355194092 0.027130126953125 0.04718756675720215
1 0.7028905153274536 0.5580689907073975 0.035855889320373535 0.11940997838973999
2 0.9940875768661499 0.5743521451950073 0.01182478666305542 0.026645183563232422
