0 0.5019824504852295 0.4243495464324951 0.00493428111076355 0.008388310670852661
0 0.3515878915786743 0.4287903904914856 0.015460789203643799 0.013459086418151855
0 0.3118475675582886 0.4495144486427307 0.07796189188957214 0.04835611581802368
0 0.4746793508529663 0.42237579822540283 0.006908029317855835 0.008388310670852661
0 0.4537579417228699 0.4261258840560913 0.005460619926452637 0.010164648294448853
0 0.48379606008529663 0.4287492632865906 0.003634154796600342 0.008441179990768433
0 0.3707301616668701 0.4421130120754242 0.02730312943458557 0.023213624954223633
0 0.4963902533054352 0.4287903904914856 0.010526478290557861 0.012829184532165527
1 0.2569124102592468 0.44260644912719727 0.01118442416191101 0.016776591539382935
0 0.47961366176605225 0.4263232350349426 0.010526508092880249 0.013816028833389282
1 0.4408794045448303 0.4302706718444824 0.005263239145278931 0.016776591539382935
0 0.4602765440940857 0.4316709637641907 0.014011621475219727 0.016696572303771973
0 0.24507007002830505 0.5097128748893738 0.26053088903427124 0.1381603479385376
1 0.3266504406929016 0.6034644842147827 0.03980332612991333 0.17023324966430664
0 0.5700757503509521 0.4307641386985779 0.0049343109130859375 0.008388310670852661
0 0.13308486342430115 0.7657586932182312 0.2661697268486023 0.4615776538848877
0 0.3769803047180176 0.4239465594291687 0.02664521336555481 0.018750309944152832
0 0.3319069743156433 0.42285916209220886 0.029270142316818237 0.008871674537658691
0 0.5141537189483643 0.4287903904914856 0.008552789688110352 0.010362029075622559
1 0.26645204424858093 0.4302706718444824 0.00822383165359497 0.022697776556015015
0 0.3476855754852295 0.4475407302379608 0.028947889804840088 0.04290693998336792
0 0.15526586771011353 0.423362672328949 0.015789732336997986 0.012829184532165527
1 0.0033717695623636246 0.43915241956710815 0.006743539124727249 0.028125494718551636
1 0.17566096782684326 0.43915241956710815 0.009868592023849487 0.011348903179168701
0 0.5829049348831177 0.4287903904914856 0.021710872650146484 0.013816028833389282
0 0.469087153673172 0.4287903904914856 0.010526478290557861 0.01578974723815918
0 0.23026719689369202 0.4263232350349426 0.021053001284599304 0.01282915472984314
0 0.36382216215133667 0.4539456367492676 0.009210675954818726 0.01578974723815918
0 0.4910058379173279 0.6927752494812012 0.23637881875038147 0.3431153893470764
0 0.48948225378990173 0.4263232350349426 0.006907999515533447 0.015789777040481567
1 0.7763293981552124 0.48750853538513184 0.025767982006072998 0.08059349656105042
1 0.928634524345398 0.46826475858688354 0.019901692867279053 0.0636523962020874
0 0.2766495943069458 0.4287903904914856 0.012500196695327759 0.0074014365673065186
0 0.5085614919662476 0.4287903904914856 0.005592167377471924 0.010362029075622559
1 0.20724046230316162 0.4401392936706543 0.007565930485725403 0.00789487361907959
1 0.5990236401557922 0.4302706718444824 0.005921125411987305 0.016776591539382935
0 0.29542309045791626 0.4243495464324951 0.018157273530960083 0.008124202489852905
0 0.41842836141586304 0.4327378273010254 0.02730312943458557 0.016776621341705322
1 0.1861874759197235 0.43915241956710815 0.007565930485725403 0.008881747722625732
