0 0.622708261013031 0.5639901161193848 0.01019752025604248 0.030592620372772217
0 0.35888785123825073 0.5960630178451538 0.12598904967308044 0.062172114849090576
0 0.48948225378990173 0.5585623979568481 0.033224284648895264 0.03848755359649658
0 0.5473780035972595 0.56843101978302 0.007236957550048828 0.010855436325073242
0 0.6134975552558899 0.5615229606628418 0.012829184532165527 0.024671494960784912
0 0.5509964823722839 0.56843101978302 0.007236957550048828 0.012335717678070068
0 0.5069167613983154 0.5585623979568481 0.011842310428619385 0.02615177631378174
0 0.43783658742904663 0.5699113011360168 0.054277271032333374 0.06217217445373535
0 0.6365243196487427 0.5615229606628418 0.028618931770324707 0.037007272243499756
0 0.5253381729125977 0.5654704570770264 0.016447603702545166 0.022204339504241943
0 0.6052737236022949 0.5630033016204834 0.0072370171546936035 0.01776343584060669
0 0.6174449920654297 0.5639901161193848 0.011184394359588623 0.024671494960784912
0 0.6503403186798096 0.5753390192985535 0.03947436809539795 0.050823211669921875
0 0.5151405930519104 0.5639901161193848 0.01019752025604248 0.024671494960784912
0 0.542772650718689 0.56843101978302 0.004605352878570557 0.010855436325073242
0 0.5575755834579468 0.5699113011360168 0.006579101085662842 0.009868621826171875
0 0.4674423933029175 0.56843101978302 0.01644766330718994 0.046875834465026855
0 0.5355356931686401 0.5654704570770264 0.014802932739257812 0.01924377679824829
