0 0.27961015701293945 0.5284632444381714 0.06842225790023804 0.0537838339805603
0 0.8885023593902588 0.4840545058250427 0.05625098943710327 0.013816028833389282
0 0.03322426602244377 0.4939231276512146 0.01940823346376419 0.019243746995925903
0 0.3246767520904541 0.5467200875282288 0.07927772402763367 0.05526411533355713
0 0.2282932996749878 0.5225422382354736 0.04171134531497955 0.04115206003189087
0 0.10526499897241592 0.48553481698036194 0.010197550058364868 0.01924377679824829
0 0.21776697039604187 0.5215551853179932 0.025987297296524048 0.03996777534484863
0 0.250004380941391 0.5329040288925171 0.010197535157203674 0.03602033853530884
0 0.04243495315313339 0.5176077485084534 0.03421112149953842 0.03305983543395996
0 0.006579062435775995 0.4840545058250427 0.011842313222587109 0.013816028833389282
0 0.48882433772087097 0.5852075815200806 0.06644850969314575 0.08733707666397095
0 0.03437560051679611 0.56843101978302 0.06875120103359222 0.0789487361907959
0 0.9880841970443726 0.7662962675094604 0.023831605911254883 0.16480547189712524
0 0.12269951403141022 0.4899756908416748 0.016447655856609344 0.017763465642929077
0 0.09671221673488617 0.488495409488678 0.016447655856609344 0.016776591539382935
0 0.9190862774848938 0.668103814125061 0.1618274450302124 0.16480553150177002
0 0.6871832013130188 0.48232752084732056 0.035033464431762695 0.016529887914657593
0 0.022039858624339104 0.48158735036849976 0.008223827928304672 0.009868592023849487
0 0.3036237359046936 0.5753390192985535 0.09144896268844604 0.08733701705932617
0 0.1766478419303894 0.5126734972000122 0.02039511501789093 0.031086087226867676
0 0.561851978302002 0.590635359287262 0.1115151047706604 0.12039685249328613
0 0.7352101802825928 0.48701512813568115 0.04046124219894409 0.012335747480392456
0 0.24178056418895721 0.5250092148780823 0.03174397349357605 0.040707945823669434
0 0.784224271774292 0.6335636973381042 0.13388389348983765 0.14950919151306152
0 0.19934558868408203 0.5116865634918213 0.042434945702552795 0.03750067949295044
0 0.03980332612991333 0.48553481698036194 0.01381603255867958 0.01924377679824829
0 0.0161187294870615 0.488495409488678 0.007894848473370075 0.013075917959213257
0 0.883897066116333 0.4899756908416748 0.026645183563232422 0.012335747480392456
0 0.28322863578796387 0.5368515253067017 0.05263251066207886 0.04292839765548706
0 0.06134980916976929 0.4855348467826843 0.006085623055696487 0.01307588815689087
0 0.2055957019329071 0.5200749039649963 0.03421112895011902 0.03454005718231201
0 0.6579062938690186 0.6128396987915039 0.12368637323379517 0.13026541471481323
0 0.10625186562538147 0.48701509833335876 0.006579063832759857 0.01924377679824829
0 0.16322699189186096 0.4936271905899048 0.045461371541023254 0.04144808650016785
0 0.8266592025756836 0.4840545058250427 0.04901397228240967 0.015296310186386108
0 0.19934558868408203 0.5161274671554565 0.036842748522758484 0.033059775829315186
0 0.06842225044965744 0.48701512813568115 0.014802888035774231 0.017763465642929077
0 0.005921178497374058 0.4791203737258911 0.006688677240163088 0.009375125169754028
0 0.1901349127292633 0.4840545356273651 0.035855889320373535 0.027632057666778564
0 0.13240370154380798 0.5028051733970642 0.03585578501224518 0.02911236882209778
0 0.20247069001197815 0.493923157453537 0.03059263527393341 0.012335717678070068
0 0.7713950872421265 0.48701509833335876 0.02203989028930664 0.006907999515533447
0 0.02039509266614914 0.49096253514289856 0.013816030696034431 0.015296339988708496
