0 0.3937568664550781 0.4924428462982178 0.0055921971797943115 0.012335747480392456
1 0.9837608337402344 0.6434323191642761 0.03247833251953125 0.2514376640319824
1 0.7755398750305176 0.6105698943138123 0.03947436809539795 0.20872080326080322
1 0.7552763819694519 0.6167870759963989 0.023026704788208008 0.20773392915725708
0 0.9412664175033569 0.6039579510688782 0.09638327360153198 0.11052823066711426
1 0.7868558168411255 0.5195814371109009 0.011842310428619385 0.05625098943710327
0 0.27401795983314514 0.537838339805603 0.06250108778476715 0.056744396686553955
0 0.159213125705719 0.5360291600227356 0.08454103767871857 0.08075806498527527
0 0.10625185817480087 0.5896484851837158 0.15855540335178375 0.12039685249328613
0 0.9547535181045532 0.5026074647903442 0.059869468212127686 0.03454011678695679
1 0.7605396509170532 0.6014907360076904 0.03157949447631836 0.17960840463638306
0 0.4115203619003296 0.4954034090042114 0.0019737184047698975 0.013816028833389282
1 0.8115273714065552 0.6192542314529419 0.06381690502166748 0.2205631136894226
0 0.9313422441482544 0.5816397666931152 0.1366674304008484 0.13352984189987183
0 0.38915154337882996 0.4939231276512146 0.006579041481018066 0.01085546612739563
0 0.9813406467437744 0.5106997489929199 0.03731870651245117 0.02142062783241272
0 0.4039544463157654 0.4801070988178253 0.003618478775024414 0.003947436809539795
0 0.9980437755584717 0.48766273260116577 0.003618478775024414 0.02864977717399597
0 0.7822505235671997 0.4993508458137512 0.018421411514282227 0.020724058151245117
0 0.29342618584632874 0.5131669044494629 0.03980332612991333 0.04588896036148071
0 0.1190810352563858 0.5161274671554565 0.02763206511735916 0.03602039813995361
0 0.26283353567123413 0.500831127166748 0.02138194441795349 0.019243717193603516
0 0.899357795715332 0.5106997489929199 0.08125144243240356 0.03602033853530884
0 0.321058064699173 0.5072457790374756 0.02883833646774292 0.0325663685798645
0 0.8676686882972717 0.5070812702178955 0.02598726749420166 0.01776343584060669
0 0.9769907593727112 0.6380046010017395 0.01644766330718994 0.05970501899719238
0 0.3901383876800537 0.4954034090042114 0.009210675954818726 0.012335777282714844
1 0.7526447772979736 0.6103725433349609 0.02631622552871704 0.18997043371200562
0 0.19276653230190277 0.5062588453292847 0.03125053644180298 0.03305980563163757
1 0.8072504997253418 0.619007408618927 0.06414467096328735 0.2287050485610962
0 0.36612483859062195 0.4840545356273651 0.04440867900848389 0.07450789213180542
0 0.39671745896339417 0.5176077485084534 0.03223741054534912 0.041448116302490234
0 0.3569141626358032 0.5422792434692383 0.065461665391922 0.0690801739692688
0 0.5778405070304871 0.5458255410194397 0.3421112596988678 0.533890962600708
0 0.4023096561431885 0.4954034090042114 0.016447633504867554 0.019243746995925903
1 0.8478506803512573 0.6349141597747803 0.05794769525527954 0.2157067060470581
0 0.22631976008415222 0.5077391862869263 0.028618916869163513 0.027632057666778564
0 0.2480306476354599 0.5047785639762878 0.02138194441795349 0.02220436930656433
