0 0.44079720973968506 0.3172752857208252 0.022039860486984253 0.03700721263885498
0 0.37730923295021057 0.34885478019714355 0.01611924171447754 0.030592650175094604
0 0.30263686180114746 0.42780351638793945 0.06250110268592834 0.07154729962348938
0 0.534548819065094 0.4110269248485565 0.04967188835144043 0.056744396686553955
0 0.6052737236022949 0.4954034090042114 0.08815944194793701 0.046875834465026855
0 0.48487693071365356 0.34737449884414673 0.010197550058364868 0.02615177631378174
0 0.40494129061698914 0.32418328523635864 0.01644766330718994 0.02072402834892273
0 0.5023114085197449 0.3619294762611389 0.03223738074302673 0.038487523794174194
1 0.5200749039649963 0.5452398061752319 0.046711355447769165 0.11595597863197327
0 0.3559272885322571 0.3725394010543823 0.04243496060371399 0.0577312707901001
0 0.5171142816543579 0.38339486718177795 0.03848749399185181 0.0537838339805603
0 0.5764895677566528 0.36957883834838867 0.023520946502685547 0.03528141975402832
0 0.3671116828918457 0.3118475675582886 0.006579071283340454 0.014310002326965332
0 0.47928470373153687 0.34095990657806396 0.01644766330718994 0.020724058151245117
0 0.5621808767318726 0.34022095799446106 0.027137815952301025 0.020724058151245117
0 0.5730363130569458 0.48010706901550293 0.0828961730003357 0.09671220183372498
0 0.25658345222473145 0.47566622495651245 0.0865146815776825 0.1075676679611206
0 0.4977060854434967 0.3518153429031372 0.03125053644180298 0.0345400869846344
0 0.3758281469345093 0.36809855699539185 0.01611921191215515 0.04292836785316467
0 0.38915157318115234 0.3345445394515991 0.025658339262008667 0.02911233901977539
0 0.7516491413116455 0.6607023477554321 0.496701717376709 0.3133278489112854
0 0.5069167613983154 0.3710567355155945 0.030263662338256836 0.03996780514717102
