0 0.5322461128234863 0.5289566516876221 0.017434537410736084 0.016776621341705322
0 0.6187608242034912 0.5269829034805298 0.02927684783935547 0.017763495445251465
0 0.13174693286418915 0.5684314370155334 0.13503405451774597 0.06809329986572266
0 0.511522114276886 0.5250091552734375 0.023355633020401 0.03503352403640747
0 0.6115238666534424 0.5195814371109009 0.00789487361907959 0.008881747722625732
0 0.5414568185806274 0.5279697775840759 0.012500226497650146 0.017763495445251465
0 0.5236933827400208 0.5299434661865234 0.007236957550048828 0.01776343584060669
0 0.6515462398529053 0.5335623025894165 0.0419963002204895 0.0310860276222229
0 0.4937586188316345 0.5319172143936157 0.022039860486984253 0.030099213123321533
0 0.23158299922943115 0.5526412725448608 0.09835697710514069 0.06266558170318604
0 0.45000794529914856 0.5279699563980103 0.05394846200942993 0.025164902210235596
0 0.47040295600891113 0.5269829034805298 0.024671465158462524 0.021710872650146484
0 0.58487868309021 0.5417858362197876 0.029934704303741455 0.03207296133041382
0 0.6648141145706177 0.5398123264312744 0.053290367126464844 0.03602033853530884
0 0.3572430908679962 0.5398120880126953 0.06250107288360596 0.03404664993286133
0 0.5634967088699341 0.5225419998168945 0.035855889320373535 0.019737184047698975
