1 0.9972949028015137 0.537838339805603 0.005410254001617432 0.03750067949295044
1 0.9796224236488342 0.6725447177886963 0.04013228416442871 0.12434428930282593
0 0.06167871132493019 0.5625098943710327 0.12335742264986038 0.11694282293319702
0 0.44112613797187805 0.5185946226119995 0.012500226497650146 0.01381605863571167
1 0.5585623979568481 0.573365330696106 0.01644766330718994 0.03602033853530884
1 0.8763311505317688 0.5294500589370728 0.008552789688110352 0.035033464431762695
1 0.9029763340950012 0.5235289335250854 0.01019752025604248 0.044902145862579346
1 0.634221613407135 0.5639901161193848 0.017763495445251465 0.06167870759963989
1 0.24539907276630402 0.5701580047607422 0.016941100358963013 0.03972107172012329
0 0.21612221002578735 0.5388252139091492 0.11973893642425537 0.0577312707901001
0 0.8750153183937073 0.500831127166748 0.05065882205963135 0.054770708084106445
0 0.6667879819869995 0.5072457790374756 0.006579160690307617 0.005921125411987305
1 0.23273438215255737 0.5573288202285767 0.020230606198310852 0.06611955165863037
0 0.6537395119667053 0.5047785043716431 0.09199714660644531 0.03898090124130249
0 0.7363067865371704 0.5205682516098022 0.04155778884887695 0.02648073434829712
0 0.7125124931335449 0.5097128748893738 0.0325663685798645 0.01578974723815918
0 0.4496789276599884 0.5185946226119995 0.013158142566680908 0.016776621341705322
1 0.2822417914867401 0.5674441456794739 0.01644766330718994 0.06266558170318604
1 0.4174415171146393 0.5546149611473083 0.019079267978668213 0.06858670711517334
0 0.3825724720954895 0.5348777770996094 0.02105298638343811 0.030592679977416992
0 0.7881060242652893 0.5055680274963379 0.05263257026672363 0.04174414277076721
1 0.8842259645462036 0.536358118057251 0.006907999515533447 0.03848749399185181
0 0.953964114189148 0.500831127166748 0.03914541006088257 0.06167873740196228
0 0.34079545736312866 0.5279697775840759 0.025329381227493286 0.018750309944152832
0 0.633399248123169 0.5156340599060059 0.03585582971572876 0.02960580587387085
1 0.5790398120880127 0.5676908493041992 0.019490301609039307 0.057484447956085205
0 0.36201292276382446 0.5373449325561523 0.03223738074302673 0.037007153034210205
0 0.3980332612991333 0.5259960293769836 0.017434507608413696 0.02615177631378174
0 0.508232593536377 0.5166208744049072 0.013158142566680908 0.014802932739257812
0 0.3040936589241028 0.5525002479553223 0.0479331910610199 0.05152815580368042
0 0.6753407716751099 0.509712815284729 0.028618931770324707 0.011842310428619385
1 0.26809680461883545 0.5713915824890137 0.01644766330718994 0.06167870759963989
0 0.8315935134887695 0.5097128748893738 0.012500226497650146 0.030099183320999146
1 0.9598852396011353 0.6370177268981934 0.04473763704299927 0.20526671409606934
0 0.904292106628418 0.5126734375953674 0.0976991057395935 0.054770708084106445
0 0.2957947850227356 0.5331014394760132 0.065000981092453 0.03069138526916504
0 0.6585641503334045 0.5269829034805298 0.022697806358337402 0.03305983543395996
0 0.5210617780685425 0.5136603116989136 0.009210646152496338 0.011842310428619385
0 0.1289496272802353 0.6148133873939514 0.11776521801948547 0.10559391975402832
0 0.34540078043937683 0.5176077485084534 0.03717172145843506 0.009868621826171875
1 0.9256740808486938 0.5753390192985535 0.011513352394104004 0.020724058151245117
0 0.006250109523534775 0.674518346786499 0.01250021904706955 0.09868592023849487
1 0.5500096082687378 0.5585623979568481 0.022697746753692627 0.06908011436462402
0 0.15625272691249847 0.5546150207519531 0.07796188443899155 0.04588896036148071
0 0.36809855699539185 0.5136603116989136 0.010526508092880249 0.005921125411987305
1 0.927428662776947 0.5549439191818237 0.0150221586227417 0.04276388883590698
