0 0.4360274076461792 0.5055186748504639 0.06579062342643738 0.04218825697898865
0 0.4116297960281372 0.4904690086841583 0.016776591539382935 0.015131711959838867
0 0.6210634708404541 0.5546149611473083 0.06809324026107788 0.07598817348480225
0 0.35872340202331543 0.4966369867324829 0.017927944660186768 0.02911236882209778
0 0.5381672978401184 0.5185946226119995 0.007236957550048828 0.0098685622215271
0 0.5730363130569458 0.5116865634918213 0.02565830945968628 0.04292839765548706
0 0.6006684303283691 0.5324106216430664 0.04506653547286987 0.0537838339805603
0 0.25296494364738464 0.5630033016204834 0.20888523757457733 0.09671217203140259
0 0.4009939134120941 0.5109463930130005 0.12500214576721191 0.07919543981552124
0 0.22171440720558167 0.5792864561080933 0.18947701156139374 0.10460710525512695
0 0.4728701114654541 0.5181010961532593 0.014802902936935425 0.007648169994354248
0 0.5509964823722839 0.5131669044494629 0.026645183563232422 0.024671494960784912
0 0.4628370404243469 0.4939231276512146 0.01578974723815918 0.009868592023849487
0 0.40855979919433594 0.4924428462982178 0.022039860486984253 0.01085546612739563
0 0.31382128596305847 0.5422792434692383 0.1305943876504898 0.0690801739692688
0 0.5842207670211792 0.5161274671554565 0.03684276342391968 0.048356086015701294
0 0.11628492921590805 0.6192542314529419 0.2325698584318161 0.1406274437904358
0 0.380927711725235 0.5215551853179932 0.0845409631729126 0.05082324147224426
0 0.46415287256240845 0.5047785639762878 0.024013549089431763 0.0337999165058136
0 0.051069971174001694 0.6937621831893921 0.10213994234800339 0.18750327825546265
