1 0.9315952658653259 0.5393186807632446 0.011513352394104004 0.033059775829315186
1 0.8996868133544922 0.6222147941589355 0.027961015701293945 0.09325820207595825
0 0.09638325870037079 0.5565886497497559 0.14572623372077942 0.10065966844558716
0 0.4365208148956299 0.5215551853179932 0.012500196695327759 0.013815999031066895
1 0.573365330696106 0.565963864326477 0.01776343584060669 0.038980960845947266
1 0.8510017395019531 0.5294500589370728 0.007346630096435547 0.029441356658935547
1 0.6276425719261169 0.560042679309845 0.013487100601196289 0.05526411533355713
1 0.2753337621688843 0.56843101978302 0.013158142566680908 0.0365138053894043
0 0.23553043603897095 0.5388252139091492 0.10789662599563599 0.05279695987701416
0 0.841791033744812 0.4880019426345825 0.02927684783935547 0.009868592023849487
1 0.960543155670166 0.5570821166038513 0.01151341199874878 0.04342186450958252
0 0.649024486541748 0.5102063417434692 0.006907999515533447 0.005921125411987305
1 0.26020193099975586 0.5570821166038513 0.020724058151245117 0.0592116117477417
1 0.8937656283378601 0.5250091552734375 0.008552789688110352 0.04292839765548706
0 0.6421165466308594 0.5106997489929199 0.08914631605148315 0.03799408674240112
0 0.7108678221702576 0.5218018293380737 0.04572451114654541 0.025658369064331055
0 0.6898146867752075 0.5166208744049072 0.0325663685798645 0.018750309944152832
0 0.4496789276599884 0.5225419998168945 0.013158142566680908 0.014802873134613037
1 0.3213872015476227 0.5610295534133911 0.01644766330718994 0.056250929832458496
1 0.4213889241218567 0.5483648777008057 0.018092423677444458 0.0652971863746643
0 0.3822983503341675 0.5351245403289795 0.019956469535827637 0.029030144214630127
0 0.7644870281219482 0.5047785639762878 0.04671138525009155 0.03947436809539795
1 0.9786355495452881 0.5343843698501587 0.011513352394104004 0.038980960845947266
1 0.8414621353149414 0.5363580584526062 0.00822383165359497 0.03404664993286133
0 0.9049500226974487 0.5028048157691956 0.04605346918106079 0.05477067828178406
0 0.34342706203460693 0.5319172143936157 0.02927684783935547 0.023191213607788086
0 0.6253398656845093 0.5195814371109009 0.037829577922821045 0.025164902210235596
1 0.5835628509521484 0.5620163679122925 0.015131831169128418 0.048849523067474365
0 0.36250633001327515 0.5380356907844543 0.031250566244125366 0.0334545373916626
0 0.3973753750324249 0.5279697179794312 0.020066142082214355 0.025164902210235596
0 0.4937586486339569 0.5195814371109009 0.016776621341705322 0.016776621341705322
0 0.31628841161727905 0.55190110206604 0.04013228416442871 0.05131673812866211
1 0.97205650806427 0.5506675243377686 0.016776621341705322 0.051316678524017334
1 0.314479261636734 0.5630033016204834 0.0141448974609375 0.049589693546295166
0 0.8029745817184448 0.5126734375953674 0.0253293514251709 0.031086057424545288
1 0.8881734609603882 0.6005039215087891 0.05098778009414673 0.15049606561660767
0 0.86481773853302 0.5126734375953674 0.08454090356826782 0.04884955286979675
0 0.3035140633583069 0.5358646512031555 0.05570271611213684 0.030428171157836914
0 0.6361954808235168 0.5267854928970337 0.015987157821655273 0.028520286083221436
0 0.5121800303459167 0.5176076889038086 0.009868621826171875 0.011842310428619385
0 0.19177967309951782 0.5916222333908081 0.08848839998245239 0.08190935850143433
0 0.34671658277511597 0.5195814371109009 0.03519800305366516 0.0098685622215271
1 0.9559377431869507 0.5368515253067017 0.010526478290557861 0.040954649448394775
1 0.8618571758270264 0.573365330696106 0.009868621826171875 0.020723998546600342
0 0.0634879544377327 0.6355374455451965 0.1269759088754654 0.11792969703674316
1 0.5582334995269775 0.5585623979568481 0.022697746753692627 0.05970501899719238
0 0.19572710990905762 0.5457332134246826 0.0480271577835083 0.028125464916229248
0 0.3671116828918457 0.520568311214447 0.010526508092880249 0.005921125411987305
1 0.8545734882354736 0.5432661175727844 0.011372387409210205 0.03552699089050293
