1 0.24737274646759033 0.5758324265480042 0.03157949447631836 0.0942450761795044
1 0.07565921545028687 0.5669507384300232 0.024671487510204315 0.04983639717102051
0 0.3348742723464966 0.5341521501541138 0.011184394359588623 0.02911233901977539
0 0.37778565287590027 0.5190880298614502 0.01644766330718994 0.017763495445251465
1 0.8003429174423218 0.5637925863265991 0.028947889804840088 0.11200851202011108
1 0.36020368337631226 0.8178920745849609 0.2039509415626526 0.3642158508300781
1 0.38436079025268555 0.5626589059829712 0.019408226013183594 0.08519071340560913
0 0.5526412725448608 0.5398120880126953 0.06184321641921997 0.08585679531097412
1 0.44342881441116333 0.5669506788253784 0.027961015701293945 0.09819251298904419
1 0.4460604190826416 0.5121800303459167 0.006908029317855835 0.024178028106689453
0 0.37994086742401123 0.5131669044494629 0.025658339262008667 0.012335717678070068
0 0.47599518299102783 0.5092194080352783 0.006579071283340454 0.022204339504241943
0 0.49994707107543945 0.5145546197891235 0.025987297296524048 0.03454005718231201
1 0.38915154337882996 0.5605361461639404 0.03914541006088257 0.09917932748794556
1 0.46382391452789307 0.5541214942932129 0.024671494960784912 0.06118530035018921
1 0.12927857041358948 0.7901366949081421 0.15460796654224396 0.4197266697883606
1 0.6973806619644165 0.5351738929748535 0.020987212657928467 0.07253414392471313
0 0.11686059832572937 0.6656366586685181 0.23372119665145874 0.17862153053283691
1 0.2888208329677582 0.5491872429847717 0.01611870527267456 0.03700721263885498
0 0.4111914038658142 0.5116865634918213 0.009210705757141113 0.010855495929718018
1 0.8588966131210327 0.5654326677322388 0.03322422504425049 0.1327325701713562
1 0.2828996777534485 0.7134993076324463 0.09177790582180023 0.27780091762542725
1 0.44342881441116333 0.7287956476211548 0.051974594593048096 0.32122278213500977
0 0.24901750683784485 0.5422792434692383 0.03519797325134277 0.020724058151245117
0 0.46448183059692383 0.5092194080352783 0.01842138171195984 0.012335717678070068
0 0.45066577196121216 0.5131669044494629 0.01282915472984314 0.01529628038406372
1 0.25658345222473145 0.5491872429847717 0.022039860486984253 0.03700721263885498
1 0.14432066679000854 0.5324106216430664 0.012829169631004333 0.01924377679824829
0 0.4227047264575958 0.5069988965988159 0.018914878368377686 0.0345400869846344
0 0.44902101159095764 0.5102063417434692 0.02401357889175415 0.016776621341705322
0 0.5092194080352783 0.5590558052062988 0.08223825693130493 0.0690801739692688
1 0.20603430271148682 0.5171142816543579 0.015416935086250305 0.01924377679824829
1 0.019161518663167953 0.7963955402374268 0.03832303732633591 0.19243758916854858
1 0.48421865701675415 0.5106997489929199 0.006414681673049927 0.02417805790901184
1 0.3730328381061554 0.5185946226119995 0.004276394844055176 0.01776343584060669
0 0.38479292392730713 0.519828200340271 0.00822383165359497 0.016776621341705322
0 0.2805970311164856 0.6296162605285645 0.29704466462135315 0.1327325701713562
0 0.4039544463157654 0.5146471261978149 0.02401357889175415 0.012335717678070068
1 0.6457350254058838 0.5743521451950073 0.03486901521682739 0.0942450761795044
0 0.3160627484321594 0.5329040884971619 0.04144808650016785 0.04440867900848389
0 0.21414849162101746 0.5477069616317749 0.06842224299907684 0.05822467803955078
1 0.6388680934906006 0.5232205390930176 0.012500226497650146 0.04736927151679993
1 0.32796627283096313 0.7856957912445068 0.12138369679450989 0.42860841751098633
0 0.4820324182510376 0.5106997489929199 0.013816028833389282 0.022204339504241943
0 0.40099385380744934 0.5171142816543579 0.018223941326141357 0.017664730548858643
1 0.6023131608963013 0.5644835829734802 0.02203989028930664 0.0942450761795044
1 0.055264122784137726 0.9392757415771484 0.10888348519802094 0.12144845724105835
1 0.34836137294769287 0.5210617780685425 0.006908029317855835 0.028125464916229248
1 0.5276408195495605 0.7450788021087646 0.08914628624916077 0.3592168092727661
0 0.1595422625541687 0.5699112415313721 0.08486991375684738 0.07450789213180542
0 0.28125491738319397 0.5467200875282288 0.03684276342391968 0.03454005718231201
1 0.11381778120994568 0.7110321521759033 0.08322513848543167 0.29309719800949097
1 0.7628422975540161 0.579779863357544 0.030383288860321045 0.12089025974273682
1 0.42731010913848877 0.5743521451950073 0.027961015701293945 0.10312682390213013
0 0.5044881105422974 0.5163164138793945 0.028618931770324707 0.03305980563163757
0 0.36809855699539185 0.5200749039649963 0.006720155477523804 0.010855436325073242
1 0.3865199089050293 0.5630033016204834 0.02138194441795349 0.07746845483779907
1 0.5947472453117371 0.5274763107299805 0.01019752025604248 0.035526931285858154
1 0.4944165349006653 0.7903833389282227 0.18684539198875427 0.4192332625389099
1 0.12072579562664032 0.5460618138313293 0.016995511949062347 0.044078707695007324
0 0.48467010259628296 0.5131669044494629 0.01118442416191101 0.016776621341705322
1 0.5829049348831177 0.5171143412590027 0.008552789688110352 0.03700724244117737
0 0.3036237359046936 0.5422792434692383 0.026645183563232422 0.03454005718231201
