0 0.5204038619995117 0.8108203411102295 0.3540641665458679 0.3783593773841858
1 0.3401375412940979 0.5718849897384644 0.010526508092880249 0.04835611581802368
0 0.5309303402900696 0.5324106216430664 0.011513352394104004 0.017270028591156006
0 0.5016533732414246 0.5230352878570557 0.008552789688110352 0.007895052433013916
0 0.0960543155670166 0.5694178342819214 0.016118697822093964 0.017270028591156006
1 0.7289601564407349 0.542772650718689 0.010965168476104736 0.04736924171447754
0 0.5056009292602539 0.5269829034805298 0.007236957550048828 0.008388280868530273
1 0.8431068658828735 0.5166208744049072 0.005921125411987305 0.03016960620880127
0 0.5431016087532043 0.5368515253067017 0.017105579376220703 0.022697746753692627
1 0.6658011674880981 0.6700775623321533 0.05559307336807251 0.1766478419303894
0 0.6250109672546387 0.5407989621162415 0.026645243167877197 0.028618931770324707
1 0.3348742723464966 0.5649769902229309 0.01578974723815918 0.06069183349609375
1 0.7658028602600098 0.540305495262146 0.010526478290557861 0.04835611581802368
1 0.4789557456970215 0.5560952425003052 0.010526508092880249 0.01578974723815918
1 0.8348830342292786 0.6700775027275085 0.04572451114654541 0.18355584144592285
1 0.9345558285713196 0.6192542314529419 0.0368427038192749 0.1342129111289978
1 0.5940097570419312 0.5809311270713806 0.025089681148529053 0.08324944972991943
1 0.9242947101593018 0.552756667137146 0.01578974723815918 0.059190452098846436
0 0.4896467328071594 0.5166208744049072 0.006250113248825073 0.00863504409790039
1 0.37241148948669434 0.5630033016204834 0.018165528774261475 0.06647592782974243
0 0.5279697179794312 0.5166208744049072 0.013158142566680908 0.019737184047698975
0 0.17146672308444977 0.5560952425003052 0.01842138171195984 0.022204339504241943
1 0.822053849697113 0.5190880298614502 0.013487100601196289 0.03602039813995361
0 0.15329214930534363 0.5605361461639404 0.0250004380941391 0.02368462085723877
1 0.9092485308647156 0.5477062463760376 0.021472573280334473 0.06969153881072998
1 0.9502358436584473 0.5933494567871094 0.032785773277282715 0.10493630170822144
1 0.6365243196487427 0.6306031346321106 0.0381585955619812 0.13174569606781006
0 0.4177704453468323 0.5353711843490601 0.02927681803703308 0.02368462085723877
1 0.3618484139442444 0.540305495262146 0.010526508092880249 0.01578974723815918
0 0.4734293222427368 0.5234302282333374 0.021447747945785522 0.03197425603866577
0 0.5064343214035034 0.5279697179794312 0.007565915584564209 0.011348903179168701
1 0.3500061333179474 0.5651859045028687 0.019408226013183594 0.06393700838088989
1 0.6737661361694336 0.5245157480239868 0.010526478290557861 0.020829319953918457
0 0.534548819065094 0.5210617780685425 0.009539604187011719 0.006907999515533447
1 0.7944684624671936 0.5417150259017944 0.009539365768432617 0.04779231548309326
0 0.49277180433273315 0.5452398061752319 0.023684650659561157 0.025658369064331055
1 0.0819091796875 0.6024776697158813 0.036184608936309814 0.08363616466522217
0 0.5243512988090515 0.5309303998947144 0.008552789688110352 0.014309465885162354
1 0.8240275382995605 0.6740249395370483 0.05855363607406616 0.16036462783813477
1 0.6723802089691162 0.5324106216430664 0.007236957550048828 0.028618931770324707
0 0.3095448911190033 0.5432212352752686 0.015759825706481934 0.016327977180480957
1 0.3829014301300049 0.5560952425003052 0.010526508092880249 0.03157949447631836
1 0.1381603181362152 0.6236951351165771 0.029276825487613678 0.15296322107315063
0 0.040461234748363495 0.5743521451950073 0.032237403094768524 0.02615177631378174
1 0.4763247072696686 0.6024776697158813 0.03223741054534912 0.07569199800491333
0 0.294083833694458 0.5452398061752319 0.022039741277694702 0.021710753440856934
0 0.46448183059692383 0.5422792434692383 0.02105298638343811 0.02491813898086548
1 0.5301995277404785 0.6034644842147827 0.026150763034820557 0.052056968212127686
1 0.1253305822610855 0.6417053937911987 0.05246797949075699 0.1756609082221985
0 0.514811635017395 0.5232822299003601 0.008552789688110352 0.0076482295989990234
1 0.819969654083252 0.6574130058288574 0.030958056449890137 0.17061734199523926
1 0.16283179819583893 0.6473797559738159 0.04572448134422302 0.1958916187286377
0 0.49408745765686035 0.5250091552734375 0.012610077857971191 0.011348903179168701
1 0.5829049348831177 0.5832338929176331 0.017763495445251465 0.07944214344024658
1 0.5390461087226868 0.5886616110801697 0.03223741054534912 0.07467269897460938
1 0.3598747253417969 0.5630033016204834 0.010526508092880249 0.05970495939254761
0 0.512344479560852 0.5332248210906982 0.016217410564422607 0.01851600408554077
0 0.1134888306260109 0.565963864326477 0.022039860486984253 0.020724058151245117
0 0.878131628036499 0.8397263288497925 0.24373674392700195 0.32054734230041504
0 0.49984434247016907 0.5407989025115967 0.01611870527267456 0.02417808771133423
1 0.0072369687259197235 0.6286294460296631 0.013158125802874565 0.08733707666397095
1 0.7342233657836914 0.542772650718689 0.010526537895202637 0.04736924171447754
0 0.46053439378738403 0.5279697775840759 0.009539633989334106 0.008388280868530273
0 0.4861927032470703 0.537838339805603 0.014144986867904663 0.019737184047698975
0 0.2766495943069458 0.5467200875282288 0.021513551473617554 0.019243717193603516
1 0.4509175419807434 0.6330075263977051 0.03454005718231201 0.08369553089141846
