0 0.8996868133544922 0.638498067855835 0.023026704788208008 0.024671494960784912
0 0.8776469230651855 0.6829066872596741 0.04704028367996216 0.03848755359649658
1 0.8611992597579956 0.5886616110801697 0.006907999515533447 0.02368462085723877
0 0.9847946763038635 0.8358699083328247 0.03041064739227295 0.1613515019416809
0 0.8253433704376221 0.6829066872596741 0.05888259410858154 0.045395493507385254
0 0.8924498558044434 0.6222147941589355 0.025000393390655518 0.030592620372772217
0 0.9088975191116333 0.6498469114303589 0.03026372194290161 0.010855436325073242
0 0.7424471974372864 0.6883344054222107 0.041448116302490234 0.06217217445373535
0 0.6861962080001831 0.6868541240692139 0.08552777767181396 0.08437645435333252
0 0.8786337971687317 0.5822470188140869 0.01644766330718994 0.020724058151245117
0 0.991793692111969 0.6483666300773621 0.01578974723815918 0.03157949447631836
0 0.9072527289390564 0.673038125038147 0.035855889320373535 0.04687577486038208
0 0.8842259645462036 0.5975433588027954 0.022039830684661865 0.033059775829315186
0 0.4055991768836975 0.7450788021087646 0.20987209677696228 0.1766478419303894
0 0.8899801969528198 0.6061778664588928 0.018914878368377686 0.020724058151245117
0 0.7681055068969727 0.6843869686126709 0.04605346918106079 0.05526411533355713
0 0.5822470188140869 0.7090584635734558 0.09737014770507812 0.09917938709259033
0 0.8674494028091431 0.6483665704727173 0.05526411533355713 0.03602033853530884
0 0.8934366703033447 0.6330702900886536 0.01578974723815918 0.017763495445251465
0 0.9593007564544678 0.7628422975540161 0.08139842748641968 0.1805952787399292
0 0.9135028123855591 0.6661300659179688 0.02927684783935547 0.03454005718231201
