0 0.41842836141586304 0.5625098347663879 0.04276391863822937 0.054770708084106445
0 0.5056009292602539 0.5324106216430664 0.012500226497650146 0.014802873134613037
0 0.49902188777923584 0.5269829034805298 0.008223861455917358 0.008881688117980957
0 0.3075706660747528 0.6250112056732178 0.11436724662780762 0.12812674045562744
0 0.12812399864196777 0.6407197117805481 0.14901673793792725 0.12311124801635742
0 0.4865216612815857 0.5921156406402588 0.07171177864074707 0.09917938709259033
0 0.3980332612991333 0.5536280870437622 0.017434507608413696 0.0310860276222229
0 0.4613330364227295 0.5308245420455933 0.015131831169128418 0.019384801387786865
0 0.4750083088874817 0.5324106216430664 0.009210705757141113 0.010362029075622559
0 0.41974419355392456 0.5309303402900696 0.009210675954818726 0.005921125411987305
0 0.5845496654510498 0.5274763107299805 0.009210646152496338 0.012335717678070068
0 0.5016534924507141 0.5526412725448608 0.02927681803703308 0.02911233901977539
0 0.5039561986923218 0.5250091552734375 0.003947436809539795 0.003947436809539795
0 0.488495409488678 0.5225419998168945 0.014802902936935425 0.030099213123321533
0 0.4542842507362366 0.5309303998947144 0.002631634473800659 0.003947436809539795
