0 0.29526829719543457 0.5031008720397949 0.06954070925712585 0.02496752142906189
0 0.537838339805603 0.5590558052062988 0.08388301730155945 0.08980423212051392
0 0.2996762990951538 0.3957306146621704 0.03421112895011902 0.04144808650016785
0 0.38915154337882996 0.5131669044494629 0.05263251066207886 0.0690801739692688
0 0.4750083088874817 0.488495409488678 0.043421804904937744 0.05526414513587952
0 0.3118475675582886 0.4931827187538147 0.06332367658615112 0.03676024079322815
0 0.480600506067276 0.4593830406665802 0.04144805669784546 0.0537838339805603
0 0.5111931562423706 0.5368515253067017 0.06283006072044373 0.07056039571762085
0 0.060856327414512634 0.6258329749107361 0.12138356268405914 0.17467427253723145
0 0.4263232350349426 0.4110269248485565 0.0444086492061615 0.04440867900848389
0 0.2480306625366211 0.5331283211708069 0.11447568237781525 0.08042904734611511
0 0.5782995820045471 0.5881681442260742 0.10329127311706543 0.11348885297775269
0 0.2677679657936096 0.5363578796386719 0.13191018998622894 0.07450786232948303
0 0.380927711725235 0.40411892533302307 0.04046124219894409 0.04440867900848389
