0 0.5450752973556519 0.5190880298614502 0.04506653547286987 0.05131670832633972
0 0.514811635017395 0.4455670118331909 0.020395100116729736 0.017763465642929077
0 0.7434340715408325 0.7016569972038269 0.20099031925201416 0.22549736499786377
0 0.6069185137748718 0.5935959219932556 0.0960543155670166 0.10954141616821289
0 0.5414568185806274 0.4426064193248749 0.020395100116729736 0.022204339504241943
0 0.48882433772087097 0.4495144486427307 0.020395100116729736 0.02615177631378174
0 0.5213906764984131 0.4939230978488922 0.023026764392852783 0.033059775829315186
0 0.714157223701477 0.5477069616317749 0.0921068787574768 0.0828961730003357
0 0.29145246744155884 0.5190880298614502 0.05526411533355713 0.07204076647758484
0 0.8551141619682312 0.5222966074943542 0.055758118629455566 0.054772377014160156
0 0.5296145677566528 0.5062588453292847 0.03125053644180298 0.04292839765548706
0 0.7980402708053589 0.5407989025115967 0.07664608955383301 0.06661301851272583
0 0.514811635017395 0.48701509833335876 0.02138197422027588 0.033059775829315186
