0 0.6579062938690186 0.5630033016204834 0.033224284648895264 0.03602033853530884
0 0.6421165466308594 0.5092194080352783 0.014802873134613037 0.016776621341705322
0 0.6871830821037292 0.614319920539856 0.03223741054534912 0.07204073667526245
0 0.9354516863822937 0.793220579624176 0.1290966272354126 0.41355884075164795
0 0.6743538975715637 0.5950762033462524 0.0424349308013916 0.05131673812866211
0 0.7960665225982666 0.6764920949935913 0.16612130403518677 0.19638502597808838
0 0.6207345724105835 0.5106997489929199 0.01644766330718994 0.01924377679824829
0 0.6437612771987915 0.5506675243377686 0.020395100116729736 0.024671494960784912
0 0.7546184659004211 0.565963864326477 0.04506659507751465 0.01924377679824829
0 0.5009956359863281 0.5630033016204834 0.014802873134613037 0.04687577486038208
0 0.6486955881118774 0.5590558052062988 0.023026764392852783 0.033059775829315186
0 0.730604887008667 0.6404717564582825 0.10065960884094238 0.1440814733505249
0 0.6421165466308594 0.5452398061752319 0.017434537410736084 0.02615177631378174
