0 0.415961354970932 0.5617692470550537 0.04753369092941284 0.056497395038604736
0 0.5049430131912231 0.5324106216430664 0.013158142566680908 0.014802873134613037
0 0.4993508458137512 0.5238991975784302 0.006579041481018066 0.008881747722625732
0 0.2654651701450348 0.6296162605285645 0.12763381004333496 0.13865375518798828
0 0.4743503928184509 0.6014907956123352 0.08519884943962097 0.11743628978729248
0 0.4648107588291168 0.5259960889816284 0.003289520740509033 0.00592118501663208
0 0.46928441524505615 0.5240222215652466 0.0055921971797943115 0.006414532661437988
0 0.38750678300857544 0.5551084280014038 0.026645183563232422 0.03651374578475952
0 0.4572448432445526 0.533890962600708 0.017434537410736084 0.020230591297149658
0 0.4723767042160034 0.5309303402900696 0.009210675954818726 0.010362029075622559
0 0.5042850971221924 0.5625098347663879 0.03486901521682739 0.045395493507385254
0 0.491784930229187 0.5220485925674438 0.012500226497650146 0.028618931770324707
