0 0.307242214679718 0.5615229606628418 0.02335566282272339 0.02417808771133423
0 0.2707284092903137 0.5467200875282288 0.01118442416191101 0.0049343109130859375
0 0.5648125410079956 0.5437594652175903 0.011842310428619385 0.014802873134613037
0 0.0027961016166955233 0.5876747369766235 0.0055922032333910465 0.02171093225479126
0 0.2991270422935486 0.5549437999725342 0.00701749324798584 0.00756603479385376
0 0.2921103835105896 0.5447463989257812 0.00789487361907959 0.01578974723815918
0 0.32796627283096313 0.5556018352508545 0.016776621341705322 0.018750309944152832
1 0.3055974543094635 0.5472135543823242 0.004605352878570557 0.006907999515533447
0 0.24539902806282043 0.5758324861526489 0.11447566747665405 0.06365245580673218
0 0.4996798038482666 0.5526412725448608 0.018092423677444458 0.02319115400314331
0 0.446389377117157 0.5417858362197876 0.02138194441795349 0.03602033853530884
0 0.0072369687259197235 0.5565886497497559 0.013158125802874565 0.01381605863571167
0 0.10033070296049118 0.5565886497497559 0.03980332612991333 0.018750369548797607
0 0.49558568000793457 0.5477069616317749 0.009868592023849487 0.014912843704223633
0 0.12236975133419037 0.5565882921218872 0.02291751652956009 0.01809227466583252
0 0.15866419672966003 0.5540666580200195 0.011769428849220276 0.013925790786743164
0 0.48915329575538635 0.5417858362197876 0.006579041481018066 0.006907999515533447
0 0.4684292674064636 0.5447463989257812 0.008552759885787964 0.011842310428619385
0 0.04366852715611458 0.5975433588027954 0.08733705431222916 0.08684360980987549
0 0.14572623372077942 0.5546149611473083 0.009868592023849487 0.01578974723815918
0 0.07927770912647247 0.5546149611473083 0.008552782237529755 0.009868621826171875
0 0.032566361129283905 0.5575755834579468 0.029276829212903976 0.019737184047698975
0 0.1289496123790741 0.5526412725448608 0.02269776165485382 0.01776343584060669
1 0.2963867783546448 0.5491872429847717 0.005263239145278931 0.00789487361907959
0 0.12680767476558685 0.5861954689025879 0.058225117623806 0.04687625169754028
0 0.5128378868103027 0.5398120880126953 0.006579101085662842 0.006907999515533447
0 0.2208363264799118 0.5470489263534546 0.028399646282196045 0.04621767997741699
0 0.20164552330970764 0.5768197178840637 0.048356786370277405 0.047863125801086426
1 0.09722299873828888 0.5560952425003052 0.006908014416694641 0.01825690269470215
0 0.5924438834190369 0.5388252139091492 0.04177677631378174 0.06759989261627197
0 0.4829031825065613 0.5457332134246826 0.008552789688110352 0.011842310428619385
1 0.13223916292190552 0.6439257860183716 0.04934296756982803 0.16431206464767456
0 0.5661283731460571 0.5477069616317749 0.015460789203643799 0.01578974723815918
0 0.5588913559913635 0.5457332134246826 0.01809239387512207 0.018750369548797607
0 0.5047548413276672 0.5457332134246826 0.00836479663848877 0.012547194957733154
0 0.0628264844417572 0.5522460341453552 0.015460796654224396 0.017171859741210938
