1 0.6092212200164795 0.5743521451950073 0.031579554080963135 0.10806107521057129
0 0.27039945125579834 0.6103725433349609 0.2342146337032318 0.12187713384628296
1 0.8056062459945679 0.759388267993927 0.07138282060623169 0.4164546728134155
0 0.3348742723464966 0.5353711843490601 0.011184394359588623 0.029112398624420166
0 0.378561794757843 0.5190880298614502 0.01644766330718994 0.017763495445251465
1 0.672051191329956 0.8114774823188782 0.14177876710891724 0.37704503536224365
1 0.8001373410224915 0.5630033016204834 0.03157949447631836 0.10312682390213013
1 0.7450788021087646 0.5886616110801697 0.022039830684661865 0.065132737159729
0 0.5516543984413147 0.537887692451477 0.06283009052276611 0.08393236994743347
0 0.47585418820381165 0.5106997489929199 0.006579041481018066 0.022204339504241943
0 0.4981323480606079 0.5146471858024597 0.025987297296524048 0.0345400869846344
1 0.9575825333595276 0.540305495262146 0.04079020023345947 0.10312682390213013
1 0.6492335200309753 0.5249646306037903 0.015131831169128418 0.05571255087852478
1 0.8368567228317261 0.5541215538978577 0.027961015701293945 0.0942450761795044
1 0.8598834276199341 0.5669507384300232 0.03486901521682739 0.13185536861419678
1 0.9809294939041138 0.9108712077140808 0.038141071796417236 0.1578974723815918
0 0.24901752173900604 0.5437594652175903 0.03421112895011902 0.022204339504241943
0 0.4500078558921814 0.5131669044494629 0.01118442416191101 0.01529628038406372
1 0.4460604190826416 0.5669506788253784 0.024671465158462524 0.08783048391342163
1 0.8207380771636963 0.5348777770996094 0.021381914615631104 0.07401442527770996
1 0.1363511085510254 0.5375916361808777 0.00937516987323761 0.028125524520874023
0 0.42019277811050415 0.5065728425979614 0.01940825581550598 0.03700721263885498
1 0.37204599380493164 0.5501741170883179 0.022039860486984253 0.06118530035018921
0 0.45599472522735596 0.5200749039649963 0.024803131818771362 0.02733612060546875
1 0.2136550396680832 0.519828200340271 0.011842310428619385 0.019737184047698975
1 0.42731010913848877 0.5146471261978149 0.004276394844055176 0.01924377679824829
1 0.3059263825416565 0.7070847749710083 0.12138369679450989 0.314808189868927
0 0.4572448432445526 0.36957883834838867 0.020395100116729736 0.0537838339805603
0 0.3857797682285309 0.5190880298614502 0.00822383165359497 0.016776561737060547
1 0.43750762939453125 0.7732043266296387 0.14769992232322693 0.34885478019714355
0 0.39523717761039734 0.5185946226119995 0.017434537410736084 0.01776343584060669
0 0.4361918568611145 0.5092194080352783 0.01578974723815918 0.016776621341705322
1 0.36043864488601685 0.5185946226119995 0.004276365041732788 0.01529628038406372
0 0.31607335805892944 0.5317084789276123 0.04144808650016785 0.04201740026473999
0 0.2131616175174713 0.5437595248222351 0.0690801590681076 0.046875834465026855
1 0.2753337621688843 0.5210617780685425 0.007565915584564209 0.01529628038406372
1 0.727315366268158 0.5501741170883179 0.027961015701293945 0.09671223163604736
0 0.36809855699539185 0.5116865634918213 0.01578974723815918 0.010855495929718018
0 0.48158735036849976 0.5106997489929199 0.013816028833389282 0.022204339504241943
0 0.40099385380744934 0.5102063417434692 0.011184394359588623 0.003947436809539795
1 0.1674371361732483 0.5590558648109436 0.022039860486984253 0.04983639717102051
1 0.560865044593811 0.8006220459938049 0.130923330783844 0.39875590801239014
0 0.1595422625541687 0.5750924348831177 0.08215554803609848 0.08141589164733887
0 0.28125491738319397 0.5407989025115967 0.04046124219894409 0.027632057666778564
1 0.7579079866409302 0.579779863357544 0.03157949447631836 0.1327325701713562
0 0.5021569132804871 0.5189310312271118 0.028618931770324707 0.03305983543395996
1 0.5923509001731873 0.520285964012146 0.00925755500793457 0.04010862112045288
0 0.36735841631889343 0.5211851000785828 0.00822383165359497 0.010855436325073242
1 0.9049500226974487 0.5491872429847717 0.021381914615631104 0.0942450761795044
0 0.40494129061698914 0.5171142816543579 0.011842310428619385 0.016776621341705322
0 0.468758225440979 0.5116865634918213 0.006579071283340454 0.008388340473175049
1 0.750342071056366 0.6942555904388428 0.10460710525512695 0.30444610118865967
1 0.055264126509428024 0.7505065202713013 0.10625185817480087 0.30444616079330444
0 0.484428346157074 0.5131669044494629 0.01118442416191101 0.016776621341705322
1 0.2131616175174713 0.7903833389282227 0.08750152587890625 0.4192332625389099
0 0.30428165197372437 0.5407989025115967 0.025000423192977905 0.033059775829315186
