2 0.2365172952413559 0.5472135543823242 0.009868592023849487 0.02861887216567993
0 0.9195797443389893 0.6562614440917969 0.16084057092666626 0.17763465642929077
0 0.33322951197624207 0.5368515253067017 0.026645183563232422 0.029112398624420166
0 0.13158124685287476 0.5447463989257812 0.035855889320373535 0.018750369548797607
0 0.20888522267341614 0.537838339805603 0.02269776165485382 0.014802873134613037
0 0.19177967309951782 0.5388252139091492 0.016776621341705322 0.014802932739257812
2 0.2250039279460907 0.5457332134246826 0.00921069085597992 0.028618931770324707
0 0.4996798038482666 0.5368515253067017 0.09046211838722229 0.15641719102859497
0 0.2648072838783264 0.5333974957466125 0.009210675954818726 0.005921125411987305
2 0.24112364649772644 0.544182300567627 0.0076598674058914185 0.024741828441619873
2 0.2496754229068756 0.542772650718689 0.006908014416694641 0.026645183563232422
0 0.2460569441318512 0.536358118057251 0.00789487361907959 0.008881747722625732
0 0.14835786819458008 0.542772650718689 0.021381959319114685 0.018750309944152832
0 0.1730293482542038 0.5417858362197876 0.029934734106063843 0.01776343584060669
0 0.41250723600387573 0.5259960293769836 0.009868592023849487 0.012829184532165527
