0 0.380927711725235 0.5185946226119995 0.011842310428619385 0.01529628038406372
0 0.19390064477920532 0.5914983153343201 0.1505269557237625 0.13914716243743896
0 0.30909204483032227 0.5654703974723816 0.03972214460372925 0.06118738651275635
0 0.5575665235519409 0.5151405930519104 0.028618931770324707 0.03996777534484863
0 0.4838900566101074 0.5185202360153198 0.007286518812179565 0.010929763317108154
0 0.5431135296821594 0.5151405930519104 0.008552789688110352 0.0212174654006958
0 0.3358611464500427 0.5511587858200073 0.04539698362350464 0.05049288272857666
0 0.5440884828567505 0.5166208744049072 0.004605352878570557 0.024178028106689453
0 0.3552693724632263 0.5432660579681396 0.03486901521682739 0.04539555311203003
0 0.5592299699783325 0.5250091552734375 0.013158142566680908 0.0325663685798645
0 0.5414628982543945 0.5166073441505432 0.009539663791656494 0.028618931770324707
0 0.48323214054107666 0.5422792434692383 0.010526478290557861 0.03996783494949341
0 0.5042986273765564 0.5338605642318726 0.049597740173339844 0.08133500814437866
0 0.40658605098724365 0.5536280870437622 0.06644853949546814 0.08832389116287231
0 0.3671116828918457 0.5299434661865234 0.028618931770324707 0.02911233901977539
0 0.4615212380886078 0.5195814371109009 0.03125053644180298 0.043915241956710815
0 0.5365347862243652 0.6019842624664307 0.1404629945755005 0.07848590612411499
0 0.5591938495635986 0.8206784725189209 0.3059263825416565 0.3586429953575134
0 0.5279697775840759 0.5595802068710327 0.08750152587890625 0.04391521215438843
0 0.5171643495559692 0.5269829034805298 0.058822572231292725 0.029067277908325195
0 0.2667809724807739 0.5634967088699341 0.0730275958776474 0.11250197887420654
0 0.5772906541824341 0.5279821157455444 0.036184847354888916 0.04538315534591675
0 0.514811635017395 0.5506675243377686 0.06348797678947449 0.045395493507385254
0 0.4782752990722656 0.52303546667099 0.0055921971797943115 0.00828695297241211
0 0.5917866826057434 0.5408236980438232 0.04638242721557617 0.051316678524017334
