0 0.4898112118244171 0.5373449325561523 0.00789487361907959 0.010855436325073242
0 0.41974419355392456 0.5501741170883179 0.016776621341705322 0.020230591297149658
0 0.4671134352684021 0.5353711843490601 0.005263268947601318 0.0098685622215271
0 0.46645551919937134 0.5373448133468628 0.006907999515533447 0.006414592266082764
0 0.3667827248573303 0.5585623979568481 0.033224254846572876 0.03996777534484863
0 0.43553394079208374 0.5491872429847717 0.003947436809539795 0.00789487361907959
0 0.4503368139266968 0.5432660579681396 0.009868592023849487 0.0098685622215271
0 0.4556000828742981 0.5393185019493103 0.007236957550048828 0.00789487361907959
0 0.49507448077201843 0.5822468996047974 0.05296140909194946 0.05822467803955078
0 0.4904690980911255 0.5472135543823242 0.022697776556015015 0.011842310428619385
0 0.46415287256240845 0.5475424528121948 0.014144986867904663 0.01825690269470215
0 0.4282969832420349 0.5452398061752319 0.01282915472984314 0.01825690269470215
0 0.39309898018836975 0.5546149611473083 0.020066142082214355 0.024178028106689453
0 0.2628343105316162 0.578299343585968 0.07269839942455292 0.04243481159210205
0 0.35099297761917114 0.5565886497497559 0.012829184532165527 0.02417808771133423
0 0.03215516731142998 0.5975433588027954 0.06431033462285995 0.0439152717590332
0 0.3847106695175171 0.5398120880126953 0.018092423677444458 0.033799946308135986
