0 0.4996798038482666 0.5393186807632446 0.00789487361907959 0.010855495929718018
0 0.5042850971221924 0.5393186807632446 0.003289520740509033 0.00592118501663208
0 0.5177721977233887 0.5363579988479614 0.004605352878570557 0.00592118501663208
0 0.46974506974220276 0.5383317470550537 0.007236957550048828 0.011842310428619385
0 0.4651397168636322 0.5432660579681396 0.008552789688110352 0.00789487361907959
0 0.25822821259498596 0.6103725433349609 0.055922046303749084 0.04983639717102051
0 0.4148098826408386 0.5585623979568481 0.020066142082214355 0.019243717193603516
0 0.4388234615325928 0.5482003688812256 0.01611870527267456 0.01924377679824829
0 0.4967191815376282 0.5861945152282715 0.05197462439537048 0.05822467803955078
0 0.5003377199172974 0.5521478652954102 0.02138197422027588 0.011842310428619385
0 0.4758855104446411 0.5498452186584473 0.013487070798873901 0.016776621341705322
0 0.17270039021968842 0.614319920539856 0.12072580307722092 0.11102169752120972
0 0.4715871810913086 0.5401080846786499 0.002236872911453247 0.0061185359954833984
0 0.10592290759086609 0.6064251065254211 0.07072491198778152 0.07598817348480225
0 0.5125089883804321 0.5373449325561523 0.005263268947601318 0.005921125411987305
0 0.2789522409439087 0.5565887093544006 0.04210600256919861 0.0789487361907959
0 0.47487673163414 0.5407001972198486 0.003947436809539795 0.005131661891937256
0 0.5365225076675415 0.5373449325561523 0.004605352878570557 0.006908059120178223
