0 0.4916752576828003 0.5006666779518127 0.006908029317855835 0.010362029075622559
0 0.4199630618095398 0.5220481157302856 0.0019737184047698975 0.009128332138061523
0 0.29704469442367554 0.5052720308303833 0.05822470784187317 0.010361969470977783
0 0.24572798609733582 0.5023114085197449 0.03026367723941803 0.017270058393478394
0 0.5407989025115967 0.5028048753738403 0.009210646152496338 0.01381605863571167
0 0.4266244173049927 0.49305981397628784 0.0019737184047698975 0.0029605627059936523
0 0.41184931993484497 0.4919494092464447 0.014473944902420044 0.01628321409225464
0 0.4825742244720459 0.49639028310775757 0.006908029317855835 0.00296059250831604
0 0.5434305667877197 0.4973771274089813 0.006908059120178223 0.003947436809539795
0 0.45987647771835327 0.4899756908416748 0.006908029317855835 0.010362029075622559
0 0.3782960772514343 0.49737709760665894 0.011513382196426392 0.010361999273300171
0 0.4845479428768158 0.5042851567268372 0.011513352394104004 0.013322621583938599
0 0.19835872948169708 0.503298282623291 0.030263692140579224 0.017270058393478394
0 0.5256670713424683 0.503298282623291 0.011513352394104004 0.014309436082839966
0 0.679617166519165 0.6217213869094849 0.12006789445877075 0.12138372659683228
0 0.4092176854610443 0.5166208744049072 0.030263662338256836 0.03799411654472351
0 0.2805970013141632 0.5437595248222351 0.07204072177410126 0.07845532894134521
0 0.44145509600639343 0.4899756908416748 0.011513352394104004 0.012335747480392456
0 0.44660869240760803 0.49096253514289856 0.006907999515533447 0.003947436809539795
0 0.4542842507362366 0.4899756908416748 0.006908029317855835 0.012335747480392456
0 0.5079035758972168 0.49737709760665894 0.008881747722625732 0.010361999273300171
0 0.36382216215133667 0.49737709760665894 0.011513352394104004 0.010361999273300171
0 0.4730345904827118 0.4954034090042114 0.015131831169128418 0.024671465158462524
0 0.5059299468994141 0.503298282623291 0.00822383165359497 0.010362029075622559
