0 0.38191455602645874 0.5309303998947144 0.0615142285823822 0.04835611581802368
0 0.07960665971040726 0.6222148537635803 0.15921331942081451 0.15987122058868408
0 0.5796154141426086 0.5630033016204834 0.03947436809539795 0.056744396686553955
0 0.0026316249277442694 0.7021504640579224 0.004605344031006098 0.01381605863571167
0 0.542772650718689 0.5353711843490601 0.03223741054534912 0.04144805669784546
0 0.6809329986572266 0.6069185137748718 0.1305944323539734 0.13519978523254395
0 0.2769785523414612 0.5630033016204834 0.07829084992408752 0.062172114849090576
0 0.36327362060546875 0.5434308648109436 0.05548366904258728 0.038981080055236816
0 0.3702373504638672 0.5289552211761475 0.023519963026046753 0.016529381275177002
0 0.3230319619178772 0.5546150207519531 0.06447482109069824 0.059211552143096924
0 0.488495409488678 0.5393186807632446 0.02664521336555481 0.030592620372772217
0 0.5023114681243896 0.5477069616317749 0.017434537410736084 0.012335777282714844
0 0.3845462203025818 0.525502622127533 0.014802902936935425 0.006908059120178223
0 0.18684537708759308 0.6000105142593384 0.1269759237766266 0.08980417251586914
0 0.20526675879955292 0.5738587379455566 0.14638414978981018 0.08832395076751709
0 0.6072474718093872 0.5723784565925598 0.06611955165863037 0.07056045532226562
0 0.41020455956459045 0.5477069616317749 0.011842310428619385 0.010855436325073242
