0 0.02828996814787388 0.6083987951278687 0.05657993629574776 0.08585679531097412
0 0.8901472091674805 0.5644835233688354 0.04473763704299927 0.01381605863571167
0 0.3532956540584564 0.5778061747550964 0.01611870527267456 0.009868621826171875
0 0.3388217091560364 0.5955696105957031 0.013816028833389282 0.03404664993286133
0 0.27413976192474365 0.593840479850769 0.006579071283340454 0.014433681964874268
0 0.37204599380493164 0.5758324265480042 0.005921155214309692 0.0049343109130859375
0 0.5763258934020996 0.5437595248222351 0.20822730660438538 0.3651379644870758
0 0.3825724720954895 0.5721324682235718 0.011842310428619385 0.005921125411987305
0 0.36809855699539185 0.5738587379455566 0.009210675954818726 0.00789487361907959
0 0.8750152587890625 0.5674440860748291 0.02335566282272339 0.011842310428619385
