0 0.3519798517227173 0.48898881673812866 0.015460789203643799 0.014802873134613037
0 0.5526427626609802 0.48931726813316345 0.006908535957336426 0.00328904390335083
0 0.5618515014648438 0.48356130719184875 0.008552789688110352 0.010855436325073242
0 0.5536280870437622 0.4727056622505188 0.005263268947601318 0.006908029317855835
0 0.11052824556827545 0.36415112018585205 0.04473762959241867 0.013816028833389282
0 0.5720494985580444 0.49688369035720825 0.010526478290557861 0.014802902936935425
0 0.5729697346687317 0.46974506974220276 0.006052613258361816 0.004736781120300293
0 0.4996798038482666 0.5383318662643433 0.046711236238479614 0.05255019664764404
0 0.207569420337677 0.5018180012702942 0.03190845251083374 0.016776591539382935
0 0.2720373868942261 0.5037924647331238 0.010197311639785767 0.018998384475708008
0 0.547049880027771 0.49665558338165283 0.009514272212982178 0.013284564018249512
0 0.2972401976585388 0.5004247426986694 0.02341330051422119 0.02229127287864685
0 0.20954498648643494 0.5515439510345459 0.09879498183727264 0.09747964143753052
0 0.3881602883338928 0.487015962600708 0.007236957550048828 0.01085546612739563
0 0.2746758460998535 0.5097128748893738 0.029934734106063843 0.031086087226867676
0 0.49704816937446594 0.47171878814697266 0.005263268947601318 0.0049343109130859375
0 0.5674441456794739 0.4899756908416748 0.008552789688110352 0.01085546612739563
0 0.24539902806282043 0.5106997489929199 0.02532939612865448 0.02911236882209778
0 0.5536280870437622 0.4978705644607544 0.012500226497650146 0.013816028833389282
0 0.5720494985580444 0.4880019426345825 0.007236957550048828 0.006908029317855835
0 0.5182186365127563 0.4857640266418457 0.007530570030212402 0.031086087226867676
0 0.4404682517051697 0.4840545356273651 0.010526508092880249 0.011842310428619385
0 0.4710608720779419 0.4840545058250427 0.006579041481018066 0.005921155214309692
0 0.45658695697784424 0.4840545058250427 0.007236987352371216 0.006908029317855835
0 0.3552693724632263 0.5176077485084534 0.05263251066207886 0.05279695987701416
0 0.5574432611465454 0.46915286779403687 0.011973798274993896 0.010263293981552124
0 0.3805987536907196 0.4958968162536621 0.01611870527267456 0.017763465642929077
0 0.5015222430229187 0.49767249822616577 0.027829766273498535 0.04075658321380615
0 0.5496806502342224 0.5156340003013611 0.027303099632263184 0.03404662013053894
0 0.47566622495651245 0.4939231276512146 0.009868592023849487 0.011842310428619385
0 0.5355356931686401 0.4880019426345825 0.003289520740509033 0.005921155214309692
0 0.5243512988090515 0.4978705644607544 0.020066142082214355 0.02911236882209778
0 0.45296844840049744 0.4810939431190491 0.008552789688110352 0.006907999515533447
0 0.25015756487846375 0.5003381371498108 0.02039538323879242 0.016283631324768066
0 0.5394831299781799 0.48898881673812866 0.009868621826171875 0.013816028833389282
0 0.41096585988998413 0.4972137212753296 0.011185497045516968 0.009541839361190796
0 0.4424419403076172 0.486028254032135 0.011842310428619385 0.011842310428619385
0 0.08506880700588226 0.7842720746994019 0.17013761401176453 0.30374133586883545
0 0.43323126435279846 0.4840545058250427 0.005263268947601318 0.006908029317855835
0 0.06776434183120728 0.5195814371109009 0.048027154058218 0.037007272243499756
0 0.39309898018836975 0.48898881673812866 0.013158142566680908 0.012829184532165527
