0 0.7427558302879333 0.5259968042373657 0.03125154972076416 0.017269611358642578
0 0.22368812561035156 0.5388252139091492 0.018092423677444458 0.01578974723815918
0 0.8322514295578003 0.5259960293769836 0.029276788234710693 0.02615177631378174
0 0.29474198818206787 0.5259960889816284 0.009868592023849487 0.011842310428619385
0 0.02960578165948391 0.7233679294586182 0.05921156331896782 0.19243758916854858
0 0.2328988015651703 0.5319172143936157 0.011184409260749817 0.011842310428619385
0 0.7845531702041626 0.5398120880126953 0.055264174938201904 0.03602039813995361
0 0.1575685441493988 0.5565886497497559 0.03914542496204376 0.04588896036148071
0 0.8049483299255371 0.542772650718689 0.0631590485572815 0.031086087226867676
0 0.8704099655151367 0.538825273513794 0.06908011436462402 0.04588896036148071
1 0.20987209677696228 0.5324106216430664 0.003289535641670227 0.011348903179168701
0 0.13980507850646973 0.5457332134246826 0.00789487361907959 0.012829184532165527
0 0.2634914517402649 0.5269829034805298 0.00789487361907959 0.005921125411987305
0 0.29539990425109863 0.5348777770996094 0.011184394359588623 0.013815999031066895
0 0.3194134831428528 0.5388252139091492 0.017434537410736084 0.018750309944152832
0 0.8361988663673401 0.5447463989257812 0.03519797325134277 0.02713865041732788
0 0.8815944194793701 0.5447463989257812 0.05855363607406616 0.03996783494949341
0 0.00847054272890091 0.6093856692314148 0.01694108545780182 0.042928338050842285
0 0.03404664993286133 0.5916221737861633 0.06809329986572266 0.1075676679611206
0 0.36382216215133667 0.5309303998947144 0.019408226013183594 0.011842310428619385
0 0.1190810278058052 0.5778061747550964 0.04671134054660797 0.05970501899719238
0 0.52303546667099 0.5309303998947144 0.026645183563232422 0.011842310428619385
