0 0.2194117307662964 0.5358646512031555 0.034540072083473206 0.017763495445251465
0 0.9819985628128052 0.5338909029960632 0.03600287437438965 0.01578974723815918
0 0.33799928426742554 0.5218011140823364 0.02138194441795349 0.00789487361907959
0 0.934884786605835 0.5358645915985107 0.02598726749420166 0.008881747722625732
0 0.3973753750324249 0.5156340003013611 0.009868621826171875 0.00789487361907959
0 0.03922766074538231 0.6236951351165771 0.07845532149076462 0.11990344524383545
0 0.31915032863616943 0.5215549468994141 0.011842280626296997 0.0067105889320373535
0 0.8822522759437561 0.5664572715759277 0.09243583679199219 0.0439152717590332
0 0.7111966609954834 0.533890962600708 0.008552789688110352 0.003947436809539795
0 0.15592245757579803 0.587015688419342 0.08300620317459106 0.07088959217071533
0 0.3671116828918457 0.5215551853179932 0.009210705757141113 0.005921125411987305
0 0.2687546908855438 0.5605361461639404 0.035855889320373535 0.04588896036148071
0 0.7338944673538208 0.5338909029960632 0.012500226497650146 0.0049343109130859375
0 0.5648124814033508 0.6123462319374084 0.20427986979484558 0.4001714885234833
0 0.7378418445587158 0.5447463989257812 0.013158142566680908 0.02713865041732788
0 0.3825724720954895 0.5173602104187012 0.02072402834892273 0.010855436325073242
0 0.2921103835105896 0.5215551853179932 0.02138194441795349 0.012829184532165527
0 0.38520413637161255 0.5195814371109009 0.013816028833389282 0.006907999515533447
0 0.36448007822036743 0.5136603116989136 0.01315811276435852 0.008881747722625732
0 0.9890710711479187 0.5506675243377686 0.021857857704162598 0.031086087226867676
0 0.3592168092727661 0.5250091552734375 0.012500226497650146 0.00592118501663208
