1 0.1887090504169464 0.5062586665153503 0.010526493191719055 0.03980329632759094
1 0.8536334037780762 0.4401392936706543 0.007565915584564209 0.030592650175094604
1 0.21381953358650208 0.5102062821388245 0.010526508092880249 0.04736924171447754
1 0.07730398327112198 0.5077391266822815 0.0052632540464401245 0.00789487361907959
0 0.14260104298591614 0.5380850434303284 0.07138283550739288 0.05106997489929199
1 0.46020543575286865 0.4751727879047394 0.008223801851272583 0.028125464916229248
1 0.11480464041233063 0.503298282623291 0.010526493191719055 0.012335747480392456
0 0.9922783374786377 0.9810939431190491 0.01544332504272461 0.037812113761901855
0 0.4342181086540222 0.5092194080352783 0.03782960772514343 0.04835611581802368
0 0.015214081853628159 0.5491872429847717 0.030428163707256317 0.05526411533355713
1 0.20263512432575226 0.5102062821388245 0.008881747722625732 0.04144808650016785
0 0.8462649583816528 0.5054694414138794 0.1765158772468567 0.11536383628845215
0 0.8279750347137451 0.44852757453918457 0.03684276342391968 0.02911236882209778
1 0.8694231510162354 0.5131669044494629 0.036184847354888916 0.1327325701713562
1 0.11940997838973999 0.5023114681243896 0.010526500642299652 0.01924377679824829
1 0.6967227458953857 0.44902101159095764 0.00822383165359497 0.01825690269470215
1 0.7085649967193604 0.4480341672897339 0.00822383165359497 0.019243746995925903
0 0.12598904967308044 0.5215551853179932 0.04868505895137787 0.02911233901977539
1 0.3401375412940979 0.4919493794441223 0.012171268463134766 0.022697776556015015
0 0.14005179703235626 0.7493053674697876 0.2801035940647125 0.5013892650604248
0 0.42106035351753235 0.4891534149646759 0.03410136699676514 0.02500051259994507
0 0.32368987798690796 0.602971076965332 0.15362109243869781 0.18898355960845947
1 0.5990236401557922 0.47171878814697266 0.012829184532165527 0.028125494718551636
1 0.37599343061447144 0.47961366176605225 0.006908029317855835 0.022697776556015015
1 0.4743503928184509 0.47961366176605225 0.01282915472984314 0.0325663685798645
0 0.5401409864425659 0.5669506788253784 0.15822643041610718 0.2620111405849457
0 0.3322426676750183 0.5092194080352783 0.023026734590530396 0.022204339504241943
1 0.3250056803226471 0.4963902533054352 0.012171268463134766 0.03602033853530884
1 0.08783048391342163 0.5156340599060059 0.008881732821464539 0.03503352403640747
0 0.024013577029109 0.503298282623291 0.04769820347428322 0.08289620280265808
1 0.4115203619003296 0.47171878814697266 0.00822383165359497 0.01825690269470215
0 0.8463963866233826 0.4963902533054352 0.17664778232574463 0.11447566747665405
0 0.7783030867576599 0.4495144486427307 0.0707249641418457 0.04835611581802368
0 0.261188805103302 0.537838339805603 0.0865146815776825 0.0675998330116272
1 0.3250056803226471 0.4963902533054352 0.012171268463134766 0.03848749399185181
1 0.42731010913848877 0.4751727879047394 0.012171268463134766 0.01825690269470215
0 0.06447481364011765 0.5269829034805298 0.03782961145043373 0.02911233901977539
1 0.14362230896949768 0.5122786164283752 0.009835630655288696 0.036858558654785156
0 0.37730923295021057 0.5284631848335266 0.09835696220397949 0.09375163912773132
1 0.1996745467185974 0.5121800303459167 0.00822383165359497 0.040461212396621704
0 0.3322426676750183 0.5131669044494629 0.013816028833389282 0.01529628038406372
0 0.45625799894332886 0.5240223407745361 0.048685044050216675 0.06463927030563354
0 0.07861968129873276 0.5496805906295776 0.08240276575088501 0.043421804904937744
0 0.6302741765975952 0.5240223407745361 0.059869468212127686 0.07746845483779907
