0 0.2904655933380127 0.500831127166748 0.0710538923740387 0.02911233901977539
0 0.5368515253067017 0.5575755834579468 0.08750155568122864 0.09523195028305054
0 0.2960578203201294 0.3917831778526306 0.033224254846572876 0.03996780514717102
0 0.3513219356536865 0.5314237475395203 0.07829082012176514 0.0883239209651947
0 0.4733635485172272 0.48306766152381897 0.04440867900848389 0.056744396686553955
0 0.3062553405761719 0.488495409488678 0.06644853949546814 0.03750064969062805
0 0.47796887159347534 0.45518958568573 0.04144808650016785 0.05526414513587952
0 0.5099596977233887 0.5329044461250305 0.06283003091812134 0.07204070687294006
0 0.05394907668232918 0.6254228353500366 0.10756843537092209 0.18108868598937988
0 0.423362672328949 0.4055992066860199 0.04440867900848389 0.04588896036148071
0 0.24270188808441162 0.5300426483154297 0.11671234667301178 0.07746845483779907
0 0.5782995820045471 0.5866879224777222 0.10625183582305908 0.1174362301826477
0 0.2597087025642395 0.5333976149559021 0.131087988615036 0.07450792193412781
0 0.37730923295021057 0.40115833282470703 0.041448116302490234 0.04588896036148071
