1 0.7917901873588562 0.5171142816543579 0.0049343109130859375 0.02417808771133423
0 0.4095466434955597 0.5324106216430664 0.033224284648895264 0.03157949447631836
0 0.5074105858802795 0.5002158880233765 0.016694217920303345 0.028866946697235107
0 0.42599427700042725 0.5699112415313721 0.07269862294197083 0.08536332845687866
0 0.5769658088684082 0.5221635103225708 0.011842310428619385 0.030126214027404785
1 0.013569316826760769 0.5935959219932556 0.027138633653521538 0.10954141616821289
1 0.848462700843811 0.5570114850997925 0.022039830684661865 0.08719581365585327
0 0.5187590718269348 0.5047785639762878 0.007236957550048828 0.012335747480392456
0 0.6082343459129333 0.5116865634918213 0.06151425838470459 0.08684366941452026
0 0.46810030937194824 0.5480029582977295 0.025000423192977905 0.05625104904174805
1 0.666467547416687 0.5236173868179321 0.011901319026947021 0.04119497537612915
1 0.2634914517402649 0.5935959219932556 0.04079018533229828 0.11842310428619385
1 0.33171337842941284 0.5353926420211792 0.016118675470352173 0.03501194715499878
0 0.6523140668869019 0.503298282623291 0.010922014713287354 0.005723536014556885
1 0.7079071402549744 0.508232593536377 0.009210705757141113 0.019243746995925903
1 0.9725411534309387 0.7963955402374268 0.05491769313812256 0.2422739863395691
1 0.7171999216079712 0.5238990783691406 0.009210705757141113 0.04070824384689331
0 0.4746793508529663 0.5047785639762878 0.007236957550048828 0.012335747480392456
1 0.7316510677337646 0.5300778150558472 0.020843565464019775 0.07073971629142761
1 0.37369075417518616 0.5338909029960632 0.011184394359588623 0.03700721263885498
1 0.776658296585083 0.5388252139091492 0.013487040996551514 0.065132737159729
1 0.6678217649459839 0.5243748426437378 0.008270740509033203 0.04032033681869507
0 0.4884953796863556 0.4978705644607544 0.020395100116729736 0.020724058151245117
1 0.1809242218732834 0.5556018352508545 0.01611870527267456 0.08388304710388184
1 0.46887069940567017 0.511985182762146 0.2497532069683075 0.074351966381073
1 0.6957358121871948 0.5274763107299805 0.011184394359588623 0.04835611581802368
1 0.3993490934371948 0.5911287665367126 0.03980332612991333 0.10065960884094238
1 0.6746828556060791 0.5250091552734375 0.013487100601196289 0.04835611581802368
1 0.6440902352333069 0.5146471261978149 0.01019752025604248 0.033059775829315186
1 0.6355374455451965 0.5281493067741394 0.004575490951538086 0.03633427619934082
0 0.2539518177509308 0.5491872429847717 0.13421286642551422 0.1559237539768219
