0 0.4944165349006653 0.5126734375953674 0.013815999031066895 0.013815999031066895
0 0.5562597513198853 0.5126734375953674 0.006579041481018066 0.00789487361907959
0 0.27566272020339966 0.5373449325561523 0.06217212975025177 0.03404664993286133
0 0.4769820272922516 0.5106997489929199 0.018750309944152832 0.028125464916229248
0 0.5595492720603943 0.505765438079834 0.005921125411987305 0.008881747722625732
0 0.5036272406578064 0.5126734375953674 0.009868621826171875 0.01578974723815918
0 0.48652130365371704 0.5139893293380737 0.006140410900115967 0.014144957065582275
0 0.5707336664199829 0.5146471261978149 0.027961015701293945 0.02319115400314331
0 0.4631659984588623 0.5156340599060059 0.017434537410736084 0.02417808771133423
0 0.3128344416618347 0.533890962600708 0.05065879225730896 0.03503352403640747
0 0.42994174361228943 0.5146471261978149 0.0365138053894043 0.018750369548797607
0 0.44507357478141785 0.5126734972000122 0.019408226013183594 0.016776621341705322
0 0.526324987411499 0.5215551853179932 0.02203989028930664 0.021710872650146484
0 0.031415022909641266 0.5664572715759277 0.06283004581928253 0.05082327127456665
0 0.5725654363632202 0.5221191644668579 0.02777278423309326 0.027561485767364502
0 0.37796691060066223 0.524186909198761 0.03103119134902954 0.02039504051208496
0 0.5184301137924194 0.5087260007858276 0.012500226497650146 0.014802932739257812
