0 0.6283004283905029 0.6567549109458923 0.07072490453720093 0.08437645435333252
0 0.3460586667060852 0.6039579510688782 0.054277271032333374 0.03996777534484863
0 0.4269811511039734 0.5516543984413147 0.04046124219894409 0.030592679977416992
0 0.6036289930343628 0.639978289604187 0.05065882205963135 0.06365245580673218
0 0.3687564730644226 0.5876747369766235 0.0460534393787384 0.04835611581802368
0 0.542772650718689 0.572378396987915 0.020395100116729736 0.027632057666778564
0 0.3421112298965454 0.5891550779342651 0.07072493433952332 0.04539555311203003
0 0.5309303402900696 0.5560952425003052 0.018421411514282227 0.024671494960784912
0 0.5631677508354187 0.5876747369766235 0.03782963752746582 0.04835611581802368
0 0.3937568664550781 0.5699112415313721 0.030263692140579224 0.027632057666778564
0 0.4184283912181854 0.5592532753944397 0.0314478874206543 0.025559663772583008
0 0.41864755749702454 0.5528061389923096 0.014802873134613037 0.010855495929718018
0 0.11677853763103485 0.7009173631668091 0.21858927607536316 0.11052823066711426
0 0.503298282623291 0.5447463989257812 0.027632087469100952 0.04835611581802368
0 0.40625715255737305 0.5676089525222778 0.033224284648895264 0.03454011678695679
0 0.4977060556411743 0.56843101978302 0.022039860486984253 0.02615177631378174
0 0.2750049829483032 0.6560149192810059 0.03815832734107971 0.05797773599624634
0 0.1638186275959015 0.663004994392395 0.2083369940519333 0.12467324733734131
0 0.3159595727920532 0.621475100517273 0.07533025741577148 0.0636523962020874
0 0.5904708504676819 0.6098791360855103 0.0424349308013916 0.06611961126327515
0 0.338492751121521 0.5959222316741943 0.03923937678337097 0.024671494960784912
0 0.3036237359046936 0.6039579510688782 0.11579149961471558 0.05526411533355713
0 0.49671924114227295 0.5600427389144897 0.017434507608413696 0.01924377679824829
0 0.3029659390449524 0.6335638761520386 0.017434507608413696 0.04144805669784546
0 0.4269811511039734 0.5491872429847717 0.009210705757141113 0.006908059120178223
0 0.39112526178359985 0.5837273001670837 0.023026704788208008 0.02615177631378174
0 0.26474133133888245 0.6365236639976501 0.08750151097774506 0.07213950157165527
0 0.3687564730644226 0.5753390192985535 0.06908014416694641 0.041448116302490234
0 0.5463911294937134 0.5778061151504517 0.018421411514282227 0.030592620372772217
0 0.3054879307746887 0.6307680606842041 0.06628403067588806 0.062172114849090576
0 0.6628404855728149 0.689074695110321 0.08750152587890625 0.09227132797241211
0 0.44079717993736267 0.5630033016204834 0.007236957550048828 0.006907999515533447
