0 0.30822908878326416 0.500831127166748 0.01118442416191101 0.02220436930656433
0 0.7056044340133667 0.570898175239563 0.09835702180862427 0.0828961730003357
0 0.12039683759212494 0.5185946226119995 0.011842302978038788 0.04144805669784546
0 0.44704729318618774 0.47566622495651245 0.011184394359588623 0.013816028833389282
0 0.47204774618148804 0.4746793508529663 0.009210675954818726 0.01085546612739563
0 0.024178054183721542 0.533890962600708 0.048356108367443085 0.056744396686553955
0 0.22730660438537598 0.500831127166748 0.011842310428619385 0.03305980563163757
0 0.13421288132667542 0.5131669044494629 0.03585589677095413 0.04835611581802368
0 0.480271577835083 0.4731990694999695 0.006579071283340454 0.009868621826171875
0 0.45823168754577637 0.4731990694999695 0.01118442416191101 0.009868621826171875
0 0.4322444200515747 0.4924428164958954 0.015789777040481567 0.01776343584060669
0 0.23553043603897095 0.5047785639762878 0.013816028833389282 0.0246715247631073
0 0.4398103356361389 0.48010706901550293 0.011842310428619385 0.01085546612739563
0 0.5031285285949707 0.5262421369552612 0.056085795164108276 0.07031270861625671
0 0.44902101159095764 0.4939231276512146 0.01578974723815918 0.017763495445251465
0 0.4674423933029175 0.4771465063095093 0.009210705757141113 0.012335717678070068
0 0.15822646021842957 0.5092194080352783 0.034869030117988586 0.04687580466270447
0 0.40658605098724365 0.488495409488678 0.02401357889175415 0.016776591539382935
0 0.9677713513374329 0.6774789690971375 0.06445729732513428 0.1460552215576172
0 0.8842260241508484 0.6345505714416504 0.17927944660186768 0.13223916292190552
0 0.2401357889175415 0.4993508458137512 0.014802888035774231 0.03157949447631836
