0 0.4884953796863556 0.49639028310775757 0.011842310428619385 0.015296339988708496
0 0.5095484256744385 0.47171878814697266 0.009210646152496338 0.006908029317855835
1 0.9365294575691223 0.5528057813644409 0.013596892356872559 0.08799499273300171
1 0.015131843276321888 0.5047785639762878 0.029276827350258827 0.0636523962020874
1 0.7615264654159546 0.5077391862869263 0.017105579376220703 0.07154732942581177
1 0.4428306818008423 0.4897513687610626 0.005921155214309692 0.014892518520355225
1 0.2111876904964447 0.5245157480239868 0.035855889320373535 0.1154625415802002
0 0.5898129343986511 0.4978705644607544 0.019408226013183594 0.0459156334400177
1 0.7658028602600098 0.5028048753738403 0.01381605863571167 0.06266561150550842
1 0.24868854880332947 0.47171878814697266 0.008552774786949158 0.03355321288108826
0 0.2922578454017639 0.6040600538253784 0.15387062728405 0.15730196237564087
0 0.49310070276260376 0.5597826242446899 0.10791882872581482 0.05634433031082153
1 0.08706963807344437 0.4760362505912781 0.023108959197998047 0.040245383977890015
1 0.9000157117843628 0.5491872429847717 0.010526478290557861 0.08437645435333252
0 0.4838900566101074 0.4786267876625061 0.014802902936935425 0.03305980563163757
0 0.22368812561035156 0.5102062821388245 0.12039685249328613 0.05921158194541931
1 0.04457419738173485 0.4796133041381836 0.029276827350258827 0.06414517760276794
0 0.511522114276886 0.476624071598053 0.007236957550048828 0.009868592023849487
1 0.5671151876449585 0.4944165349006653 0.005263209342956543 0.019737213850021362
0 0.6871830821037292 0.6077642440795898 0.1463841199874878 0.14668971300125122
1 0.96657395362854 0.5607006549835205 0.020395100116729736 0.09654784202575684
0 0.6215121150016785 0.5015040040016174 0.04073047637939453 0.04983636736869812
0 0.4618501663208008 0.4840545058250427 0.038487523794174194 0.06463930010795593
1 0.8855417966842651 0.5468189120292664 0.02407938241958618 0.08437633514404297
0 0.5023114085197449 0.4978705644607544 0.031250566244125366 0.03602039813995361
1 0.1621737778186798 0.5092194080352783 0.033059701323509216 0.06710642576217651
1 0.9227135181427002 0.5679375529289246 0.03256630897521973 0.12335741519927979
1 0.22434604167938232 0.525502622127533 0.016447648406028748 0.08338963985443115
1 0.19243758916854858 0.48553481698036194 0.013158127665519714 0.02368462085723877
1 0.20265638828277588 0.5163023471832275 0.015131846070289612 0.05976837873458862
1 0.1790601909160614 0.5093839168548584 0.019079282879829407 0.06365242600440979
0 0.49211385846138 0.5363580584526062 0.08271116018295288 0.03904259204864502
0 0.4194152355194092 0.5092194676399231 0.10954141616821289 0.057731300592422485
1 0.9092264175415039 0.5590558052062988 0.022368788719177246 0.10312682390213013
0 0.45625796914100647 0.7221343517303467 0.26036638021469116 0.3599570393562317
1 0.23158299922943115 0.5146471261978149 0.015131831169128418 0.08338958024978638
0 0.6085026264190674 0.49563711881637573 0.03885108232498169 0.04983636736869812
1 0.3634932041168213 0.48948222398757935 0.01578974723815918 0.04687580466270447
0 0.5539570450782776 0.4934677481651306 0.018801093101501465 0.0246715247631073
1 0.29309722781181335 0.5028048753738403 0.02434253692626953 0.0537838339805603
1 0.2746758460998535 0.5047785639762878 0.023026734590530396 0.05279695987701416
0 0.8306742906570435 0.5911868810653687 0.13004285097122192 0.1192503571510315
1 0.8271652460098267 0.5129011869430542 0.02062278985977173 0.0439152717590332
1 0.7069202661514282 0.500831127166748 0.013158082962036133 0.04884955286979675
0 0.5309303402900696 0.48553481698036194 0.012829184532165527 0.015296339988708496
1 0.42369163036346436 0.47961366176605225 0.005263268947601318 0.00789487361907959
1 0.2099131941795349 0.48664504289627075 0.009868606925010681 0.017578452825546265
1 0.9026473760604858 0.4954034090042114 0.021052956581115723 0.033553242683410645
0 0.5447463989257812 0.48620766401290894 0.006130516529083252 0.0074462890625
0 0.519745945930481 0.47171878814697266 0.04704028367996216 0.020724058151245117
0 0.6030907034873962 0.5695524215698242 0.0804738998413086 0.10133254528045654
1 0.7756714820861816 0.5037916898727417 0.015131831169128418 0.07056042551994324
0 0.4813297688961029 0.461436927318573 0.009282290935516357 0.010135531425476074
1 0.7352102398872375 0.500831127166748 0.013158082962036133 0.05378386378288269
0 0.49112701416015625 0.47532016038894653 0.004605352878570557 0.009868592023849487
0 0.12766672670841217 0.6881369352340698 0.25533345341682434 0.37046700716018677
1 0.2410755455493927 0.5097128748893738 0.01907944679260254 0.06858694553375244
0 0.15921331942081451 0.4786267876625061 0.059869468212127686 0.04687580466270447
1 0.9072526693344116 0.5511609315872192 0.021053016185760498 0.08733707666397095
0 0.5279697775840759 0.48010706901550293 0.008894920349121094 0.011862069368362427
0 0.5369976758956909 0.4991863965988159 0.02653557062149048 0.031140953302383423
0 0.5002479553222656 0.4771465063095093 0.009793847799301147 0.009846150875091553
1 0.656590461730957 0.5185946226119995 0.02368462085723877 0.046875834465026855
