0 0.5381672978401184 0.5087260007858276 0.009210705757141113 0.006908059120178223
0 0.3305978775024414 0.5215551853179932 0.0019737184047698975 0.006908059120178223
0 0.3156316876411438 0.5250091552734375 0.005921155214309692 0.01134878396987915
0 0.5184301137924194 0.5110286474227905 0.0054825544357299805 0.007565915584564209
0 0.5322461128234863 0.5926090478897095 0.08651465177536011 0.10855454206466675
0 0.47040295600891113 0.5156340599060059 0.010526508092880249 0.01381605863571167
0 0.4961271286010742 0.5081338286399841 0.026118874549865723 0.04075726866722107
0 0.4171125590801239 0.5146471858024597 0.00789487361907959 0.0029605627059936523
0 0.37928295135498047 0.5185946226119995 0.008552789688110352 0.00592118501663208
0 0.22434604167938232 0.5319172143936157 0.018750324845314026 0.016776621341705322
0 0.4424419403076172 0.505765438079834 0.04736927151679993 0.0828961730003357
0 0.027961015701293945 0.5457332134246826 0.055264122784137726 0.03799408674240112
0 0.511522114276886 0.5106997489929199 0.007236957550048828 0.008881747722625732
0 0.4789557456970215 0.5146471261978149 0.009210705757141113 0.0098685622215271
0 0.1496736705303192 0.5644835233688354 0.0904621109366417 0.08585673570632935
0 0.4977060556411743 0.5494832992553711 0.04322442412376404 0.048849523067474365
0 0.3559272885322571 0.5176077485084534 0.00789487361907959 0.010855436325073242
0 0.3727039098739624 0.5146471261978149 0.009210675954818726 0.011842310428619385
0 0.40066492557525635 0.5146471261978149 0.01118442416191101 0.003947436809539795
0 0.2269776463508606 0.5329040884971619 0.03256635367870331 0.01578974723815918
0 0.2687547206878662 0.5250091552734375 0.02072402834892273 0.018750369548797607
0 0.10033070296049118 0.5457332134246826 0.02401357889175415 0.025164902210235596
0 0.36250633001327515 0.5156340599060059 0.002631634473800659 0.006907999515533447
0 0.40066492557525635 0.5309303402900696 0.025329381227493286 0.02615177631378174
0 0.19506919384002686 0.5348777770996094 0.029276832938194275 0.024178028106689453
