0 0.511522114276886 0.5037916898727417 0.002631664276123047 0.0029605627059936523
0 0.3796117305755615 0.5109957456588745 0.009210675954818726 0.0098685622215271
0 0.23355671763420105 0.5269829034805298 0.01875033974647522 0.016776561737060547
0 0.2648072838783264 0.5215551853179932 0.02138194441795349 0.019737184047698975
0 0.2536228597164154 0.5250091552734375 0.00789487361907959 0.012829124927520752
0 0.28355759382247925 0.5205683708190918 0.019408226013183594 0.016776621341705322
0 0.3454008102416992 0.5146471261978149 0.005921155214309692 0.008881747722625732
0 0.14309459924697876 0.5398120880126953 0.018750324845314026 0.021710872650146484
0 0.5023114085197449 0.5817536115646362 0.07401442527770996 0.09572535753250122
0 0.47040295600891113 0.5126734375953674 0.01118442416191101 0.013815999031066895
0 0.4963902533054352 0.5064233541488647 0.03125053644180298 0.05082324147224426
0 0.4032965302467346 0.5106997489929199 0.00789487361907959 0.006907999515533447
0 0.3115186095237732 0.5176077485084534 0.01611870527267456 0.013815999031066895
0 0.41184931993484497 0.5106997489929199 0.00789487361907959 0.008881747722625732
0 0.4444156885147095 0.505765438079834 0.04539552330970764 0.07993558049201965
0 0.4190862774848938 0.505765438079834 0.008552789688110352 0.010855436325073242
0 0.1710556298494339 0.5329040288925171 0.027961015701293945 0.02319115400314331
0 0.32599255442619324 0.5156340599060059 0.011184394359588623 0.011842310428619385
0 0.4782978296279907 0.5146471261978149 0.00789487361907959 0.010855495929718018
0 0.383888304233551 0.5215551853179932 0.02401357889175415 0.02911233901977539
0 0.361190527677536 0.5126734972000122 0.00789487361907959 0.008881747722625732
0 0.46689411997795105 0.5093838572502136 0.006359755992889404 0.00789487361907959
0 0.491784930229187 0.5398120880126953 0.03717172145843506 0.03799408674240112
0 0.07730398327112198 0.5368515253067017 0.04243495687842369 0.0310860276222229
0 0.21283267438411713 0.5299434661865234 0.027961015701293945 0.02171093225479126
0 0.3497922420501709 0.5116865634918213 0.01587200164794922 0.010904788970947266
0 0.4828644394874573 0.5134280920028687 0.005108445882797241 0.01131981611251831
0 0.19770082831382751 0.5299434661865234 0.025987297296524048 0.02417808771133423
0 0.5687599182128906 0.5097128748893738 0.012500226497650146 0.010855436325073242
0 0.5164564251899719 0.5087260007858276 0.00789487361907959 0.009868621826171875
0 0.3345453143119812 0.5146471261978149 0.015460819005966187 0.011842310428619385
0 0.29539990425109863 0.520568311214447 0.00789487361907959 0.010855436325073242
0 0.12385059893131256 0.5373449325561523 0.04539553076028824 0.03009927272796631
