0 0.5217196941375732 0.5195814371109009 0.015460789203643799 0.014802873134613037
0 0.5894839763641357 0.5195814371109009 0.011184394359588623 0.010855495929718018
0 0.27204424142837524 0.5491872429847717 0.051974594593048096 0.04194152355194092
0 0.5029693245887756 0.5166208744049072 0.020066142082214355 0.030099213123321533
0 0.5901418924331665 0.5106997489929199 0.005921125411987305 0.00592118501663208
0 0.5302724242210388 0.5185946226119995 0.009868621826171875 0.014802873134613037
0 0.5134958028793335 0.5205683708190918 0.00592118501663208 0.014802873134613037
0 0.6102080345153809 0.5205683708190918 0.03125053644180298 0.025164902210235596
0 0.488495409488678 0.5225419998168945 0.01875033974647522 0.025164902210235596
0 0.31020277738571167 0.5407989621162415 0.05855366587638855 0.04194152355194092
0 0.4516526460647583 0.5205684304237366 0.04221567511558533 0.020724058151245117
0 0.46842923760414124 0.5146471261978149 0.020066142082214355 0.01381605863571167
0 0.5575755834579468 0.5299434661865234 0.022697746753692627 0.025164902210235596
0 0.13717344403266907 0.6064250469207764 0.20822732150554657 0.10065966844558716
0 0.6167870759963989 0.5299434661865234 0.03651374578475952 0.031086087226867676
0 0.38980942964553833 0.5358646512031555 0.03782960772514343 0.021710872650146484
0 0.5523122549057007 0.5146471261978149 0.017434537410736084 0.016776621341705322
