0 0.24298685789108276 0.546062171459198 0.020943403244018555 0.014473915100097656
0 0.17171353101730347 0.5437595248222351 0.016776621341705322 0.009868621826171875
0 0.9095554351806641 0.5398120880126953 0.012500226497650146 0.02615177631378174
0 0.976003885269165 0.5516543388366699 0.009210646152496338 0.040954649448394775
0 0.5621808767318726 0.5496807098388672 0.024671494960784912 0.019737184047698975
0 0.40395408868789673 0.5472136735916138 0.007894843816757202 0.009375214576721191
0 0.7769873142242432 0.537838339805603 0.010526478290557861 0.01578974723815918
0 0.35494041442871094 0.5422792434692383 0.012171268463134766 0.00592118501663208
0 0.48104017972946167 0.5375090837478638 0.009210705757141113 0.00789487361907959
0 0.7483683824539185 0.5309303402900696 0.018092453479766846 0.009868621826171875
0 0.19770082831382751 0.5496806502342224 0.012500226497650146 0.012829184532165527
0 0.7477104663848877 0.5486937761306763 0.018750309944152832 0.0310860276222229
0 0.43520498275756836 0.5477069616317749 0.015460789203643799 0.01578974723815918
0 0.8056062459945679 0.5506675243377686 0.06776434183120728 0.03799408674240112
0 0.8348830342292786 0.5407989025115967 0.03388214111328125 0.0310860276222229
0 0.8990288972854614 0.5368515253067017 0.007236957550048828 0.00789487361907959
