0 0.6180190443992615 0.5272300243377686 0.053206562995910645 0.032812654972076416
0 0.56843101978302 0.5240223407745361 0.010197579860687256 0.012335717678070068
0 0.5869837999343872 0.5289566516876221 0.009276390075683594 0.009967148303985596
0 0.24572798609733582 0.5343843698501587 0.04309286177158356 0.02368462085723877
0 0.596392035484314 0.5259960293769836 0.010197579860687256 0.018750309944152832
0 0.5434305667877197 0.5304368734359741 0.024671435356140137 0.03207296133041382
0 0.5552728772163391 0.5269829034805298 0.008881688117980957 0.013322591781616211
0 0.5924445986747742 0.5590558052062988 0.04671132564544678 0.0523034930229187
0 0.7006701231002808 0.540305495262146 0.07072490453720093 0.04440867900848389
0 0.9714720249176025 0.6074119806289673 0.057055890560150146 0.0976991057395935
0 0.532245934009552 0.5264891386032104 0.002631664276123047 0.0049343109130859375
0 0.7687634229660034 0.5516543984413147 0.11875206232070923 0.06069183349609375
