0 0.5898129343986511 0.7228745222091675 0.05526411533355713 0.06365245580673218
0 0.4674423933029175 0.7337299585342407 0.017434537410736084 0.024671494960784912
0 0.5299434661865234 0.7435985207557678 0.014802873134613037 0.015296339988708496
0 0.5401409864425659 0.7391576766967773 0.011842310428619385 0.027632057666778564
0 0.3687564730644226 0.7391576766967773 0.033224254846572876 0.030592679977416992
0 0.5585623979568481 0.7297824621200562 0.025658369064331055 0.04835611581802368
0 0.44079717993736267 0.7337299585342407 0.03947436809539795 0.03848749399185181
0 0.5207327604293823 0.7283022403717041 0.009210646152496338 0.006907999515533447
0 0.25658345222473145 0.7090584635734558 0.09835699200630188 0.08437645435333252
0 0.49878063797950745 0.7168112993240356 0.020407259464263916 0.019214510917663574
0 0.4921138882637024 0.7312628030776978 0.03947439789772034 0.045395493507385254
0 0.37171703577041626 0.7312628030776978 0.0615142285823822 0.041448116302490234
0 0.4167836010456085 0.7312628030776978 0.01644766330718994 0.006908059120178223
0 0.28289794921875 0.7194210290908813 0.09260299801826477 0.06883388757705688
0 0.4167836308479309 0.7352102398872375 0.014802902936935425 0.010855436325073242
0 0.40658605098724365 0.7391576766967773 0.016447633504867554 0.02615177631378174
0 0.03338874131441116 0.6937621831893921 0.06677748262882233 0.1406274437904358
0 0.5171142816543579 0.7391576766967773 0.01842135190963745 0.02615177631378174
0 0.6954069137573242 0.7312628030776978 0.01743447780609131 0.02615177631378174
0 0.33766981959342957 0.7352108359336853 0.06579113006591797 0.039227962493896484
0 0.9750170707702637 0.7144861817359924 0.04868507385253906 0.08141589164733887
0 0.526324987411499 0.7337299585342407 0.00822383165359497 0.015296339988708496
0 0.5171142816543579 0.7268218994140625 0.00822383165359497 0.006907999515533447
0 0.4167836010456085 0.742118239402771 0.01644766330718994 0.022204339504241943
0 0.1845415234565735 0.7110326886177063 0.10658149421215057 0.09029793739318848
0 0.5463911294937134 0.7381708025932312 0.014802873134613037 0.03700721263885498
0 0.09342110902070999 0.6999309062957764 0.1264832466840744 0.11521655321121216
