0 0.4789557456970215 0.5506675243377686 0.00789487361907959 0.009868621826171875
1 0.34474289417266846 0.565963864326477 0.006250113248825073 0.005427718162536621
0 0.4243495464324951 0.5654704570770264 0.01940825581550598 0.02417808771133423
0 0.46974506974220276 0.5536280870437622 0.003289520740509033 0.006907999515533447
0 0.46579763293266296 0.5546150207519531 0.00789487361907959 0.008881747722625732
0 0.3305978775024414 0.5768193006515503 0.01940825581550598 0.017763495445251465
0 0.47731098532676697 0.5541214942932129 0.00822383165359497 0.011348903179168701
0 0.5009956359863281 0.5565887093544006 0.010526478290557861 0.012829184532165527
0 0.508232593536377 0.5536280870437622 0.003947436809539795 0.010855495929718018
0 0.5157985091209412 0.5531346797943115 0.009539604187011719 0.013322591781616211
0 0.3513219356536865 0.585701048374176 0.03782960772514343 0.04194152355194092
0 0.508232593536377 0.5491872429847717 0.006907999515533447 0.008388280868530273
0 0.49836400151252747 0.5477069616317749 0.004605352878570557 0.0049343109130859375
0 0.4921138882637024 0.5486937165260315 0.004605323076248169 0.0049343109130859375
0 0.4957323670387268 0.5556018352508545 0.003289520740509033 0.007401466369628906
