0 0.49310076236724854 0.636030912399292 0.13355496525764465 0.13223916292190552
0 0.28520235419273376 0.5778061747550964 0.07533025741577148 0.0636523962020874
0 0.026645204052329063 0.6000105142593384 0.05329040810465813 0.09128451347351074
0 0.4049413204193115 0.5975433588027954 0.1019754707813263 0.09769904613494873
0 0.2464682161808014 0.565963864326477 0.03264860808849335 0.037007272243499756
0 0.027049032971262932 0.5759437084197998 0.054098065942525864 0.046991169452667236
0 0.003865199163556099 0.6636629104614258 0.007730398327112198 0.08684360980987549
0 0.20329302549362183 0.5491872429847717 0.029276832938194275 0.022204279899597168
0 0.2116265445947647 0.5656348466873169 0.06611958146095276 0.048849523067474365
0 0.33947962522506714 0.5861945152282715 0.08092248439788818 0.07154732942581177
