0 0.633892834186554 0.5274763107299805 0.057237863540649414 0.037007272243499756
0 0.5743521451950073 0.5240223407745361 0.010855436325073242 0.014309465885162354
0 0.5945842266082764 0.5281339883804321 0.01962977647781372 0.012335717678070068
0 0.2190827876329422 0.5324106216430664 0.0480271577835083 0.024671494960784912
0 0.6128396987915039 0.52303546667099 0.022039830684661865 0.028618931770324707
0 0.5483648777008057 0.5289566516876221 0.02960580587387085 0.03602033853530884
0 0.560373067855835 0.5264891386032104 0.00822383165359497 0.01480323076248169
0 0.5819181203842163 0.5116865634918213 0.00822383165359497 0.012335717678070068
0 0.6190897822380066 0.5704047679901123 0.06250107288360596 0.06710642576217651
0 0.7608736157417297 0.5457332134246826 0.10905206203460693 0.055019497871398926
0 0.5368515253067017 0.5250091552734375 0.003289520740509033 0.004934251308441162
0 0.8680113554000854 0.5662940144538879 0.1623990535736084 0.08240377902984619
