0 0.5664572715759277 0.7431051135063171 0.03519797325134277 0.04440867900848389
0 0.4049413204193115 0.73323655128479 0.013816028833389282 0.03750067949295044
0 0.23432403802871704 0.7613620758056641 0.09682191908359528 0.1013176441192627
0 0.6057124137878418 0.7524802684783936 0.06217223405838013 0.06825780868530273
0 0.43356022238731384 0.7317562103271484 0.04440867900848389 0.051316678524017334
0 0.3404664993286133 0.7470525503158569 0.024013549089431763 0.046875834465026855
0 0.39309898018836975 0.7317562103271484 0.026645183563232422 0.038980960845947266
0 0.29753804206848145 0.7532204389572144 0.05345490574836731 0.06217217445373535
1 0.9821630716323853 0.7939283847808838 0.03567391633987427 0.2521425485610962
0 0.699354350566864 0.7638291716575623 0.15691065788269043 0.167272686958313
0 0.5434305667877197 0.7376773953437805 0.018421411514282227 0.03157949447631836
0 0.3266504406929016 0.7455722689628601 0.03223741054534912 0.05279695987701416
0 0.5266540050506592 0.7361971139907837 0.020395100116729736 0.02368462085723877
0 0.3829014301300049 0.7431051135063171 0.033224254846572876 0.03602039813995361
1 0.13355496525764465 0.7505065202713013 0.021381959319114685 0.0828961730003357
