0 0.20526674389839172 0.5161274671554565 0.07467235624790192 0.0922713577747345
1 0.2365172952413559 0.4164546728134155 0.00822383165359497 0.040461212396621704
0 0.24934646487236023 0.46777135133743286 0.053290411829948425 0.06365242600440979
0 0.15822646021842957 0.5699113011360168 0.12138370424509048 0.1228640079498291
0 0.24474112689495087 0.3764868378639221 0.013816028833389282 0.024671465158462524
0 0.28421550989151 0.4041188955307007 0.023026734590530396 0.02072402834892273
0 0.26776784658432007 0.380927711725235 0.028618931770324707 0.020724058151245117
0 0.49310076236724854 0.5161274671554565 0.08190932869911194 0.09671223163604736
0 0.2694126069545746 0.4248429536819458 0.045066580176353455 0.05674442648887634
0 0.2687547206878662 0.4455670118331909 0.03684273362159729 0.046875834465026855
1 0.2424384504556656 0.4189218282699585 0.00822383165359497 0.036020368337631226
0 0.05690889060497284 0.5792864561080933 0.11217302083969116 0.1460552215576172
0 0.2381620705127716 0.5023114085197449 0.03125055134296417 0.06611955165863037
0 0.2898077070713043 0.4194152355194092 0.012829184532165527 0.036020368337631226
0 0.052961453795433044 0.6636629104614258 0.10592290759086609 0.2151353359222412
0 0.2723731994628906 0.46234363317489624 0.011842310428619385 0.043915241956710815
