1 0.7009991407394409 0.579779863357544 0.0407901406288147 0.12089025974273682
1 0.9065948128700256 0.5491872429847717 0.024671435356140137 0.0942450761795044
2 0.36020368337631226 0.5185946226119995 0.006908029317855835 0.02417808771133423
0 0.4657976031303406 0.5106997489929199 0.014802902936935425 0.016776621341705322
0 0.3372724652290344 0.5328243970870972 0.011184394359588623 0.02911233901977539
0 0.37975043058395386 0.515932559967041 0.01644766330718994 0.01776343584060669
1 0.7289601564407349 0.5437595248222351 0.02631622552871704 0.07401442527770996
1 0.04092169180512428 0.5855036377906799 0.024671481922268867 0.09177792072296143
0 0.5536280870437622 0.5398120880126953 0.05822473764419556 0.08437648415565491
1 0.3424401879310608 0.5185946226119995 0.002631634473800659 0.010362029075622559
0 0.47623342275619507 0.5064629316329956 0.006579071283340454 0.022204339504241943
0 0.500008761882782 0.5143181681632996 0.025987297296524048 0.03454005718231201
1 0.017763469368219376 0.5990236401557922 0.01940823346376419 0.10312676429748535
1 0.09769907593727112 0.6000105142593384 0.021381951868534088 0.10065966844558716
1 0.7852110862731934 0.5467200875282288 0.01776343584060669 0.0942450761795044
1 0.8588966131210327 0.5669506788253784 0.03486907482147217 0.12878519296646118
1 0.0730275958776474 0.570898175239563 0.021381951868534088 0.07401448488235474
0 0.250004380941391 0.5560952425003052 0.035855889320373535 0.04835611581802368
0 0.45066577196121216 0.5131669044494629 0.01282915472984314 0.01529628038406372
1 0.46053433418273926 0.5102062225341797 0.002631634473800659 0.01529628038406372
1 0.0730275958776474 0.573365330696106 0.02039509266614914 0.07401448488235474
0 0.37994086742401123 0.5077391266822815 0.04046124219894409 0.029112309217453003
1 0.4460604190826416 0.5171142816543579 0.008552759885787964 0.020230591297149658
0 0.5332330465316772 0.5615229606628418 0.06743541359901428 0.07204073667526245
1 0.24375426769256592 0.521696150302887 0.01611870527267456 0.02911233901977539
1 0.40625709295272827 0.5171142816543579 0.008552759885787964 0.02417808771133423
0 0.38707780838012695 0.5167709589004517 0.00822383165359497 0.016776621341705322
0 0.438165545463562 0.5116865634918213 0.01118442416191101 0.0098685622215271
0 0.4766530990600586 0.4993508458137512 0.06809332966804504 0.022204309701919556
1 0.1460551917552948 0.5886616110801697 0.027961015701293945 0.09671223163604736
1 0.09342268109321594 0.6039578914642334 0.031579501926898956 0.10312682390213013
0 0.3171684145927429 0.52968430519104 0.04144808650016785 0.04440867900848389
0 0.2131616175174713 0.5560952425003052 0.07006700336933136 0.07352101802825928
1 0.457902729511261 0.5171142816543579 0.010197550058364868 0.02417808771133423
1 0.6806039810180664 0.5348777770996094 0.01611870527267456 0.061185240745544434
1 0.42566531896591187 0.5185946226119995 0.005921155214309692 0.02171093225479126
1 0.4187573194503784 0.5185946226119995 0.008552789688110352 0.02417808771133423
0 0.4836536645889282 0.5077853202819824 0.013816028833389282 0.022204339504241943
1 0.43158650398254395 0.5171142816543579 0.004276394844055176 0.02417808771133423
0 0.40033596754074097 0.5171142816543579 0.014802902936935425 0.016776621341705322
1 0.9602141976356506 0.5348777770996094 0.03157949447631836 0.09671223163604736
0 0.16052912175655365 0.5768193006515503 0.08585676550865173 0.0804290771484375
0 0.28125491738319397 0.5467200875282288 0.03881645202636719 0.037500619888305664
1 0.7579079866409302 0.579779863357544 0.03157949447631836 0.12089025974273682
1 0.6573032140731812 0.5245980024337769 0.01376122236251831 0.05230355262756348
1 0.9286346435546875 0.5437595248222351 0.031579554080963135 0.0981924831867218
1 0.6806040406227112 0.5669506788253784 0.027961015701293945 0.10065966844558716
0 0.5033555626869202 0.5160629749298096 0.028618931770324707 0.033059775829315186
1 0.6675775051116943 0.5348777770996094 0.01611870527267456 0.06611955165863037
0 0.36809855699539185 0.5190175175666809 0.00822383165359497 0.010855436325073242
1 0.010608738288283348 0.6088922023773193 0.021217476576566696 0.10065966844558716
1 0.6190897822380066 0.5430687069892883 0.01644766330718994 0.06197476387023926
0 0.37434864044189453 0.49639028310775757 0.02927681803703308 0.005427747964859009
1 0.1702880859375 0.5281342267990112 0.014748066663742065 0.020230650901794434
0 0.4852488040924072 0.511879563331604 0.01118442416191101 0.016776621341705322
1 0.6094405055046082 0.5185946226119995 0.014693260192871094 0.046875834465026855
1 0.9542930126190186 0.5491872429847717 0.03157949447631836 0.10065963864326477
0 0.3053781986236572 0.5396475195884705 0.02664521336555481 0.03454005718231201
