0 0.5250091552734375 0.5259960889816284 0.015131890773773193 0.01924377679824829
0 0.7314164638519287 0.6547737717628479 0.16939759254455566 0.19440162181854248
0 0.5470490455627441 0.5225419998168945 0.013487100601196289 0.016776621341705322
0 0.4220488667488098 0.5529688596725464 0.027522176504135132 0.03700721263885498
0 0.5478728413581848 0.542772650718689 0.017229318618774414 0.02911233901977539
0 0.4213889539241791 0.5644835233688354 0.01611870527267456 0.03454011678695679
1 0.1210547536611557 0.5753390192985535 0.010197550058364868 0.03256630897521973
0 0.4766530990600586 0.5274763107299805 0.01282915472984314 0.01529628038406372
0 0.534548819065094 0.5250091552734375 0.008552789688110352 0.010361969470977783
1 0.44704729318618774 0.5353711843490601 0.004276394844055176 0.01628321409225464
0 0.22434604167938232 0.614319920539856 0.10625185072422028 0.12483769655227661
0 0.5446068644523621 0.5341716408729553 0.009116530418395996 0.01741039752960205
0 0.5641546249389648 0.5565886497497559 0.043421804904937744 0.06118530035018921
0 0.42672067880630493 0.5434610843658447 0.03210565447807312 0.03779643774032593
0 0.9065037965774536 0.8297343850135803 0.186992347240448 0.34053122997283936
0 0.0471225343644619 0.7159664630889893 0.0942450687289238 0.2077338695526123
0 0.14276565611362457 0.6572483777999878 0.14769995212554932 0.14901572465896606
0 0.40428340435028076 0.5694178342819214 0.03651377558708191 0.04835611581802368
0 0.3865199089050293 0.577312707901001 0.03552696108818054 0.04983639717102051
0 0.537838339805603 0.5250091552734375 0.007565915584564209 0.010361969470977783
0 0.5470490455627441 0.5452398061752319 0.008552789688110352 0.03305983543395996
0 0.5319172143936157 0.542772650718689 0.01611870527267456 0.019243717193603516
0 0.6702429056167603 0.5585601329803467 0.046217381954193115 0.0414503812789917
0 0.4477052092552185 0.5837273001670837 0.04506659507751465 0.04983639717102051
0 0.5368515253067017 0.5501741170883179 0.015131890773773193 0.015296339988708496
0 0.09342268109321594 0.5590558052062988 0.07401444762945175 0.07894879579544067
0 0.3730328679084778 0.5886616110801697 0.04572448134422302 0.050823211669921875
0 0.469087153673172 0.537838339805603 0.01611870527267456 0.022697746753692627
0 0.29901838302612305 0.6611957550048828 0.15723960101604462 0.16677922010421753
0 0.4733635187149048 0.5338909029960632 0.010197550058364868 0.015296339988708496
0 0.47352951765060425 0.5289566516876221 0.012088805437088013 0.01924377679824829
