0 0.35212448239326477 0.4287903904914856 0.015460789203643799 0.013137131929397583
0 0.3118475675582886 0.4495144486427307 0.07664608955383301 0.049342989921569824
0 0.47402143478393555 0.42237579822540283 0.006908029317855835 0.0074014365673065186
0 0.49079805612564087 0.4287903904914856 0.009210675954818726 0.01578974723815918
0 0.0595405139029026 0.4263232350349426 0.018421374261379242 0.009375184774398804
0 0.45746415853500366 0.42731010913848877 0.0049343109130859375 0.015131831169128418
0 0.3707301616668701 0.4421129822731018 0.02730312943458557 0.02372947335243225
0 0.4924428462982178 0.42977726459503174 0.00493428111076355 0.010362029075622559
0 0.500666618347168 0.4307641386985779 0.011184394359588623 0.013816028833389282
1 0.24474112689495087 0.45247501134872437 0.014144986867904663 0.04292836785316467
0 0.48158738017082214 0.4287903904914856 0.0049343109130859375 0.0074014365673065186
1 0.44055646657943726 0.4287903904914856 0.005263239145278931 0.016776621341705322
0 0.46579766273498535 0.4307641386985779 0.012237012386322021 0.013816028833389282
1 0.850014865398407 0.6212279796600342 0.053290367126464844 0.16085803508758545
0 0.5730363130569458 0.43175095319747925 0.010526478290557861 0.008388310670852661
0 0.13122548162937164 0.7685329914093018 0.2624509632587433 0.4629339575767517
0 0.3769803047180176 0.4235682487487793 0.02664521336555481 0.01875033974647522
0 0.331598162651062 0.4223959445953369 0.02896130084991455 0.008408427238464355
0 0.5118510723114014 0.4287903904914856 0.008552789688110352 0.013816028833389282
1 0.21710899472236633 0.4286259412765503 0.007565915584564209 0.017270058393478394
0 0.3468632102012634 0.4475407302379608 0.0289478600025177 0.04192006587982178
0 0.1564478725194931 0.4243495464324951 0.02091917395591736 0.015789777040481567
0 0.5069167613983154 0.42237579822540283 0.006908059120178223 0.008388310670852661
1 0.19000333547592163 0.44902101159095764 0.010921239852905273 0.03799408674240112
0 0.5970499515533447 0.4287903904914856 0.011184394359588623 0.010362029075622559
0 0.4782978296279907 0.4287903904914856 0.01118442416191101 0.01578974723815918
0 0.22829346358776093 0.4263232350349426 0.019737184047698975 0.01282915472984314
0 0.36382216215133667 0.45350056886672974 0.009210675954818726 0.015789777040481567
0 0.4912049174308777 0.6927752494812012 0.23687657713890076 0.3428167700767517
0 0.4944165349006653 0.4287903904914856 0.008552759885787964 0.01578974723815918
1 0.7758594751358032 0.48750853538513184 0.025141417980194092 0.08134543895721436
1 0.7687634229660034 0.4648107588291168 0.015789806842803955 0.05625098943710327
0 0.27688881754875183 0.4287903904914856 0.012500226497650146 0.008029431104660034
0 0.5105352401733398 0.4287903904914856 0.006907999515533447 0.010362029075622559
1 0.21250371634960175 0.45247501134872437 0.007565915584564209 0.036020368337631226
1 0.5901418924331665 0.4322444200515747 0.005263268947601318 0.016776591539382935
0 0.2962755560874939 0.4243495464324951 0.017517894506454468 0.00748482346534729
0 0.41842836141586304 0.4327378273010254 0.02730312943458557 0.016776621341705322
0 0.48948225378990173 0.4287903904914856 0.0049343109130859375 0.009375154972076416
1 0.20070266723632812 0.44815751910209656 0.01023872196674347 0.04033786058425903
1 0.9158055186271667 0.4786267876625061 0.01578974723815918 0.05625101923942566
0 0.46974503993988037 0.423362672328949 0.006250113248825073 0.008388280868530273
