1 0.7204073667526245 0.5250091552734375 0.010197579860687256 0.04835611581802368
0 0.41415199637413025 0.533890962600708 0.03223741054534912 0.030592620372772217
1 0.24053533375263214 0.6908022165298462 0.11916545033454895 0.2720043659210205
1 0.018750328570604324 0.7238613367080688 0.034869030117988586 0.22796452045440674
1 0.34309810400009155 0.6878409385681152 0.0825672447681427 0.25855714082717896
0 0.5151405930519104 0.4924428462982178 0.011184453964233398 0.008388310670852661
0 0.4361918568611145 0.5615229606628418 0.06447479128837585 0.07598817348480225
1 0.25493866205215454 0.5782995820045471 0.022039860486984253 0.06759989261627197
1 0.38323038816452026 0.6537942886352539 0.06118530035018921 0.22401708364486694
0 0.5776416659355164 0.5215551853179932 0.007236957550048828 0.015296339988708496
1 0.44277089834213257 0.56843101978302 0.038158565759658813 0.10460710525512695
1 0.7539612054824829 0.5356162786483765 0.008058249950408936 0.05476737022399902
1 0.49869292974472046 0.6700775623321533 0.04769822955131531 0.22401708364486694
0 0.6052737236022949 0.4993508458137512 0.0578957200050354 0.06069183349609375
1 0.4171125590801239 0.6611957550048828 0.043421804904937744 0.22796452045440674
0 0.4710608720779419 0.5477069616317749 0.027632057666778564 0.059211552143096924
1 0.006579062435775995 0.5644835829734802 0.01315812487155199 0.054770708084106445
1 0.8674494028091431 0.68784099817276 0.12664693593978882 0.30444610118865967
1 0.6503763794898987 0.5195814371109009 0.0088348388671875 0.03727167844772339
0 0.5325751304626465 0.5077391266822815 0.017434537410736084 0.02072402834892273
1 0.5878392457962036 0.5250091552734375 0.013487100601196289 0.020230591297149658
1 0.28882086277008057 0.6789592504501343 0.05361935496330261 0.2368462085723877
1 0.7348812818527222 0.5222939252853394 0.013157963752746582 0.04859888553619385
1 0.8486990928649902 0.5477069616317749 0.028947889804840088 0.11102166771888733
1 0.03330650553107262 0.6804395318031311 0.06661301106214523 0.20279955863952637
0 0.5038461685180664 0.5131669044494629 0.020176470279693604 0.0238497257232666
1 0.3858620226383209 0.6523140668869019 0.04769819974899292 0.21414846181869507
1 0.6092212200164795 0.659715473651886 0.05000084638595581 0.22796452045440674
1 0.6911306977272034 0.5173583626747131 0.009210705757141113 0.03552234172821045
0 0.6605378985404968 0.6014907956123352 0.27961015701293945 0.15444350242614746
0 0.5602071285247803 0.5116865634918213 0.033882200717926025 0.03157946467399597
0 0.4674423933029175 0.5116865634918213 0.030263692140579224 0.020724058151245117
1 0.05855365842580795 0.6991899013519287 0.07565921545028687 0.2422739863395691
1 0.13585764169692993 0.6853737831115723 0.07565921545028687 0.23191195726394653
0 0.4829031825065613 0.5077391862869263 0.014802873134613037 0.01924377679824829
1 0.6806039810180664 0.5171142816543579 0.018750369548797607 0.043421804904937744
1 0.2269776463508606 0.7006701231002808 0.06381689012050629 0.29556435346603394
1 0.12138370424509048 0.7070847749710083 0.08750154078006744 0.31234103441238403
1 0.3796479105949402 0.5333423614501953 0.010599285364151001 0.037555813789367676
1 0.2039509415626526 0.579779863357544 0.02631625533103943 0.10707426071166992
1 0.7102097868919373 0.5171143412590027 0.014473915100097656 0.03700724244117737
1 0.35345667600631714 0.5580735206604004 0.018751710653305054 0.05798548460006714
1 0.021381953731179237 0.5644835829734802 0.018750328570604324 0.03700721263885498
0 0.5023114681243896 0.4986102283000946 0.017434537410736084 0.01924377679824829
1 0.4674423933029175 0.5076914429664612 0.24088922142982483 0.07565376162528992
1 0.6651432514190674 0.5146471261978149 0.011184394359588623 0.028125464916229248
1 0.6098791360855103 0.5250091552734375 0.011184394359588623 0.007401406764984131
1 0.6506693363189697 0.512179970741272 0.007565915584564209 0.028125464916229248
0 0.28158387541770935 0.5363580584526062 0.11414672434329987 0.12533113360404968
