0 0.538496196269989 0.5143183469772339 0.010745763778686523 0.020724058151245117
0 0.9488565325737 0.824521005153656 0.1022869348526001 0.2309250831604004
0 0.3088870048522949 0.5338909029960632 0.057237833738327026 0.08042904734611511
1 0.25493866205215454 0.508232593536377 0.00493428111076355 0.007401466369628906
0 0.5336277484893799 0.5211604833602905 0.007533013820648193 0.021612226963043213
1 0.5118510127067566 0.5126734972000122 0.0049343109130859375 0.01603645086288452
0 0.2648072838783264 0.5477069616317749 0.07763293385505676 0.09276479482650757
0 0.6641563177108765 0.5644835829734802 0.09868592023849487 0.09967279434204102
0 0.42237579822540283 0.5161274671554565 0.01842138171195984 0.033059775829315186
0 0.438165545463562 0.5146471858024597 0.01282915472984314 0.02368462085723877
0 0.5409634113311768 0.5168676376342773 0.006907999515533447 0.02368462085723877
0 0.40855973958969116 0.5200748443603516 0.013816028833389282 0.03565031290054321
0 0.18355584144592285 0.5284631848335266 0.052632495760917664 0.04440867900848389
0 0.7095518708229065 0.5975433588027954 0.1384892463684082 0.13421285152435303
0 0.3829014301300049 0.5200749039649963 0.04046124219894409 0.046875834465026855
0 0.5674441456794739 0.5190880298614502 0.034211158752441406 0.03996777534484863
0 0.21020103991031647 0.5768193006515503 0.10131755471229553 0.09819251298904419
0 0.5470490455627441 0.5161274671554565 0.018421411514282227 0.03157949447631836
1 0.596392035484314 0.5146471858024597 0.012829184532165527 0.04736927151679993
