0 0.9245962500572205 0.707578182220459 0.15080749988555908 0.24276739358901978
0 0.4829031825065613 0.39721089601516724 0.08914628624916077 0.0537838339805603
0 0.4167836308479309 0.46234363317489624 0.02105298638343811 0.03305980563163757
0 0.36809855699539185 0.4608633518218994 0.030263692140579224 0.04144808650016785
0 0.48586374521255493 0.525502622127533 0.1269758939743042 0.2151353359222412
1 0.42389804124832153 0.42329493165016174 0.004605323076248169 0.0169217586517334
0 0.7266574501991272 0.5639901161193848 0.1269758939743042 0.03848749399185181
1 0.011677836067974567 0.5037916898727417 0.023355672135949135 0.07105386257171631
0 0.05131668597459793 0.6123462319374084 0.10263337194919586 0.16283178329467773
0 0.5625098347663879 0.4667844772338867 0.04506659507751465 0.05674442648887634
0 0.5473780035972595 0.4495144486427307 0.01578974723815918 0.02368462085723877
0 0.38915154337882996 0.4608633518218994 0.027632057666778564 0.03996780514717102
0 0.3983622193336487 0.43865901231765747 0.02664521336555481 0.012335747480392456
0 0.3230319619178772 0.4539552927017212 0.0615142285823822 0.07154729962348938
0 0.738828718662262 0.7697502970695496 0.4904690980911255 0.39869117736816406
1 0.40823084115982056 0.43569841980934143 0.0055921971797943115 0.012829184532165527
1 0.6486955881118774 0.45839619636535645 0.024671494960784912 0.07253417372703552
0 0.02574058249592781 0.48010706901550293 0.05148116499185562 0.06759986281394958
0 0.3865199089050293 0.46333047747612 0.022149473428726196 0.03848749399185181
1 0.7720530033111572 0.5126734375953674 0.033224284648895264 0.07697498798370361
1 0.415138840675354 0.4282969832420349 0.0055921971797943115 0.009868592023849487
0 0.8611992597579956 0.5023114681243896 0.07072490453720093 0.07154732942581177
0 0.3569141626358032 0.4579027593135834 0.010197550058364868 0.024671494960784912
0 0.40418940782546997 0.460863322019577 0.01658862829208374 0.0363728404045105
0 0.33125579357147217 0.5185946226119995 0.09375163912773132 0.10608738660812378
0 0.49869292974472046 0.3710591197013855 0.01019752025604248 0.006907999515533447
