0 0.44902101159095764 0.5106997489929199 0.027303099632263184 0.0310860276222229
0 0.5250091552734375 0.486028254032135 0.0019736886024475098 0.00296059250831604
0 0.5296145677566528 0.4919493794441223 0.0026316046714782715 0.00296059250831604
0 0.42237579822540283 0.4919494092464447 0.011842340230941772 0.00789487361907959
0 0.5296145677566528 0.49688369035720825 0.014473974704742432 0.018750309944152832
0 0.5582334399223328 0.4899756908416748 0.008552789688110352 0.01282915472984314
0 0.4384945034980774 0.4919493794441223 0.006579071283340454 0.00296059250831604
0 0.0460534393787384 0.5146471261978149 0.0460534393787384 0.01776343584060669
0 0.39638853073120117 0.4919493794441223 0.0019737184047698975 0.00296059250831604
0 0.4243495464324951 0.500831127166748 0.01315811276435852 0.014802902936935425
0 0.261517733335495 0.500831127166748 0.00789487361907959 0.0029605627059936523
0 0.3079001307487488 0.5116865634918213 0.03914541006088257 0.036020368337631226
0 0.519745945930481 0.500831127166748 0.013158082962036133 0.014802902936935425
0 0.18684537708759308 0.5067522525787354 0.02401357889175415 0.011842310428619385
0 0.4784772992134094 0.4849523901939392 0.00927060842514038 0.009868592023849487
0 0.49310073256492615 0.4939231276512146 0.009210705757141113 0.009868592023849487
0 0.06644853204488754 0.5106997489929199 0.008552778512239456 0.0049343109130859375
0 0.3060948848724365 0.49638861417770386 0.019737809896469116 0.007399797439575195
0 0.11315987259149551 0.5028048753738403 0.034540072083473206 0.01776343584060669
0 0.14704205095767975 0.5269829034805298 0.06973806768655777 0.054770708084106445
0 0.488495409488678 0.4899756908416748 0.006579071283340454 0.00296059250831604
0 0.43388915061950684 0.5087260007858276 0.013816028833389282 0.020724058151245117
0 0.5381672978401184 0.4899756908416748 0.006579041481018066 0.00493428111076355
0 0.4556000828742981 0.500831127166748 0.014473944902420044 0.014802902936935425
0 0.3753355145454407 0.5185946226119995 0.029934734106063843 0.030099213123321533
0 0.009292925707995892 0.574845552444458 0.018585851415991783 0.06167870759963989
0 0.491784930229187 0.4889877140522003 0.006579071283340454 0.0029605627059936523
0 0.21612221002578735 0.500831127166748 0.029276832938194275 0.012829184532165527
0 0.5414568185806274 0.4899756908416748 0.006579101085662842 0.009868592023849487
0 0.4092176854610443 0.49490997195243835 0.008552789688110352 0.003947436809539795
0 0.449678897857666 0.4919493794441223 0.006579071283340454 0.00296059250831604
0 0.3753355145454407 0.5018180012702942 0.02927684783935547 0.017763495445251465
0 0.48356109857559204 0.500831127166748 0.013158142566680908 0.012829184532165527
0 0.49902188777923584 0.486028254032135 0.008552789688110352 0.003947436809539795
0 0.46382391452789307 0.4919493794441223 0.00789487361907959 0.00296059250831604
