1 0.8088957071304321 0.508232593536377 0.01776343584060669 0.035526931285858154
0 0.99425208568573 0.4608633518218994 0.011495888233184814 0.030592650175094604
1 0.14704205095767975 0.45987647771835327 0.011842310428619385 0.04095467925071716
0 0.526324987411499 0.5023114085197449 0.12960752844810486 0.06611955165863037
1 0.7460657358169556 0.508232593536377 0.01611870527267456 0.03947439789772034
0 0.09112001210451126 0.5047785639762878 0.10033069550991058 0.05230355262756348
1 0.16052913665771484 0.45494216680526733 0.008552774786949158 0.043421804904937744
0 0.8704099655151367 0.4840545058250427 0.11776518821716309 0.05674442648887634
0 0.26776784658432007 0.4954034090042114 0.05888260900974274 0.05526411533355713
0 0.6809329986572266 0.570898175239563 0.11315983533859253 0.12138372659683228
0 0.6861965656280518 0.4519815742969513 0.2504429221153259 0.11957436800003052
1 0.1384892761707306 0.468758225440979 0.012829169631004333 0.030592650175094604
0 0.8023166656494141 0.6222148537635803 0.22171437740325928 0.23881995677947998
1 0.7605396509170532 0.505765438079834 0.020395100116729736 0.03700724244117737
0 0.5125089883804321 0.570898175239563 0.09835699200630188 0.1115151047706604
0 0.6312610507011414 0.4840545058250427 0.11052823066711426 0.062172144651412964
0 0.5187590718269348 0.4194152355194092 0.026645183563232422 0.04539555311203003
1 0.7483683824539185 0.508232593536377 0.020395100116729736 0.043421804904937744
2 0.7911322712898254 0.5072457194328308 0.03157949447631836 0.03552696108818054
