0 0.11151498556137085 0.5309306979179382 0.0042765140533447266 0.005921125411987305
0 0.36645376682281494 0.5299434661865234 0.017434507608413696 0.018750309944152832
0 0.28750503063201904 0.520568311214447 0.009210705757141113 0.005921125411987305
0 0.5756679773330688 0.5195814371109009 0.012500226497650146 0.01776343584060669
0 0.19753217697143555 0.5477079749107361 0.04457424581050873 0.03996837139129639
0 0.33684787154197693 0.5309306979179382 0.011842548847198486 0.014803290367126465
0 0.31086069345474243 0.5185946226119995 0.005263239145278931 0.00592118501663208
0 0.02639525942504406 0.581095814704895 0.05279051885008812 0.08223843574523926
0 0.2881629467010498 0.5447463989257812 0.09704115986824036 0.05477064847946167
1 0.004811024758964777 0.5282782912254333 0.006949182134121656 0.021464109420776367
0 0.5184301137924194 0.542772650718689 0.03125053644180298 0.03996777534484863
0 0.46141088008880615 0.5136603116989136 0.029934734106063843 0.047532469034194946
0 0.05329040437936783 0.5279697775840759 0.013158123940229416 0.00789487361907959
0 0.1345418244600296 0.5329040288925171 0.035855889320373535 0.01776343584060669
1 0.5996814966201782 0.5195814371109009 0.004605352878570557 0.014802873134613037
0 0.3338874280452728 0.533890962600708 0.008552789688110352 0.016776621341705322
0 0.5075746774673462 0.5215551853179932 0.011184453964233398 0.012829184532165527
0 0.15033157169818878 0.5309303402900696 0.02401357889175415 0.017763495445251465
0 0.18684537708759308 0.5225419998168945 0.009868592023849487 0.003947436809539795
0 0.5042851567268372 0.5156340003013611 0.00789487361907959 0.00789487361907959
0 0.48257434368133545 0.518101692199707 0.008552759885787964 0.011842310428619385
1 0.5940893888473511 0.5195814371109009 0.005263268947601318 0.01825690269470215
0 0.2575688362121582 0.5442531108856201 0.037500783801078796 0.04292839765548706
0 0.1750030517578125 0.5289566516876221 0.010526493191719055 0.01381605863571167
0 0.07171177864074707 0.5348777770996094 0.026645205914974213 0.020724058151245117
0 0.16085807979106903 0.5279697775840759 0.019408226013183594 0.017763495445251465
0 0.5368515253067017 0.5136603116989136 0.012500226497650146 0.006908059120178223
0 0.2516491413116455 0.5185946226119995 0.02335566282272339 0.040954649448394775
0 0.13388392329216003 0.5615229606628418 0.05723784118890762 0.04292839765548706
1 0.13006776571273804 0.53033846616745 0.006908014416694641 0.01825690269470215
0 0.6394848823547363 0.5126734375953674 0.061843156814575195 0.10559391975402832
0 0.4924428164958954 0.520568311214447 0.00789487361907959 0.009868621826171875
1 0.13519972562789917 0.5901418924331665 0.034869030117988586 0.11743628978729248
0 0.5809311866760254 0.5225420594215393 0.015460789203643799 0.01578974723815918
0 0.5523122549057007 0.5195814371109009 0.017434537410736084 0.018750369548797607
0 0.5217196941375732 0.5166208744049072 0.0098685622215271 0.012829184532165527
1 0.056907691061496735 0.5959401726722717 0.0332244373857975 0.11546289920806885
0 0.09879522770643234 0.5306016206741333 0.01633782684803009 0.0098685622215271
