1 0.5697479248046875 0.5045310258865356 0.008552789688110352 0.03330734372138977
0 0.36974331736564636 0.4840545058250427 0.03947436809539795 0.02911236882209778
0 0.5473780035972595 0.5501741170883179 0.02203989028930664 0.04983639717102051
0 0.6384980082511902 0.5891550779342651 0.09835696220397949 0.10213989019393921
0 0.5401409864425659 0.5501741170883179 0.011842310428619385 0.04292839765548706
0 0.3329005837440491 0.52303546667099 0.04144808650016785 0.03454005718231201
0 0.48586374521255493 0.48948225378990173 0.07171174883842468 0.04539555311203003
0 0.4342181086540222 0.5200749039649963 0.04506656527519226 0.06069186329841614
0 0.5406889319419861 0.5052716732025146 0.043203115463256836 0.03585502505302429
0 0.7838953137397766 0.670570969581604 0.22730660438537598 0.19589155912399292
0 0.591457724571228 0.570898175239563 0.04506659507751465 0.0675998330116272
0 0.5750100612640381 0.5615229606628418 0.051645636558532715 0.06611961126327515
0 0.3559272885322571 0.5131669044494629 0.06611958146095276 0.0345400869846344
0 0.5417858362197876 0.5516543984413147 0.014802873134613037 0.046875834465026855
0 0.13421288132667542 0.5654704570770264 0.02763206511735916 0.04835611581802368
0 0.5544346570968628 0.5534907579421997 0.024789750576019287 0.057101666927337646
0 0.3421112596988678 0.537838339805603 0.01644766330718994 0.024671494960784912
0 0.24375426769256592 0.5560952425003052 0.24835962057113647 0.1559237837791443
