0 0.6033795475959778 0.5245150923728943 0.042186856269836426 0.030345559120178223
0 0.5648125410079956 0.5240223407745361 0.00822383165359497 0.012335717678070068
0 0.5775305032730103 0.5263227224349976 0.00822383165359497 0.007729828357696533
0 0.2697415351867676 0.5324106216430664 0.03421112895011902 0.02368462085723877
0 0.5875102877616882 0.5220485925674438 0.006908059120178223 0.013322591781616211
0 0.5394831299781799 0.5289566516876221 0.02203989028930664 0.02861887216567993
0 0.5524754524230957 0.5269820690155029 0.008881747722625732 0.014309465885162354
0 0.577312707901001 0.5486937761306763 0.037829577922821045 0.046382367610931396
0 0.6637664437294006 0.5365222692489624 0.054934024810791016 0.0353618860244751
0 0.8792791366577148 0.5585610866546631 0.19292575120925903 0.11126476526260376
0 0.7125124931335449 0.542772650718689 0.09144896268844604 0.045395493507385254
