0 0.31086069345474243 0.5319172143936157 0.016776591539382935 0.019737184047698975
0 0.26173701882362366 0.5190877318382263 0.011184334754943848 0.005921125411987305
0 0.34474286437034607 0.5156340599060059 0.00789487361907959 0.011842310428619385
0 0.25230705738067627 0.5398120880126953 0.018750324845314026 0.025164902210235596
0 0.272702157497406 0.5240223407745361 0.009868592023849487 0.008881747722625732
0 0.2766495645046234 0.5536280870437622 0.00789487361907959 0.02615177631378174
0 0.25691238045692444 0.5447463989257812 0.019408226013183594 0.029112398624420166
0 0.3884936571121216 0.5447463989257812 0.02927681803703308 0.028125464916229248
0 0.2608598470687866 0.5486937761306763 0.01315811276435852 0.03996783494949341
0 0.36579588055610657 0.5146471261978149 0.00789487361907959 0.011842310428619385
0 0.2940840721130371 0.5195814371109009 0.009868592023849487 0.008881747722625732
0 0.3460586667060852 0.5368515253067017 0.016776591539382935 0.02171093225479126
0 0.23224090039730072 0.5250091552734375 0.00789487361907959 0.0098685622215271
0 0.33388739824295044 0.5146471261978149 0.006579071283340454 0.011842310428619385
0 0.29474198818206787 0.5546149611473083 0.0480271577835083 0.0577312707901001
0 0.24342530965805054 0.5388252139091492 0.00789487361907959 0.024178028106689453
0 0.3592168092727661 0.5388252139091492 0.022039860486984253 0.027138590812683105
0 0.27046558260917664 0.5500750541687012 0.01611870527267456 0.04509943723678589
0 0.3753355145454407 0.5136603116989136 0.00789487361907959 0.013815999031066895
1 0.3055974245071411 0.5250091552734375 0.005921155214309692 0.010361969470977783
