0 0.45099472999572754 0.5037916898727417 0.006579041481018066 0.0029605627059936523
0 0.44112613797187805 0.5106997489929199 0.008552789688110352 0.012829184532165527
0 0.40855979919433594 0.5279697775840759 0.022697776556015015 0.02911233901977539
0 0.4899991750717163 0.4999852776527405 0.00916367769241333 0.014873415231704712
0 0.5907998085021973 0.500831127166748 0.0032895803451538086 0.0029605627059936523
0 0.5171142816543579 0.5417857766151428 0.033882200717926025 0.038980960845947266
0 0.5088905096054077 0.5176076889038086 0.022039830684661865 0.025164902210235596
0 0.5720494985580444 0.5106997489929199 0.009210705757141113 0.011842310428619385
0 0.5450752973556519 0.5037916898727417 0.005263268947601318 0.00592118501663208
0 0.5062588453292847 0.500831127166748 0.011184394359588623 0.011842340230941772
0 0.45658695697784424 0.5106997489929199 0.009210675954818726 0.0098685622215271
0 0.38915154337882996 0.5018179416656494 0.011184394359588623 0.025164902210235596
0 0.24934646487236023 0.5388252139091492 0.05855363607406616 0.0577312707901001
0 0.8210669755935669 0.5457332134246826 0.11381775140762329 0.048849523067474365
0 0.4579027593135834 0.5018180012702942 0.00789487361907959 0.00789487361907959
0 0.5342198610305786 0.5106997489929199 0.011184394359588623 0.014802873134613037
0 0.4618501663208008 0.5106997489929199 0.0019737184047698975 0.0029606223106384277
0 0.8643978238105774 0.6834001541137695 0.2712043523788452 0.29309719800949097
0 0.3825724720954895 0.5250091552734375 0.022039860486984253 0.019737184047698975
0 0.4659525156021118 0.510467529296875 0.007391750812530518 0.011958420276641846
0 0.380598783493042 0.5067523121833801 0.022039860486984253 0.015789777040481567
0 0.42731010913848877 0.5205683708190918 0.02401357889175415 0.025164902210235596
0 0.46464669704437256 0.5047785639762878 0.00789487361907959 0.00789487361907959
0 0.31086069345474243 0.5388252139091492 0.046711355447769165 0.04983639717102051
0 0.39112526178359985 0.5477069616317749 0.04868507385253906 0.06167870759963989
0 0.512179970741272 0.5067522525787354 0.013158142566680908 0.008881747722625732
0 0.5210617780685425 0.5087260007858276 0.0019736886024475098 0.013815999031066895
0 0.9513324499130249 0.5447463989257812 0.09506744146347046 0.07006698846817017
0 0.446389377117157 0.5146471261978149 0.012500196695327759 0.014802873134613037
0 0.4072439670562744 0.5126734375953674 0.01611870527267456 0.010855436325073242
