0 0.7098808288574219 0.537838339805603 0.043750762939453125 0.025164902210235596
0 0.9108712077140808 0.5546149611473083 0.057895779609680176 0.03602039813995361
0 0.35230839252471924 0.5417858362197876 0.021711021661758423 0.023684799671173096
0 0.3325716257095337 0.5348777770996094 0.017434507608413696 0.01578974723815918
0 0.27007049322128296 0.531423807144165 0.013487070798873901 0.008881747722625732
0 0.32516956329345703 0.5375916957855225 0.008059531450271606 0.012088954448699951
0 0.2549372911453247 0.5362594723701477 0.01927676796913147 0.00789487361907959
0 0.017023324966430664 0.5556018352508545 0.03404664993286133 0.04095470905303955
0 0.23158244788646698 0.5358647704124451 0.025658369064331055 0.009375214576721191
0 0.0046053435653448105 0.5329040884971619 0.009210687130689621 0.01578974723815918
0 0.4444156885147095 0.5348777770996094 0.031250566244125366 0.019737184047698975
0 0.11118615418672562 0.5368515253067017 0.028618916869163513 0.01776343584060669
0 0.5407989025115967 0.5319172143936157 0.041777074337005615 0.018750309944152832
0 0.37599343061447144 0.5289566516876221 0.025987297296524048 0.02171093225479126
0 0.48356109857559204 0.5319172143936157 0.03125053644180298 0.018750309944152832
