0 0.10658081620931625 0.6523140668869019 0.2131616324186325 0.22056305408477783
0 0.44342881441116333 0.5639901161193848 0.017434537410736084 0.010855436325073242
0 0.2365172952413559 0.537838339805603 0.20526674389839172 0.07154732942581177
0 0.5243512988090515 0.570898175239563 0.028618931770324707 0.03157949447631836
0 0.70001220703125 0.6039578914642334 0.1536211371421814 0.19589155912399292
0 0.37254011631011963 0.5669506788253784 0.07861888408660889 0.035279929637908936
0 0.5960630178451538 0.5531346797943115 0.12796276807785034 0.07598817348480225
0 0.47204774618148804 0.5807667374610901 0.016447633504867554 0.008388280868530273
0 0.2733600437641144 0.5669506788253784 0.13421286642551422 0.10065966844558716
0 0.1269759088754654 0.6014907956123352 0.2539518177509308 0.14506828784942627
0 0.852555513381958 0.6952424049377441 0.294888973236084 0.36809855699539185
0 0.2409902811050415 0.5790892839431763 0.17520099878311157 0.12069326639175415
