0 0.43783658742904663 0.5210617780685425 0.009539633989334106 0.006414592266082764
1 0.5352067351341248 0.531423807144165 0.0049343109130859375 0.019737184047698975
0 0.5095484256744385 0.517361044883728 0.00592118501663208 0.010362029075622559
0 0.12714038789272308 0.7278087735176086 0.25428077578544617 0.3251701593399048
0 0.49277180433273315 0.5210617780685425 0.0055921971797943115 0.006414592266082764
0 0.4996798038482666 0.5233176350593567 0.008223801851272583 0.005357503890991211
2 0.5204038619995117 0.5220485925674438 0.003289520740509033 0.011348903179168701
0 0.44992566108703613 0.5178236365318298 0.0049343109130859375 0.006414532661437988
0 0.4822452664375305 0.5215551853179932 0.007894903421401978 0.00789487361907959
0 0.5292855501174927 0.52303546667099 0.008881747722625732 0.010362029075622559
0 0.4542842507362366 0.5240223407745361 0.011513382196426392 0.015296339988708496
0 0.48191630840301514 0.528709888458252 0.006579071283340454 0.01381605863571167
0 0.571720540523529 0.5343843698501587 0.04736924171447754 0.026645183563232422
0 0.5029693245887756 0.5425259470939636 0.025329381227493286 0.026645183563232422
0 0.5079035758972168 0.5220485925674438 0.00822383165359497 0.010362029075622559
0 0.4825742244720459 0.5235289335250854 0.008223801851272583 0.010361969470977783
0 0.4710608720779419 0.5306836366653442 0.01842135190963745 0.024671494960784912
0 0.49836400151252747 0.5326573848724365 0.013158142566680908 0.015296339988708496
0 0.5036272406578064 0.5210617780685425 0.005592226982116699 0.008388340473175049
