0 0.3052684962749481 0.5477069616317749 0.027303099632263184 0.02368462085723877
0 0.37961190938949585 0.5570821166038513 0.05888259410858154 0.031086087226867676
1 0.9868593215942383 0.620241105556488 0.024671494960784912 0.11200857162475586
0 0.4075729250907898 0.5393186807632446 0.051316678524017334 0.022697746753692627
1 0.2713863253593445 0.5393186807632446 0.018092423677444458 0.03207296133041382
0 0.20592465996742249 0.560042679309845 0.05559307336807251 0.0577312707901001
0 0.9562579989433289 0.8053096532821655 0.08748400211334229 0.3893807530403137
0 0.4983639717102051 0.5506675243377686 0.049342960119247437 0.04095470905303955
0 0.18322861194610596 0.5383309125900269 0.03782960772514343 0.03404664993286133
0 0.11677835881710052 0.5477069616317749 0.04934296756982803 0.04736924171447754
1 0.05659336596727371 0.5911256670951843 0.026859689503908157 0.08092248439788818
1 0.27204424142837524 0.6113593578338623 0.027961015701293945 0.12779825925827026
0 0.24572798609733582 0.5516543984413147 0.03092159330844879 0.0424349308013916
