0 0.5361936092376709 0.5250091552734375 0.00789487361907959 0.0098685622215271
0 0.4651397466659546 0.5195814371109009 0.022039860486984253 0.03404664993286133
0 0.6493535041809082 0.5195814371109009 0.017434537410736084 0.00592118501663208
0 0.5108641982078552 0.579779863357544 0.05526411533355713 0.05871814489364624
0 0.45231056213378906 0.5447463989257812 0.025329381227493286 0.03799408674240112
0 0.1671081930398941 0.5935959219932556 0.08783049136400223 0.0730276107788086
0 0.573365330696106 0.5259960293769836 0.006579101085662842 0.0029605627059936523
0 0.5151405930519104 0.5205683708190918 0.02138197422027588 0.025164902210235596
0 0.2860243022441864 0.539170503616333 0.023914873600006104 0.014654815196990967
0 0.4092176854610443 0.5225419998168945 0.007236957550048828 0.003947436809539795
0 0.4072439670562744 0.5319172143936157 0.010526478290557861 0.021710872650146484
0 0.37007227540016174 0.5457332134246826 0.02401357889175415 0.02615177631378174
0 0.5434305667877197 0.5225419998168945 0.00789487361907959 0.011842310428619385
0 0.2401357889175415 0.537838339805603 0.02203984558582306 0.012829184532165527
0 0.12763381004333496 0.542772650718689 0.026645205914974213 0.012829184532165527
0 0.26809680461883545 0.5348777770996094 0.004605352878570557 0.006908059120178223
0 0.38980942964553833 0.5388252139091492 0.017434507608413696 0.01578974723815918
0 0.2927681803703308 0.520321249961853 0.042270660400390625 0.027138590812683105
0 0.4365208148956299 0.5319172143936157 0.010526508092880249 0.011842310428619385
0 0.6792882084846497 0.5176077485084534 0.009210705757141113 0.0029605627059936523
0 0.3651379942893982 0.5398120880126953 0.013816028833389282 0.02615177631378174
0 0.5394831299781799 0.5388252139091492 0.02138197422027588 0.02516496181488037
0 0.2555965781211853 0.5585623979568481 0.03322426974773407 0.03700721263885498
0 0.10592290759086609 0.5916222333908081 0.07598817348480225 0.06365245580673218
0 0.4000070095062256 0.5240223407745361 0.006579071283340454 0.00789487361907959
0 0.5269829034805298 0.5225419998168945 0.009868621826171875 0.01381605863571167
0 0.4444156885147095 0.5215551853179932 0.010526508092880249 0.009868621826171875
0 0.48717957735061646 0.5299434661865234 0.020066142082214355 0.025164902210235596
0 0.1710556298494339 0.5388252139091492 0.022039860486984253 0.010855436325073242
0 0.5529701709747314 0.5250091552734375 0.011184394359588623 0.016776621341705322
0 0.23026719689369202 0.537838339805603 0.024671480059623718 0.011842310428619385
0 0.2361883521080017 0.5758324265480042 0.058553650975227356 0.046875834465026855
0 0.30658429861068726 0.5516543984413147 0.031250566244125366 0.03700721263885498
0 0.3246767520904541 0.542772650718689 0.01118442416191101 0.012829184532165527
