0 0.357901006937027 0.5299434661865234 0.027961015701293945 0.03207296133041382
0 0.4457314908504486 0.5161274671554565 0.003947436809539795 0.006907999515533447
0 0.41974419355392456 0.5195814371109009 0.005263239145278931 0.00592118501663208
0 0.45231056213378906 0.5121800303459167 0.003289550542831421 0.0049343109130859375
0 0.4417840540409088 0.5185946226119995 0.003289520740509033 0.0049343109130859375
0 0.4957323670387268 0.5338909029960632 0.08848837018013 0.15740403532981873
0 0.013240363448858261 0.5546149611473083 0.026480726897716522 0.018750309944152832
0 0.45099472999572754 0.5175254940986633 0.003289520740509033 0.0049343109130859375
0 0.0500008761882782 0.5447463989257812 0.06315900385379791 0.025164902210235596
0 0.4365208148956299 0.5195814371109009 0.008552759885787964 0.00789487361907959
