0 0.5276408195495605 0.5018180012702942 0.006579041481018066 0.01085546612739563
0 0.039145421236753464 0.5398120880126953 0.06447481364011765 0.04588896036148071
0 0.3727039098739624 0.5087260007858276 0.010526508092880249 0.011842310428619385
0 0.5164563655853271 0.5037916898727417 0.004605352878570557 0.006907999515533447
0 0.37730923295021057 0.5077391862869263 0.0026316046714782715 0.008881747722625732
0 0.25099122524261475 0.5205683708190918 0.01677660644054413 0.016776621341705322
0 0.5190880298614502 0.574845552444458 0.07483690977096558 0.09523195028305054
0 0.4723767042160034 0.5087260007858276 0.01118442416191101 0.013815999031066895
0 0.5003377199172974 0.5018179416656494 0.030592620372772217 0.048849523067474365
0 0.1289496272802353 0.533890962600708 0.0325663685798645 0.02417808771133423
0 0.2814749479293823 0.5227063894271851 0.024013519287109375 0.01611870527267456
0 0.2674388885498047 0.5195814371109009 0.02138197422027588 0.01381605863571167
0 0.2036219835281372 0.5269829034805298 0.03125053644180298 0.016776561737060547
0 0.4457314908504486 0.500831127166748 0.04868507385253906 0.08486989140510559
0 0.48356109857559204 0.5077391862869263 0.008552789688110352 0.0098685622215271
0 0.32796627283096313 0.5259960889816284 0.038487523794174194 0.04292839765548706
0 0.3865199089050293 0.5087260007858276 0.008552759885787964 0.008881747722625732
0 0.47040295600891113 0.5060943365097046 0.00723692774772644 0.010526537895202637
0 0.5042850971221924 0.5368515253067017 0.03914541006088257 0.03996783494949341
0 0.2921103835105896 0.5146471261978149 0.01315811276435852 0.01381605863571167
0 0.292768269777298 0.5156340003013611 0.011842310428619385 0.012829184532165527
0 0.35658520460128784 0.5106997489929199 0.01315811276435852 0.011842310428619385
0 0.21612221002578735 0.5225419998168945 0.023355677723884583 0.02417808771133423
0 0.30855804681777954 0.5156340599060059 0.010526508092880249 0.011842310428619385
0 0.4873988628387451 0.5077390670776367 0.004605323076248169 0.011184394359588623
0 0.34540078043937683 0.5106997489929199 0.009210705757141113 0.011842310428619385
0 0.2269776463508606 0.5225419998168945 0.004605337977409363 0.016776621341705322
0 0.4177704453468323 0.5185946226119995 0.010526508092880249 0.02171093225479126
0 0.5296145081520081 0.5047785639762878 0.008552789688110352 0.010855436325073242
0 0.40066489577293396 0.505765438079834 0.008552789688110352 0.008881747722625732
0 0.34342706203460693 0.5146471261978149 0.00789487361907959 0.0098685622215271
