0 0.38632261753082275 0.5327065587043762 0.018815964460372925 0.04026377201080322
0 0.17401620745658875 0.5891550779342651 0.1095413938164711 0.13816028833389282
0 0.448692262172699 0.5285617113113403 0.034408390522003174 0.04253345727920532
0 0.3981155753135681 0.5284631848335266 0.02039507031440735 0.036637067794799805
0 0.41415196657180786 0.5284631848335266 0.01282915472984314 0.02911233901977539
0 0.40855976939201355 0.5299434661865234 0.011842310428619385 0.030592620372772217
0 0.5571179986000061 0.5151405930519104 0.028618931770324707 0.03996777534484863
0 0.4838900566101074 0.5171142816543579 0.011842310428619385 0.01381605863571167
0 0.5437079668045044 0.5151405930519104 0.008552730083465576 0.0212174654006958
0 0.3513219356536865 0.5491872429847717 0.01842135190963745 0.046875834465026855
0 0.5440884828567505 0.5166208744049072 0.004605352878570557 0.024178028106689453
0 0.36053264141082764 0.5432660579681396 0.03223738074302673 0.04687577486038208
0 0.5597089529037476 0.5250091552734375 0.013158082962036133 0.0325663685798645
0 0.5417618751525879 0.5159345865249634 0.009539604187011719 0.028618931770324707
0 0.5049430131912231 0.5314232707023621 0.04539519548416138 0.07549378275871277
0 0.36809855699539185 0.537838339805603 0.035855889320373535 0.046875834465026855
0 0.2707284092903137 0.6276425123214722 0.19177965819835663 0.23191195726394653
0 0.4671128988265991 0.5223308801651001 0.02020743489265442 0.030311167240142822
0 0.537143886089325 0.6019842624664307 0.1404629647731781 0.08000868558883667
0 0.5578781962394714 0.8181499242782593 0.3059264123439789 0.36370015144348145
0 0.5279697775840759 0.5611220598220825 0.08750152587890625 0.04391521215438843
0 0.5175254344940186 0.5269829034805298 0.055675238370895386 0.027632057666778564
0 0.2572413384914398 0.5111931562423706 0.05493515729904175 0.01578974723815918
0 0.5761942863464355 0.5285989046096802 0.036184847354888916 0.04476642608642578
0 0.513726532459259 0.5554031133651733 0.06817662715911865 0.05837208032608032
0 0.47693967819213867 0.5223671197891235 0.005814969539642334 0.005284130573272705
0 0.4213889539241791 0.5240223407745361 0.012829184532165527 0.027632057666778564
0 0.5917866826057434 0.5420571565628052 0.04638242721557617 0.051316678524017334
0 0.46678340435028076 0.5110899209976196 0.018289148807525635 0.013906240463256836
