0 0.8049482703208923 0.5250091552734375 0.0480271577835083 0.033059775829315186
0 0.4542842507362366 0.5176076889038086 0.020066112279891968 0.016776621341705322
1 0.01315812487155199 0.770243763923645 0.023355672135949135 0.06611961126327515
0 0.7874041199684143 0.5120155215263367 0.016776561737060547 0.009868621826171875
1 0.12796276807785034 0.7194204330444336 0.08355409651994705 0.21661561727523804
1 0.033553220331668854 0.6197476983070374 0.01842137612402439 0.07549476623535156
0 0.06315900385379791 0.5605361461639404 0.12171266227960587 0.1055939793586731
0 0.7424473166465759 0.5187740921974182 0.023834228515625 0.030637502670288086
1 0.015912914648652077 0.5953846573829651 0.03178500756621361 0.12711989879608154
0 0.7171177864074707 0.500831127166748 0.11842316389083862 0.043915241956710815
0 0.8523175716400146 0.5225419998168945 0.05855363607406616 0.030099213123321533
0 0.767776608467102 0.5176077485084534 0.0365138053894043 0.027138590812683105
0 0.43520498275756836 0.5329040288925171 0.029934734106063843 0.03799408674240112
1 0.2944130301475525 0.6503403186798096 0.056908875703811646 0.21266818046569824
0 0.3538937568664551 0.5412474870681763 0.034988611936569214 0.04669642448425293
0 0.9023184180259705 0.500831127166748 0.07730400562286377 0.04095467925071716
0 0.303952693939209 0.5269829034805298 0.03914541006088257 0.019737184047698975
0 0.6825777292251587 0.5190880298614502 0.03223741054534912 0.033553242683410645
1 0.02828996814787388 0.7060978412628174 0.05361935868859291 0.1825689673423767
0 0.31597769260406494 0.5466104745864868 0.05526411533355713 0.05597686767578125
0 0.39112526178359985 0.5329040288925171 0.030592620372772217 0.03799408674240112
0 0.12631800770759583 0.6005039215087891 0.12434427440166473 0.11990344524383545
0 0.7834566831588745 0.5057653188705444 0.009868621826171875 0.006907999515533447
0 0.966299831867218 0.5126734972000122 0.05592203140258789 0.04292839765548706
0 0.2226354032754898 0.542772650718689 0.09546217322349548 0.04963904619216919
0 0.76185542345047 0.5368515253067017 0.046053409576416016 0.04687577486038208
0 0.5421147346496582 0.5116865634918213 0.012500226497650146 0.012829184532165527
0 0.31809765100479126 0.5205683708190918 0.05394831299781799 0.016776621341705322
1 0.9934384822845459 0.5161274671554565 0.006907999515533447 0.03404664993286133
0 0.36145371198654175 0.5233973264694214 0.032303184270858765 0.02911233901977539
0 0.4684292674064636 0.5195814371109009 0.012500196695327759 0.012829124927520752
1 0.7993888854980469 0.5085780024528503 0.002861917018890381 0.004144787788391113
