0 0.8330737352371216 0.5319175720214844 0.05065882205963135 0.033059775829315186
0 0.45231056213378906 0.5240223407745361 0.02072402834892273 0.018750309944152832
1 0.9197529554367065 0.5333974957466125 0.006907999515533447 0.015296339988708496
0 0.8086608052253723 0.5166208744049072 0.01903235912322998 0.009022653102874756
0 0.029276827350258827 0.5674441456794739 0.058553654700517654 0.03207290172576904
0 0.762677788734436 0.5259960889816284 0.028618931770324707 0.033059775829315186
1 0.02751307748258114 0.5579341650009155 0.021052997559309006 0.03602033853530884
0 0.7307842969894409 0.5096231698989868 0.12434428930282593 0.047952353954315186
0 0.8908050656318665 0.5348777770996094 0.07598817348480225 0.0439152717590332
0 0.7131704092025757 0.5269829034805298 0.037829577922821045 0.03700721263885498
0 0.3865199089050293 0.5526412725448608 0.054606229066848755 0.06167870759963989
1 0.6792881488800049 0.8062641024589539 0.14375251531600952 0.35724306106567383
0 0.3421618342399597 0.5480863451957703 0.04106855392456055 0.04884958267211914
0 0.9240293502807617 0.5060945153236389 0.08476036787033081 0.05806031823158264
0 0.29572874307632446 0.5329040288925171 0.05065876245498657 0.016776621341705322
0 0.6000105142593384 0.5259960889816284 0.06579065322875977 0.03996783494949341
1 0.9717274904251099 0.5457332134246826 0.013158142566680908 0.06463927030563354
0 0.2940841019153595 0.5577728748321533 0.06052738428115845 0.0652313232421875
0 0.3825724720954895 0.520074725151062 0.025329381227493286 0.006167769432067871
0 0.06003391742706299 0.6315900087356567 0.12006783485412598 0.14477235078811646
0 0.7898163795471191 0.5221472978591919 0.046053409576416016 0.030099213123321533
0 0.9832408428192139 0.5195814371109009 0.03190845251083374 0.04588896036148071
1 0.9561015367507935 0.5479534268379211 0.01858508586883545 0.06513237953186035
0 0.1962204873561859 0.5494338870048523 0.11315988004207611 0.05748450756072998
0 0.7917901873588562 0.5447463989257812 0.05526411533355713 0.048849523067474365
0 0.5463911294937134 0.5166208744049072 0.012500226497650146 0.012829184532165527
0 0.3099885582923889 0.5251469016075134 0.050429344177246094 0.018750309944152832
0 0.35411810874938965 0.532657265663147 0.031250566244125366 0.030099213123321533
1 0.9189296960830688 0.5284623503684998 0.013486623764038086 0.027138113975524902
0 0.4684292674064636 0.5259960293769836 0.012500196695327759 0.012829184532165527
