0 0.3563380837440491 0.49096253514289856 0.014802873134613037 0.005427718162536621
1 0.9812905788421631 0.6434323191642761 0.03741878271102905 0.2521425485610962
0 0.7858690023422241 0.5106997489929199 0.009210705757141113 0.010855495929718018
1 0.7783030867576599 0.6113593578338623 0.04079020023345947 0.2116813063621521
0 0.9401479959487915 0.6075107455253601 0.08552783727645874 0.10381758213043213
0 0.9539640545845032 0.500831127166748 0.06085634231567383 0.03454005718231201
0 0.14901576936244965 0.5023114085197449 0.020395100116729736 0.006908029317855835
0 0.41053348779678345 0.49096253514289856 0.0055921971797943115 0.006907999515533447
1 0.7927770614624023 0.5990236401557922 0.01940828561782837 0.17960846424102783
0 0.39474374055862427 0.4978705644607544 0.011842310428619385 0.019243746995925903
0 0.9288738965988159 0.5744643211364746 0.1415993571281433 0.12163043022155762
0 0.3287341594696045 0.5067521333694458 0.025329291820526123 0.030099153518676758
0 0.9806092977523804 0.5106997489929199 0.037829577922821045 0.020724058151245117
0 0.4115203619003296 0.4771465063095093 0.003618478775024414 0.005427718162536621
0 0.9976238012313843 0.4862748980522156 0.00475233793258667 0.030346006155014038
0 0.7812637090682983 0.49961206316947937 0.018595516681671143 0.022204339504241943
0 0.12533113360404968 0.5037916898727417 0.02598728984594345 0.008388340473175049
0 0.899357795715332 0.5106997489929199 0.08125144243240356 0.03602033853530884
0 0.1365155428647995 0.5398120880126953 0.0884883925318718 0.08585679531097412
0 0.15033158659934998 0.5047785639762878 0.021381959319114685 0.013815999031066895
0 0.8681073188781738 0.5077391862869263 0.02401357889175415 0.01924377679824829
0 0.9750170707702637 0.6404717564582825 0.011842310428619385 0.046875834465026855
0 0.32928207516670227 0.5062588453292847 0.027632057666778564 0.02911233901977539
1 0.9125159978866577 0.577312707901001 0.05263251066207886 0.12878519296646118
1 0.7638291120529175 0.5644835829734802 0.011842310428619385 0.04736924171447754
0 0.4059281647205353 0.5077391266822815 0.01644766330718994 0.029112309217453003
0 0.22960928082466125 0.48701509833335876 0.14671307802200317 0.20329302549362183
0 0.08264946937561035 0.7194204926490784 0.1652989387512207 0.2654651403427124
0 0.5776511430740356 0.5466774702072144 0.3421112298965454 0.5338909029960632
0 0.37730923295021057 0.5185946226119995 0.044079720973968506 0.06908014416694641
0 0.35510510206222534 0.5077390670776367 0.026809662580490112 0.03602027893066406
1 0.837843656539917 0.6320834159851074 0.04835611581802368 0.219082772731781
1 0.756263256072998 0.5950762033462524 0.02368462085723877 0.14901578426361084
0 0.3993490934371948 0.4954034090042114 0.004605352878570557 0.008388280868530273
