0 0.8658046722412109 0.7159664630889893 0.26776784658432007 0.2674388885498047
1 0.6039579510688782 0.5018180012702942 0.005921125411987305 0.019243746995925903
0 0.49869292974472046 0.48553481698036194 0.011842340230941772 0.015296339988708496
0 0.3917831778526306 0.46777135133743286 0.011842310428619385 0.015296310186386108
0 0.3993490934371948 0.46777135133743286 0.01019752025604248 0.01085546612739563
1 0.07039596885442734 0.503298282623291 0.012829169631004333 0.019243746995925903
0 0.8207380771636963 0.5491872429847717 0.07631713151931763 0.07746851444244385
0 0.5253381729125977 0.4963902533054352 0.014802873134613037 0.01776343584060669
0 0.7056044340133667 0.5240223407745361 0.05329042673110962 0.0577312707901001
0 0.3917831778526306 0.46333047747612 0.00822383165359497 0.008388280868530273
0 0.37434864044189453 0.4746793508529663 0.0036185085773468018 0.009868592023849487
0 0.3440849781036377 0.4939231276512146 0.020395100116729736 0.01085546612739563
0 0.3307621479034424 0.5200749039649963 0.03503355383872986 0.05107000470161438
0 0.3993490934371948 0.5092194080352783 0.01019752025604248 0.01529628038406372
1 0.10296232998371124 0.5018180012702942 0.012829169631004333 0.017763495445251465
0 0.059293799102306366 0.5861944556236267 0.11858759820461273 0.13914716243743896
0 0.40494129061698914 0.4731990694999695 0.004605352878570557 0.012335717678070068
1 0.5816989541053772 0.4866863191127777 0.004276394844055176 0.01924377679824829
0 0.5161274671554565 0.48158735036849976 0.012829184532165527 0.015296310186386108
0 0.380927711725235 0.5200749039649963 0.020395100116729736 0.046875834465026855
0 0.2631624937057495 0.5200748443603516 0.020395100116729736 0.033059775829315186
0 0.10658080875873566 0.5477069616317749 0.07829084247350693 0.07598817348480225
0 0.5283644199371338 0.5051735043525696 0.01381605863571167 0.020724058151245117
1 0.08190932869911194 0.5023114681243896 0.004605337977409363 0.01924377679824829
0 0.5381669998168945 0.4712250530719757 0.013486862182617188 0.028125345706939697
0 0.5381672978401184 0.5116865634918213 0.019408226013183594 0.024671494960784912
1 0.26250457763671875 0.5018180012702942 0.008552759885787964 0.019243746995925903
0 0.614484429359436 0.5146471261978149 0.026645183563232422 0.027632057666778564
0 0.28882086277008057 0.5215551853179932 0.033224254846572876 0.048356086015701294
1 0.588826060295105 0.4904690980911255 0.007565915584564209 0.022697776556015015
0 0.5488582849502563 0.4786267578601837 0.014309465885162354 0.01727008819580078
1 0.5829049348831177 0.49293625354766846 0.004276394844055176 0.019243746995925903
0 0.5585623979568481 0.5161274671554565 0.03388214111328125 0.046875834465026855
0 0.5740231871604919 0.5309303402900696 0.051645636558532715 0.05526411533355713
0 0.4977060556411743 0.5023114085197449 0.016447633504867554 0.02072402834892273
0 0.6431033611297607 0.5161274671554565 0.03388214111328125 0.0345400869846344
1 0.1190810278058052 0.508232593536377 0.012829169631004333 0.019243746995925903
0 0.5108640789985657 0.46629106998443604 0.0141448974609375 0.02615174651145935
1 0.5973787307739258 0.5000087022781372 0.007785201072692871 0.01924377679824829
0 0.23553043603897095 0.525502622127533 0.04704028367996216 0.06611958146095276
0 0.8960683345794678 0.5491872429847717 0.11875206232070923 0.09375166893005371
2 0.588826060295105 0.503298282623291 0.008552730083465576 0.019243746995925903
0 0.3901383876800537 0.48010706901550293 0.01282915472984314 0.013816028833389282
