0 0.3625068664550781 0.5277242064476013 0.09095650911331177 0.13791581988334656
0 0.2595440149307251 0.5639901161193848 0.05789576470851898 0.06365245580673218
0 0.8343808650970459 0.8291175961494446 0.3312382698059082 0.34176480770111084
0 0.49310073256492615 0.5477069616317749 0.020395100116729736 0.04983639717102051
0 0.5417882204055786 0.5696660280227661 0.07829135656356812 0.10140097141265869
0 0.06324123591184616 0.6291228532791138 0.12648247182369232 0.1944112777709961
0 0.6292873620986938 0.639978289604187 0.1628318428993225 0.20279961824417114
0 0.7327495813369751 0.5654711723327637 0.08092385530471802 0.09054476022720337
0 0.4829031825065613 0.5407989025115967 0.023026704788208008 0.030592620372772217
0 0.6569193601608276 0.5215551853179932 0.08355408906936646 0.048356086015701294
0 0.5207327604293823 0.5501741170883179 0.061514198780059814 0.07845532894134521
0 0.31086069345474243 0.5363580584526062 0.017434507608413696 0.0439152717590332
0 0.5511643886566162 0.5911306142807007 0.06776553392410278 0.10806292295455933
