0 0.491784930229187 0.5225420594215393 0.02138197422027588 0.02615177631378174
0 0.3358611464500427 0.5106997489929199 0.020066142082214355 0.0098685622215271
0 0.4671134352684021 0.5047785639762878 0.0026316046714782715 0.0029605627059936523
0 0.5069167613983154 0.500831127166748 0.005921125411987305 0.008881717920303345
0 0.4937586188316345 0.5028048753738403 0.005263239145278931 0.004934251308441162
0 0.45544031262397766 0.500831127166748 0.0026316046714782715 0.0029605627059936523
0 0.5184301137924194 0.5106997489929199 0.012500226497650146 0.01578974723815918
0 0.4996798038482666 0.500831127166748 0.00789487361907959 0.011842340230941772
0 0.4243495464324951 0.5126734972000122 0.01118442416191101 0.011842310428619385
0 0.3753355145454407 0.5250091552734375 0.027303099632263184 0.0310860276222229
0 0.5204038619995117 0.5126734972000122 0.0098685622215271 0.011842310428619385
0 0.30263686180114746 0.533890962600708 0.043750762939453125 0.04588896036148071
0 0.0365137942135334 0.5995171070098877 0.07236968725919724 0.1327325701713562
0 0.44902101159095764 0.5250091552734375 0.016776621341705322 0.020723998546600342
0 0.4710608720779419 0.5067522525787354 0.003289520740509033 0.004934251308441162
0 0.38915154337882996 0.5087260007858276 0.006579041481018066 0.0049343109130859375
0 0.44573312997817993 0.5093849897384644 0.01118442416191101 0.011842310428619385
0 0.4338891804218292 0.5329040288925171 0.02401357889175415 0.02713865041732788
0 0.20855800807476044 0.5615229606628418 0.1578972041606903 0.14704161882400513
0 0.1573505699634552 0.5288429260253906 0.02422778308391571 0.01370328664779663
0 0.47566622495651245 0.505765438079834 0.002631634473800659 0.0049343109130859375
0 0.3139073848724365 0.5136606693267822 0.008059561252593994 0.003947436809539795
0 0.35461145639419556 0.5087260007858276 0.011842310428619385 0.0049343109130859375
0 0.4000070095062256 0.520568311214447 0.02138194441795349 0.023191213607788086
0 0.4657976031303406 0.5126734972000122 0.009868592023849487 0.011842310428619385
0 0.4842190146446228 0.5047786235809326 0.006579071283340454 0.003947436809539795
0 0.511522114276886 0.5018180012702942 0.002631664276123047 0.003947407007217407
0 0.2595440149307251 0.5329040288925171 0.0006579160690307617 0.0009868741035461426
