0 0.5358646512031555 0.5077391266822815 0.007236957550048828 0.023684591054916382
1 0.7605396509170532 0.5245157480239868 0.008552730083465576 0.0325663685798645
0 0.5628387928009033 0.500831127166748 0.01019752025604248 0.012335747480392456
1 0.26414936780929565 0.5412923693656921 0.027632057666778564 0.08240270614624023
1 0.2555965781211853 0.5590558052062988 0.026974141597747803 0.10016626119613647
0 0.5424436926841736 0.5037916898727417 0.009210705757141113 0.017763465642929077
1 0.7796188592910767 0.5126734375953674 0.012500226497650146 0.038487523794174194
1 0.38407596945762634 0.5377680063247681 0.020019114017486572 0.07041960954666138
0 0.6833450794219971 0.5047785639762878 0.044847309589385986 0.015296310186386108
1 0.35461145639419556 0.5482003688812256 0.0190792977809906 0.07746845483779907
0 0.6818115711212158 0.5378385782241821 0.04177731275558472 0.04588896036148071
0 0.5204038619995117 0.5092194676399231 0.028618931770324707 0.05526414513587952
0 0.6190897822380066 0.5131669044494629 0.02138197422027588 0.026151716709136963
0 0.6421164870262146 0.5245157480239868 0.019408226013183594 0.03157949447631836
0 0.7325786352157593 0.5536280870437622 0.05888265371322632 0.060691893100738525
1 0.2694126069545746 0.5472135543823242 0.02434253692626953 0.07746845483779907
1 0.5480358600616455 0.5570821166038513 0.0325663685798645 0.07746851444244385
0 0.5102063417434692 0.5383318066596985 0.01842135190963745 0.05279695987701416
0 0.6444206833839417 0.527229905128479 0.019901514053344727 0.03750067949295044
1 0.8273171186447144 0.5472135543823242 0.017105579376220703 0.06957358121871948
1 0.8127017021179199 0.5149291753768921 0.012500226497650146 0.035103946924209595
1 0.7861980199813843 0.5235289335250854 0.012500226497650146 0.0325663685798645
1 0.596392035484314 0.5116865634918213 0.0098685622215271 0.025658339262008667
0 0.5092194676399231 0.5176077485084534 0.023026734590530396 0.015296339988708496
0 0.022780003026127815 0.9540786743164062 0.04556000605225563 0.0918426513671875
1 0.5776417255401611 0.5037916898727417 0.003947436809539795 0.015789717435836792
0 0.6069185137748718 0.5106997489929199 0.01578974723815918 0.020724058151245117
1 0.48915329575538635 0.5037916898727417 0.008552789688110352 0.024671494960784912
1 0.7477104663848877 0.5600427389144897 0.0325663685798645 0.08240276575088501
0 0.4861927330493927 0.5506675243377686 0.05625098943710327 0.07204073667526245
1 0.8783046007156372 0.525009274482727 0.012500226497650146 0.0365138053894043
0 0.537838339805603 0.5047785639762878 0.011184394359588623 0.019243717193603516
0 0.576654851436615 0.5023114085197449 0.01578974723815918 0.02072402834892273
1 0.7246837615966797 0.5037916898727417 0.008552730083465576 0.02072402834892273
0 0.630207896232605 0.5190879702568054 0.016184449195861816 0.03059256076812744
1 0.3460586965084076 0.5472135543823242 0.02368462085723877 0.07253414392471313
1 0.35329556465148926 0.5304367542266846 0.019079267978668213 0.07056042551994324
0 0.6246819496154785 0.5161274671554565 0.020395100116729736 0.024671494960784912
0 0.6641563177108765 0.5299434661865234 0.037829577922821045 0.04983639717102051
1 0.7809346914291382 0.5106997489929199 0.015131890773773193 0.035526931285858154
0 0.74540776014328 0.5590558052062988 0.05888259410858154 0.05970495939254761
0 0.7056044340133667 0.5452398061752319 0.0480271577835083 0.048356056213378906
1 0.4786267876625061 0.560042679309845 0.02697417140007019 0.08141589164733887
1 0.9618582725524902 0.5583978891372681 0.030099093914031982 0.0873369574546814
0 0.5664572715759277 0.5023114085197449 0.006579041481018066 0.009868592023849487
0 0.6273136138916016 0.5200748443603516 0.007236957550048828 0.024671494960784912
