1 0.9592273235321045 0.540305495262146 0.027961015701293945 0.094245046377182
1 0.7654739618301392 0.570898175239563 0.024671494960784912 0.12089031934738159
2 0.08421200513839722 0.6103725433349609 0.04572448879480362 0.13766688108444214
1 0.8394883871078491 0.5477069616317749 0.024671494960784912 0.0942450761795044
2 0.36776959896087646 0.5121800303459167 0.006907999515533447 0.024178028106689453
0 0.42237579822540283 0.5077391862869263 0.025000423192977905 0.016776621341705322
1 0.46810030937194824 0.505765438079834 0.005921155214309692 0.015296339988708496
0 0.3374847173690796 0.531550943851471 0.011184394359588623 0.02911233901977539
0 0.37992358207702637 0.5147638320922852 0.016447633504867554 0.01776343584060669
1 0.7128413915634155 0.5452398061752319 0.023684680461883545 0.08388304710388184
0 0.46415287256240845 0.5047785639762878 0.02138194441795349 0.015296310186386108
1 0.022039860486984253 0.5541215538978577 0.012829171493649483 0.03700721263885498
0 0.5539575815200806 0.5353711843490601 0.059869468212127686 0.08289831876754761
1 0.3457297384738922 0.5146471261978149 0.006907999515533447 0.020230591297149658
0 0.38750678300857544 0.5062588453292847 0.00822383165359497 0.016776621341705322
0 0.47691404819488525 0.5049315094947815 0.006579071283340454 0.022204309701919556
0 0.500008761882782 0.5110282897949219 0.025987297296524048 0.03454011678695679
1 0.022039860486984253 0.5911287665367126 0.022039860486984253 0.09917938709259033
1 0.09506745636463165 0.5926090478897095 0.024671487510204315 0.09177792072296143
1 0.8197512030601501 0.5338909029960632 0.017763495445251465 0.08141586184501648
1 0.858238697052002 0.5620164275169373 0.03223741054534912 0.1287851631641388
1 0.0654616728425026 0.5516543984413147 0.008552778512239456 0.03700721263885498
0 0.2523075342178345 0.5521478652954102 0.03519800305366516 0.04835611581802368
1 0.4707319140434265 0.505765438079834 0.005921155214309692 0.017763495445251465
0 0.4521467685699463 0.5102062821388245 0.012829184532165527 0.015296339988708496
1 0.45209044218063354 0.500831127166748 0.0019740164279937744 0.0029610395431518555
1 0.0595405176281929 0.5733652710914612 0.0230267196893692 0.08141589164733887
0 0.37434864044189453 0.503298282623291 0.025658339262008667 0.02368462085723877
1 0.4358628988265991 0.5121800303459167 0.006908029317855835 0.024178028106689453
0 0.533562958240509 0.557575523853302 0.06677699089050293 0.0730283260345459
1 0.24680882692337036 0.5171142816543579 0.016118720173835754 0.029112398624420166
1 0.39671745896339417 0.5121800303459167 0.008552789688110352 0.024178028106689453
0 0.38836508989334106 0.5148400068283081 0.00822383165359497 0.016776621341705322
0 0.49310073256492615 0.49096256494522095 0.037829577922821045 0.012335747480392456
1 0.21250371634960175 0.5743521451950073 0.027961015701293945 0.09671223163604736
1 0.0365137979388237 0.6064250469207764 0.03322426229715347 0.10806113481521606
0 0.31741511821746826 0.5285740494728088 0.04144808650016785 0.04440867900848389
0 0.21628738939762115 0.5528869032859802 0.06957289576530457 0.07401371002197266
1 0.4416179656982422 0.5121800303459167 0.005921155214309692 0.024178028106689453
1 0.6908016204833984 0.5324106216430664 0.01611870527267456 0.06611955165863037
1 0.4417840242385864 0.5136603116989136 0.005921155214309692 0.024178028106689453
1 0.4079018831253052 0.5171142816543579 0.007565915584564209 0.02417808771133423
0 0.41579675674438477 0.5023114085197449 0.03486901521682739 0.027632087469100952
0 0.4841676950454712 0.5063974857330322 0.013816028833389282 0.022204339504241943
2 0.9592185616493225 0.7773075103759766 0.08156287670135498 0.44538503885269165
1 0.9914647340774536 0.5388252139091492 0.01611870527267456 0.08042904734611511
1 0.4207310378551483 0.5171142816543579 0.004276394844055176 0.02417808771133423
0 0.4017179012298584 0.5133147239685059 0.01569119095802307 0.01766490936279297
0 0.16052913665771484 0.5713915824890137 0.08125142753124237 0.08437645435333252
0 0.28322863578796387 0.5437595248222351 0.03881645202636719 0.038980960845947266
1 0.7579079866409302 0.5753390192985535 0.03157949447631836 0.12089025974273682
1 0.6552746295928955 0.5245157480239868 0.01578974723815918 0.05131670832633972
1 0.8717257976531982 0.505765438079834 0.01611870527267456 0.03207293152809143
1 0.6817015409469604 0.5630033016204834 0.027961015701293945 0.10065966844558716
0 0.5044998526573181 0.5147756934165955 0.028618961572647095 0.03305980563163757
1 0.6746170520782471 0.5348777770996094 0.01611870527267456 0.06611955165863037
1 0.013487078249454498 0.6039578914642334 0.024671483784914017 0.10065966844558716
1 0.6033000349998474 0.540305495262146 0.02138197422027588 0.06118530035018921
1 0.17555129528045654 0.5274763107299805 0.014254629611968994 0.018092453479766846
0 0.4861070215702057 0.5108067989349365 0.011184394359588623 0.016776621341705322
1 0.6156365871429443 0.5185946226119995 0.01611870527267456 0.04736927151679993
1 0.8776469230651855 0.5491872429847717 0.013487100601196289 0.10065963864326477
0 0.30617570877075195 0.5384512543678284 0.02664521336555481 0.03454005718231201
