0 0.5944182872772217 0.5200749039649963 0.025658369064331055 0.046875834465026855
0 0.858238697052002 0.5876747369766235 0.13881826400756836 0.1115151047706604
0 0.24276740849018097 0.6345505714416504 0.18125316500663757 0.17812812328338623
1 0.42566534876823425 0.500831127166748 0.005263268947601318 0.014802902936935425
1 0.7695037126541138 0.5273531079292297 0.010362029075622559 0.011348843574523926
1 0.40691500902175903 0.48948225378990173 0.005263239145278931 0.00789487361907959
1 0.10822557657957077 0.5235289335250854 0.024671480059623718 0.13174575567245483
0 0.6210634708404541 0.5338909029960632 0.04506653547286987 0.04983639717102051
1 0.9256740808486938 0.5585623979568481 0.01578974723815918 0.05427730083465576
1 0.3342163562774658 0.5156340599060059 0.017105549573898315 0.07204073667526245
0 0.9282969832420349 0.7228745222091675 0.14340603351593018 0.33799928426742554
1 0.3167818486690521 0.5156340003013611 0.01578974723815918 0.06759986281394958
1 0.6786302924156189 0.5358645915985107 0.005263209342956543 0.016776621341705322
1 0.7546184659004211 0.5269829034805298 0.006908059120178223 0.011348843574523926
0 0.10658081620931625 0.7450788021087646 0.2131616324186325 0.32566362619400024
1 0.7635002136230469 0.5279697775840759 0.00822383165359497 0.012335777282714844
0 0.7598817348480225 0.5669507384300232 0.07533025741577148 0.07598817348480225
0 0.4148098826408386 0.5284631848335266 0.03947436809539795 0.07056042551994324
1 0.5090550184249878 0.5200750827789307 0.00822383165359497 0.029359161853790283
1 0.7065913081169128 0.5210617780685425 0.006908059120178223 0.006907999515533447
1 0.01414498407393694 0.5235289335250854 0.025658344849944115 0.12385088205337524
1 0.3542824983596802 0.5042851567268372 0.015131860971450806 0.056250959634780884
1 0.7259995937347412 0.5289566516876221 0.006907999515533447 0.014802873134613037
1 0.5128380060195923 0.5077393054962158 0.004605352878570557 0.006907999515533447
0 0.48125842213630676 0.5161274671554565 0.049671947956085205 0.06611958146095276
0 0.45823168754577637 0.5171142816543579 0.010197550058364868 0.033059775829315186
1 0.2828996777534485 0.5131669044494629 0.014144986867904663 0.07648161053657532
0 0.5289566516876221 0.5282987356185913 0.01140373945236206 0.015296339988708496
0 0.5638256669044495 0.5309303402900696 0.057895779609680176 0.06908014416694641
0 0.7046176195144653 0.5491872429847717 0.06085628271102905 0.05378389358520508
0 0.4361918568611145 0.5309303402900696 0.017434507608413696 0.0439152717590332
1 0.6651431918144226 0.5368515253067017 0.003618478775024414 0.02368462085723877
1 0.6704064607620239 0.5324106216430664 0.005263209342956543 0.014802873134613037
0 0.6513271927833557 0.533890962600708 0.02927684783935547 0.03848749399185181
1 0.5164563655853271 0.5200748443603516 0.005263268947601318 0.02713865041732788
0 0.39277002215385437 0.5363580584526062 0.07171177864074707 0.08536335825920105
1 0.27171528339385986 0.5166208744049072 0.020395100116729736 0.0789487361907959
