0 0.9881664514541626 0.622708261013031 0.023667097091674805 0.11496913433074951
0 0.1095413863658905 0.537838339805603 0.026316247880458832 0.017270028591156006
2 0.03322426602244377 0.5526412725448608 0.013158125802874565 0.040954649448394775
0 0.011266644112765789 0.5368515253067017 0.022533288225531578 0.01924377679824829
0 0.5095484256744385 0.5955696105957031 0.10921245813369751 0.09227138757705688
0 0.08618572354316711 0.5506675243377686 0.04309285432100296 0.0325663685798645
0 0.32796627283096313 0.5605361461639404 0.06447482109069824 0.04934293031692505
0 0.13421288132667542 0.5477069616317749 0.05394832044839859 0.0424349308013916
0 0.6519850492477417 0.5269829034805298 0.07927769422531128 0.030592679977416992
0 0.48158735036849976 0.5447463989257812 0.09967276453971863 0.060691893100738525
0 0.3401375412940979 0.5343843698501587 0.03190845251083374 0.016776621341705322
0 0.10625185817480087 0.5309303998947144 0.04309286177158356 0.014309465885162354
