0 0.9538730382919312 0.48701509833335876 0.09225386381149292 0.06118530035018921
0 0.31447917222976685 0.46777135133743286 0.06283006072044373 0.06759989261627197
0 0.02960578165948391 0.4593830108642578 0.049671921879053116 0.03996780514717102
0 0.07829084247350693 0.43323126435279846 0.03125055134296417 0.030592620372772217
0 0.19474025070667267 0.40658605098724365 0.01842138171195984 0.03750064969062805
0 0.23026776313781738 0.45062506198883057 0.037582799792289734 0.03861072659492493
0 0.6891567707061768 0.48701509833335876 0.11908107995986938 0.05970495939254761
0 0.46777135133743286 0.4302706718444824 0.03421112895011902 0.015296310186386108
2 0.0845409482717514 0.4727056324481964 0.010526500642299652 0.056744396686553955
0 0.5368515253067017 0.4302706718444824 0.059869468212127686 0.030592650175094604
0 0.04243495315313339 0.5092194080352783 0.08486990630626678 0.07056042551994324
0 0.41415196657180786 0.4204021096229553 0.0460534393787384 0.009868592023849487
0 0.29342618584632874 0.43323126435279846 0.03519797325134277 0.02911233901977539
0 0.08212855458259583 0.43948131799697876 0.031689174473285675 0.036513835191726685
0 0.832909345626831 0.4870150685310364 0.13388389348983765 0.06266555190086365
0 0.02039509452879429 0.4401392936706543 0.02960578165948391 0.02072402834892273
0 0.25263601541519165 0.43175095319747925 0.05888262391090393 0.036020368337631226
0 0.1671081781387329 0.4194152355194092 0.05427725613117218 0.020724058151245117
0 0.44310057163238525 0.48824864625930786 0.20756947994232178 0.13519978523254395
2 0.09112001955509186 0.48701509833335876 0.01809241622686386 0.06957358121871948
