0 0.5296145081520081 0.5166209936141968 0.00789487361907959 0.007236838340759277
0 0.46053439378738403 0.5087260007858276 0.02072402834892273 0.03207290172576904
0 0.633563756942749 0.5126734375953674 0.01381605863571167 0.005921125411987305
0 0.5062588453292847 0.5758324861526489 0.056579917669296265 0.05970495939254761
0 0.4536263346672058 0.533890962600708 0.025329381227493286 0.03602033853530884
0 0.3052684962749481 0.5506675243377686 0.041119158267974854 0.03799408674240112
0 0.5628387928009033 0.5185946226119995 0.006579041481018066 0.0029605627059936523
0 0.5075746774673462 0.5126734375953674 0.016776591539382935 0.023191213607788086
0 0.9905513525009155 0.5250091552734375 0.018897294998168945 0.012829124927520752
0 0.42731010913848877 0.5185946226119995 0.012500226497650146 0.0098685622215271
0 0.153621107339859 0.5738587379455566 0.06579062342643738 0.04983639717102051
0 0.41579675674438477 0.5205683708190918 0.008552789688110352 0.019737184047698975
0 0.3927701413631439 0.5304369926452637 0.018092334270477295 0.02035391330718994
0 0.5375094413757324 0.5156340599060059 0.0072370171546936035 0.01381605863571167
0 0.2555965781211853 0.5250091552734375 0.019408226013183594 0.011842310428619385
0 0.15773221850395203 0.5264894366264343 0.008552923798561096 0.006414651870727539
0 0.2694126069545746 0.5240223407745361 0.022697746753692627 0.00789487361907959
0 0.4092176854610443 0.5250091552734375 0.00789487361907959 0.010855495929718018
0 0.2974831759929657 0.5169497132301331 0.058334410190582275 0.030921578407287598
0 0.4365208148956299 0.5195814371109009 0.009868592023849487 0.011842310428619385
0 0.6611957550048828 0.5106997489929199 0.00789487361907959 0.0029606223106384277
0 0.3825724720954895 0.5259960889816284 0.01118442416191101 0.02417808771133423
0 0.5282987356185913 0.5319172143936157 0.020724058151245117 0.021710872650146484
0 0.3167818486690521 0.5319172143936157 0.00789487361907959 0.003947436809539795
0 0.27204424142837524 0.5496807098388672 0.0325663685798645 0.03799408674240112
0 0.4000070095062256 0.5136603116989136 0.005921155214309692 0.00789487361907959
0 0.5213906764984131 0.5146472454071045 0.010197579860687256 0.013322591781616211
0 0.44200336933135986 0.5113575458526611 0.00921061635017395 0.009210526943206787
0 0.47763994336128235 0.5225419998168945 0.020724058151245117 0.02417808771133423
0 0.19506920874118805 0.5250092148780823 0.02401357889175415 0.00789487361907959
0 0.5457332134246826 0.5176077485084534 0.011184394359588623 0.014802932739257812
0 0.24539902806282043 0.5259960889816284 0.02532939612865448 0.014802873134613037
0 0.02730310894548893 0.6074119806289673 0.05460621789097786 0.10954135656356812
0 0.33322951197624207 0.5457332134246826 0.02401357889175415 0.03207296133041382
0 0.3498094379901886 0.5340882539749146 0.021644949913024902 0.02121710777282715
0 0.3115186095237732 0.5279697179794312 0.011184394359588623 0.011842310428619385
0 0.2289513796567917 0.5634967088699341 0.0631590187549591 0.0636523962020874
