0 0.45096108317375183 0.4978125989437103 0.006475925445556641 0.003947436809539795
0 0.531916618347168 0.4963911771774292 0.004605352878570557 0.01085546612739563
0 0.5359116196632385 0.48786094784736633 0.007236957550048828 0.0067670345306396484
0 0.49639028310775757 0.5309303402900696 0.04539552330970764 0.04786264896392822
0 0.4730345904827118 0.47171878814697266 0.006579041481018066 0.003947436809539795
0 0.2575702965259552 0.4978705644607544 0.016776621341705322 0.011842280626296997
0 0.47040295600891113 0.486028254032135 0.007236987352371216 0.006908029317855835
0 0.5388252139091492 0.4939230978488922 0.010526537895202637 0.014802873134613037
0 0.4391559958457947 0.4870133101940155 0.004933714866638184 0.006907999515533447
0 0.04021451994776726 0.5787930488586426 0.08042903989553452 0.12779825925827026
0 0.5204038619995117 0.4707319140434265 0.007236957550048828 0.009868592023849487
0 0.25230705738067627 0.5097128748893738 0.024013593792915344 0.023191213607788086
0 0.46974503993988037 0.4746793508529663 0.006579071283340454 0.005921155214309692
0 0.5523122549057007 0.49096253514289856 0.012500226497650146 0.011842310428619385
0 0.3618484437465668 0.4939231276512146 0.008552789688110352 0.00493428111076355
0 0.315466046333313 0.5225420594215393 0.07171177864074707 0.0730276107788086
0 0.49902188777923584 0.49293625354766846 0.031250566244125366 0.0458889901638031
0 0.23684623837471008 0.500831127166748 0.021381959319114685 0.013815999031066895
0 0.5496807098388672 0.505765438079834 0.029276788234710693 0.03503349423408508
0 0.4556000828742981 0.49491000175476074 0.008552789688110352 0.009868592023849487
0 0.4512581527233124 0.486028254032135 0.00703960657119751 0.005921155214309692
0 0.5236933827400208 0.49261048436164856 0.01743447780609131 0.02713865041732788
0 0.46514052152633667 0.48010706901550293 0.004605144262313843 0.0052630603313446045
0 0.08914630115032196 0.791716456413269 0.17763230204582214 0.33307039737701416
0 0.42796802520751953 0.48010706901550293 0.007236987352371216 0.006908029317855835
0 0.45568251609802246 0.4825742542743683 0.006579041481018066 0.006907999515533447
0 0.05657993629574776 0.5299434661865234 0.05855365842580795 0.047862708568573
