0 0.5289566516876221 0.5289566516876221 0.01677650213241577 0.016776621341705322
0 0.6102080345153809 0.5269829034805298 0.024671494960784912 0.014802932739257812
0 0.18947699666023254 0.5694178342819214 0.09671221673488617 0.060198426246643066
0 0.5088905096054077 0.5253381729125977 0.02335566282272339 0.03503352403640747
0 0.6036289930343628 0.5195814371109009 0.007236957550048828 0.008881747722625732
0 0.5375094413757324 0.5269829034805298 0.011842310428619385 0.016776561737060547
0 0.519745945930481 0.5299434661865234 0.005921125411987305 0.01776343584060669
0 0.637511134147644 0.5329040288925171 0.03750067949295044 0.028125464916229248
0 0.491784930229187 0.5319172143936157 0.02138197422027588 0.02911233901977539
0 0.25888609886169434 0.5526412725448608 0.08980420231819153 0.054770708084106445
0 0.45066583156585693 0.5301902294158936 0.05098766088485718 0.02282106876373291
0 0.4700740575790405 0.5279697775840759 0.02401357889175415 0.019243717193603516
0 0.5743521451950073 0.5398120880126953 0.028618931770324707 0.02911233901977539
0 0.646941065788269 0.537838339805603 0.0480271577835083 0.030099213123321533
0 0.3671116828918457 0.5417857766151428 0.05789574980735779 0.02911233901977539
0 0.5700757503509521 0.5225419998168945 0.030592620372772217 0.01776343584060669
