0 0.5457332134246826 0.5526412725448608 0.01381605863571167 0.008881747722625732
0 0.8690941333770752 0.5699113011360168 0.020066142082214355 0.020724058151245117
0 0.7378418445587158 0.5625098347663879 0.011184394359588623 0.012829184532165527
0 0.23224091529846191 0.5664572715759277 0.06315900385379791 0.03602039813995361
0 0.015460796654224396 0.5615229606628418 0.013816031627357006 0.04588896036148071
0 0.0710538774728775 0.5625098347663879 0.050658781081438065 0.024178028106689453
0 0.5621808767318726 0.5615229606628418 0.013158142566680908 0.012829124927520752
0 0.03322426602244377 0.5605361461639404 0.039145421236753464 0.040954649448394775
0 0.7845531702041626 0.5605361461639404 0.013158142566680908 0.012829184532165527
0 0.04473762586712837 0.5546150207519531 0.009868592023849487 0.008881747722625732
0 0.11776521801948547 0.5728718638420105 0.043750762939453125 0.04095470905303955
0 0.3013210594654083 0.5654704570770264 0.08256721496582031 0.06463927030563354
