0 0.10329128056764603 0.5506675243377686 0.020724043250083923 0.012829184532165527
0 0.33520323038101196 0.5565887093544006 0.020724058151245117 0.020724058151245117
0 0.2868471145629883 0.5437595248222351 0.003289550542831421 0.0049343109130859375
0 0.5709528923034668 0.5437597036361694 0.011842310428619385 0.01776343584060669
0 0.08783048391342163 0.5886616110801697 0.06776434183120728 0.054770708084106445
0 0.3222638964653015 0.5529705882072449 0.011403769254684448 0.013815760612487793
0 0.3041718006134033 0.5398122072219849 0.005482524633407593 0.012171328067779541
0 0.350006103515625 0.5506675243377686 0.01315811276435852 0.017763495445251465
1 0.3032947778701782 0.5447463989257812 0.005263268947601318 0.006907999515533447
0 0.27204424142837524 0.5718849897384644 0.09901489317417145 0.05871814489364624
1 0.004605344031006098 0.5506675243377686 0.007565922103822231 0.020724058151245117
0 0.508232593536377 0.5546149611473083 0.02138197422027588 0.02615177631378174
0 0.4516526460647583 0.5388252139091492 0.02401357889175415 0.04095470905303955
0 0.03322426602244377 0.5526412725448608 0.021381953731179237 0.01381605863571167
0 0.1190810352563858 0.5516543984413147 0.03717169910669327 0.017763495445251465
0 0.5033637881278992 0.5443518161773682 0.009868592023849487 0.011842310428619385
0 0.14177879691123962 0.5506675243377686 0.017434507608413696 0.014802932739257812
0 0.17653784155845642 0.5477075576782227 0.00921069085597992 0.008224546909332275
0 0.49902188777923584 0.5388252139091492 0.00789487361907959 0.00789487361907959
0 0.4763239324092865 0.5427730679512024 0.008552789688110352 0.012335658073425293
0 0.1610201597213745 0.5787937641143799 0.061514660716056824 0.06414598226547241
0 0.16233797371387482 0.5496808290481567 0.008552730083465576 0.010361790657043457
0 0.055181678384542465 0.5578225255012512 0.0277143195271492 0.020724058151245117
0 0.14769995212554932 0.5506675243377686 0.02138194441795349 0.017763495445251465
0 0.2030288130044937 0.5731682777404785 0.03190883994102478 0.037599384784698486
0 0.526324987411499 0.5388252139091492 0.010526478290557861 0.006908059120178223
0 0.2401353120803833 0.5467205047607422 0.027632102370262146 0.049343228340148926
0 0.25230705738067627 0.5565886497497559 0.02138194441795349 0.01776343584060669
1 0.11842312663793564 0.5526412725448608 0.006908014416694641 0.01825690269470215
0 0.3917831778526306 0.5437595248222351 0.008552789688110352 0.010855436325073242
0 0.6102080345153809 0.5368515253067017 0.04473763704299927 0.07302755117416382
0 0.4898110330104828 0.5427728891372681 0.008552789688110352 0.011842310428619385
1 0.1671081781387329 0.6212279796600342 0.04704029858112335 0.13223910331726074
0 0.5750100612640381 0.5457332134246826 0.015460848808288574 0.014802873134613037
0 0.5503385663032532 0.5437595248222351 0.020724058151245117 0.018750309944152832
0 0.5157985091209412 0.5417857766151428 0.008552789688110352 0.012829184532165527
1 0.006003394722938538 0.6315900087356567 0.012006789445877075 0.1287851333618164
0 0.0845409482717514 0.5506675243377686 0.015460796654224396 0.012829184532165527
