0 0.44507351517677307 0.5627565383911133 0.021875441074371338 0.029359102249145508
0 0.3980332612991333 0.5699112415313721 0.025329381227493286 0.030099213123321533
0 0.5088905096054077 0.5467201471328735 0.00592118501663208 0.003947436809539795
0 0.3671116828918457 0.5787930488586426 0.03190845251083374 0.03799408674240112
0 0.4210600256919861 0.570898175239563 0.029605776071548462 0.033059775829315186
0 0.4983639717102051 0.5486937761306763 0.003947466611862183 0.004934251308441162
0 0.49902188777923584 0.5585623979568481 0.012500196695327759 0.01578974723815918
0 0.5171144008636475 0.5585623979568481 0.00789487361907959 0.01776355504989624
0 0.5141537189483643 0.557575523853302 0.003947436809539795 0.012829184532165527
0 0.4782978296279907 0.5526412725448608 0.005263239145278931 0.00592118501663208
0 0.47731098532676697 0.5521478056907654 0.006907999515533447 0.007401466369628906
1 0.3766513168811798 0.5595492720603943 0.003618478775024414 0.008388280868530273
0 0.5259960293769836 0.5595492720603943 0.01644766330718994 0.020724058151245117
0 0.47369247674942017 0.5516543984413147 0.005921155214309692 0.005921125411987305
0 0.508232593536377 0.5511609315872192 0.007565915584564209 0.009375154972076416
0 0.48602837324142456 0.5486937761306763 0.005263239145278931 0.006907999515533447
0 0.4842190146446228 0.5496807098388672 0.005263239145278931 0.00592118501663208
0 0.43388915061950684 0.5625098347663879 0.005263239145278931 0.012829184532165527
0 0.3437560200691223 0.5625098943710327 0.010197550058364868 0.009375154972076416
