0 0.4457314908504486 0.5126734972000122 0.008552789688110352 0.011842310428619385
0 0.05460622161626816 0.5477069616317749 0.02269776538014412 0.00789487361907959
2 0.08980420231819153 0.5565886497497559 0.016447655856609344 0.04243499040603638
0 0.49507445096969604 0.5319172143936157 0.0904620885848999 0.1574040651321411
0 0.1634896993637085 0.5363580584526062 0.023355677723884583 0.009868621826171875
2 0.11546254903078079 0.5526412725448608 0.014144986867904663 0.03848749399185181
2 0.13289706408977509 0.5511609315872192 0.012171268463134766 0.03799408674240112
0 0.14473937451839447 0.5373449325561523 0.0325663685798645 0.009868621826171875
0 0.025987297296524048 0.5496807098388672 0.0384875163435936 0.018750369548797607
0 0.3657958507537842 0.5250091552734375 0.013816028833389282 0.018750369548797607
0 0.27722442150115967 0.5274768471717834 0.007072657346725464 0.00937497615814209
0 0.09572535753250122 0.5417857766151428 0.027961015701293945 0.012829184532165527
