0 0.5151405930519104 0.5156340599060059 0.014473915100097656 0.01381605863571167
0 0.5796154141426086 0.5156340599060059 0.009210705757141113 0.010855495929718018
0 0.28553131222724915 0.5422792434692383 0.0480271577835083 0.03996783494949341
0 0.49704819917678833 0.5126734375953674 0.01875033974647522 0.03009924292564392
0 0.5815887451171875 0.5053424835205078 0.006485104560852051 0.007190048694610596
0 0.5227063894271851 0.5126734972000122 0.011184394359588623 0.016776621341705322
0 0.5049430131912231 0.5156340599060059 0.00592118501663208 0.01381605863571167
0 0.5971593856811523 0.51859450340271 0.03103119134902954 0.024178028106689453
0 0.4822452664375305 0.5166208744049072 0.018092423677444458 0.024178028106689453
0 0.31809768080711365 0.5348777770996094 0.05526411533355713 0.038980960845947266
0 0.44726651906967163 0.5172787308692932 0.04002261161804199 0.020724058151245117
0 0.4631659984588623 0.5106997489929199 0.020066142082214355 0.01381605863571167
0 0.5490227937698364 0.5240223407745361 0.022039830684661865 0.023191213607788086
0 0.06184318661689758 0.5837273597717285 0.1230284720659256 0.07993561029434204
0 0.6008874177932739 0.5241867303848267 0.03234684467315674 0.028125524520874023
0 0.38915154337882996 0.5289566516876221 0.03454005718231201 0.02171093225479126
0 0.5421147346496582 0.5116865634918213 0.013158142566680908 0.016776621341705322
