0 0.9361918568611145 0.6473797559738159 0.127616286277771 0.22944480180740356
0 0.5186494588851929 0.5634967088699341 0.11359849572181702 0.0901331901550293
0 0.699354350566864 0.579779863357544 0.12566006183624268 0.07993561029434204
0 0.01250021904706955 0.5625098943710327 0.024671483784914017 0.016776621341705322
0 0.45231056213378906 0.5358646512031555 0.09046211838722229 0.0439152717590332
0 0.23202157020568848 0.5883327126502991 0.1361866146326065 0.06200766563415527
0 0.38257259130477905 0.5716381072998047 0.07713940739631653 0.07130050659179688
0 0.446389377117157 0.5654704570770264 0.08125141263008118 0.07697504758834839
0 0.6095501184463501 0.5728718638420105 0.10987037420272827 0.08190929889678955
0 0.03059264086186886 0.5916222333908081 0.06118528172373772 0.07993561029434204
