0 0.5276408195495605 0.5087260007858276 0.015460789203643799 0.016776621341705322
0 0.6108659505844116 0.505765438079834 0.024671435356140137 0.017763495445251465
0 0.1940823495388031 0.5482003688812256 0.09408058226108551 0.05625098943710327
0 0.5077264904975891 0.5063727498054504 0.023051977157592773 0.03328752517700195
0 0.6022661924362183 0.5002672076225281 0.007236957550048828 0.008881717920303345
0 0.5375094413757324 0.5067522525787354 0.011842310428619385 0.016776621341705322
0 0.5204038619995117 0.509712815284729 0.007236957550048828 0.016776621341705322
0 0.6361953616142273 0.5116865634918213 0.035855889320373535 0.02713865041732788
0 0.4924428462982178 0.5116865634918213 0.02138197422027588 0.029112309217453003
0 0.26085981726646423 0.537838339805603 0.08783046901226044 0.05279695987701416
0 0.45055609941482544 0.508397102355957 0.051535993814468384 0.023191213607788086
0 0.47040295600891113 0.5067522525787354 0.02401357889175415 0.01776343584060669
0 0.5727074146270752 0.5203216075897217 0.027303099632263184 0.02911233901977539
0 0.6460639238357544 0.5195814371109009 0.0480271577835083 0.033059775829315186
0 0.3707301616668701 0.5240223407745361 0.05526414513587952 0.02615177631378174
0 0.5769838094711304 0.5028048753738403 0.029934704303741455 0.01776343584060669
