0 0.8995136022567749 0.7722174525260925 0.20097285509109497 0.3167818784713745
0 0.8681073188781738 0.4746793508529663 0.033224284648895264 0.027632057666778564
0 0.468758225440979 0.4786267876625061 0.029605776071548462 0.03898093104362488
0 0.6033000349998474 0.5407989025115967 0.02138197422027588 0.056744396686553955
0 0.39309898018836975 0.5146471858024597 0.028618931770324707 0.03750064969062805
1 0.48663076758384705 0.49079591035842896 0.007127225399017334 0.020230621099472046
0 0.639155924320221 0.5560952425003052 0.03519797325134277 0.0789487361907959
0 0.952977180480957 0.4731990694999695 0.06644850969314575 0.04588896036148071
0 0.32204508781433105 0.5383318066596985 0.057237833738327026 0.07056045532226562
0 0.7832373976707458 0.48158735036849976 0.028618931770324707 0.015296310186386108
0 0.48520585894584656 0.488495409488678 0.006579041481018066 0.009868592023849487
0 0.42796802520751953 0.5077391266822815 0.019408226013183594 0.030592650175094604
0 0.8368567228317261 0.4924428164958954 0.05625098943710327 0.030592620372772217
0 0.9877552390098572 0.46777135133743286 0.024489521980285645 0.03898093104362488
0 0.14769995212554932 0.5935959219932556 0.142107754945755 0.11052823066711426
0 0.37171703577041626 0.5245157480239868 0.04704028367996216 0.05131670832633972
0 0.4473762512207031 0.4993508458137512 0.012829184532165527 0.020724058151245117
1 0.6312609910964966 0.49441656470298767 0.007565915584564209 0.011348903179168701
0 0.46020543575286865 0.5023114085197449 0.02401357889175415 0.02615177631378174
0 0.6835646033287048 0.5674441456794739 0.09309375286102295 0.11743628978729248
0 0.449349969625473 0.488495409488678 0.014802873134613037 0.006908029317855835
0 0.5092194080352783 0.4884953796863556 0.017434537410736084 0.022204339504241943
0 0.7103703618049622 0.6024734377861023 0.0866771936416626 0.1280428171157837
0 0.7750135660171509 0.5023114085197449 0.04901397228240967 0.03305980563163757
0 0.4079018831253052 0.5037916898727417 0.03223741054534912 0.0537838339805603
0 0.8144879341125488 0.6320834159851074 0.207569420337677 0.2077338695526123
0 0.49639028310775757 0.4840545356273651 0.017434507608413696 0.027632057666778564
0 0.4269811511039734 0.5092194676399231 0.012829184532165527 0.02911236882209778
0 0.9595562815666199 0.45642244815826416 0.04440867900848389 0.02911236882209778
0 0.4325733780860901 0.500831127166748 0.023026734590530396 0.030592650175094604
0 0.8348829746246338 0.4786267876625061 0.03980332612991333 0.019243746995925903
0 0.5358645915985107 0.4786267876625061 0.03684276342391968 0.0789487361907959
0 0.7480393648147583 0.49096253514289856 0.030592620372772217 0.01924377679824829
0 0.5674441456794739 0.5047785639762878 0.023026704788208008 0.02911233901977539
0 0.8957393169403076 0.48553481698036194 0.06546169519424438 0.05822473764419556
0 0.5766547918319702 0.5106997489929199 0.026645243167877197 0.0345400869846344
0 0.6687617301940918 0.4993508458137512 0.025000393390655518 0.015296339988708496
0 0.5628387928009033 0.4993508458137512 0.023026704788208008 0.02911233901977539
0 0.6347137093544006 0.5417826175689697 0.06447482109069824 0.08511584997177124
0 0.7085649967193604 0.4939231276512146 0.03125053644180298 0.02368462085723877
0 0.2766495943069458 0.5590558052062988 0.07829084992408752 0.07352107763290405
1 0.6815909147262573 0.5023114085197449 0.00822383165359497 0.01825687289237976
