0 0.9739391803741455 0.6636629104614258 0.05212157964706421 0.1519763469696045
0 0.5309303402900696 0.5023114085197449 0.005592226982116699 0.012335747480392456
1 0.22599080204963684 0.5358646512031555 0.018750324845314026 0.05427730083465576
0 0.2190827876329422 0.570898175239563 0.07829084992408752 0.08832389116287231
1 0.7710661292076111 0.5324106216430664 0.013487100601196289 0.057237863540649414
2 0.41974419355392456 0.49737709760665894 0.021710902452468872 0.028125494718551636
0 0.47007399797439575 0.48948225378990173 0.014802902936935425 0.020724058151245117
1 0.6230372190475464 0.500831127166748 0.010526537895202637 0.038487523794174194
0 0.5631677508354187 0.500831127166748 0.025658369064331055 0.02615177631378174
0 0.5378391742706299 0.4954034090042114 0.01381605863571167 0.02368462085723877
0 0.519745945930481 0.4978705644607544 0.009210705757141113 0.017763495445251465
0 0.4460604190826416 0.4924428462982178 0.02105298638343811 0.02911236882209778
1 0.7978272438049316 0.5253395438194275 0.022479116916656494 0.0629936158657074
1 0.645573616027832 0.5042851567268372 0.007237374782562256 0.0336778461933136
0 0.07607041299343109 0.6153067946434021 0.15214082598686218 0.17812812328338623
1 0.7378418445587158 0.5235288739204407 0.017105579376220703 0.06513270735740662
0 0.2723731994628906 0.5560952425003052 0.08750154078006744 0.08141589164733887
1 0.8006821274757385 0.5134194493293762 0.0176011323928833 0.051322102546691895
0 0.3909592628479004 0.5028051137924194 0.01463937759399414 0.01381683349609375
1 0.6463928818702698 0.5042851567268372 0.0029605627059936523 0.02121749520301819
0 0.5309303402900696 0.4924428164958954 0.018421411514282227 0.030592620372772217
0 0.49869292974472046 0.4924428164958954 0.022039860486984253 0.01776343584060669
1 0.8085668087005615 0.5393186807632446 0.012171268463134766 0.03503352403640747
1 0.7523157596588135 0.5245157480239868 0.018750369548797607 0.06661301851272583
1 0.6299452781677246 0.4998442828655243 0.00822383165359497 0.03503352403640747
1 0.6838935613632202 0.5166208744049072 0.013487100601196289 0.05279695987701416
1 0.5870183706283569 0.4971354007720947 0.007567107677459717 0.03034999966621399
1 0.58487868309021 0.4998442530632019 0.006907999515533447 0.028125494718551636
0 0.7082360982894897 0.4954034090042114 0.01842135190963745 0.02368462085723877
0 0.46645551919937134 0.4978705644607544 0.016447633504867554 0.019243746995925903
0 0.3559272885322571 0.5171142816543579 0.04868507385253906 0.07056042551994324
0 0.5371804237365723 0.5023114085197449 0.004605352878570557 0.009868592023849487
0 0.5417858362197876 0.4993508458137512 0.01381605863571167 0.019243746995925903
0 0.5345488786697388 0.4993508458137512 0.004605352878570557 0.012335747480392456
0 0.4904690980911255 0.5215551853179932 0.047040313482284546 0.06069183349609375
