0 0.4222642779350281 0.4579027593135834 0.01282915472984314 0.022204339504241943
0 0.5931024551391602 0.49665236473083496 0.02960580587387085 0.036020368337631226
0 0.5875636339187622 0.48553481698036194 0.02598726749420166 0.030592620372772217
0 0.5686334371566772 0.47023850679397583 0.020395100116729736 0.027632087469100952
0 0.6758342981338501 0.5782995820045471 0.05822473764419556 0.05970501899719238
0 0.5138248205184937 0.4539552927017212 0.008114159107208252 0.006908029317855835
0 0.37730923295021057 0.484646201133728 0.033224284648895264 0.03898093104362488
0 0.4171125590801239 0.460863322019577 0.01578974723815918 0.022204339504241943
0 0.42994171380996704 0.45099472999572754 0.014802902936935425 0.020724058151245117
0 0.4023096561431885 0.4731990694999695 0.02039507031440735 0.02615177631378174
1 0.5855365991592407 0.4534618854522705 0.004934251308441162 0.020230621099472046
0 0.29901838302612305 0.5975433588027954 0.07467237114906311 0.0804290771484375
0 0.4171125888824463 0.5852075815200806 0.07006701827049255 0.09128445386886597
0 0.6523140668869019 0.555016815662384 0.04506659507751465 0.04002225399017334
1 0.5973788499832153 0.46382391452789307 0.00592118501663208 0.021710902452468872
0 0.40805357694625854 0.46731576323509216 0.018117666244506836 0.02368462085723877
1 0.20724046230316162 0.6217213869094849 0.0365137904882431 0.09177792072296143
0 0.34671658277511597 0.5062588453292847 0.03684273362159729 0.04292839765548706
0 0.3348742723464966 0.5161274671554565 0.038816481828689575 0.04231145977973938
1 0.2210564911365509 0.5388252139091492 0.012829169631004333 0.05230355262756348
1 0.19375291466712952 0.54400634765625 0.014802739024162292 0.05625098943710327
0 0.3166806399822235 0.5273245573043823 0.04506659507751465 0.04588896036148071
0 0.508232593536377 0.45642244815826416 0.005592226982116699 0.00296059250831604
1 0.8003429770469666 0.5950762033462524 0.02368462085723877 0.05970501899719238
0 0.19177967309951782 0.614319920539856 0.10329127311706543 0.09128445386886597
0 0.3654669225215912 0.5023114681243896 0.019408226013183594 0.03750067949295044
1 0.18355584144592285 0.6232017278671265 0.038158565759658813 0.10312682390213013
1 0.08421200513839722 0.6942555904388428 0.05361936241388321 0.24326080083847046
1 0.5394830703735352 0.6192542314529419 0.03980332612991333 0.10806113481521606
1 0.3907963037490845 0.6153068542480469 0.04243496060371399 0.10707420110702515
1 0.8996868133544922 0.6473797559738159 0.028947889804840088 0.08931076526641846
1 0.3194134831428528 0.6192542314529419 0.0365138053894043 0.09819251298904419
2 0.47031959891319275 0.4516109824180603 0.003042459487915039 0.004563659429550171
0 0.607905387878418 0.5104531645774841 0.02960580587387085 0.02911233901977539
0 0.5782996416091919 0.48312070965766907 0.011842310428619385 0.02615177631378174
1 0.5780529379844666 0.4495145380496979 0.0049343109130859375 0.016776621341705322
1 0.5309303998947144 0.6232017278671265 0.020395100116729736 0.09424501657485962
0 0.4363974332809448 0.4481883645057678 0.010978788137435913 0.016776621341705322
1 0.810540497303009 0.6434323191642761 0.028947830200195312 0.09177792072296143
0 0.6317393779754639 0.5318726301193237 0.04686075448989868 0.04606848955154419
0 0.5639004111289978 0.4648107588291168 0.01952040195465088 0.024559319019317627
0 0.9580672383308411 0.8961743116378784 0.08386552333831787 0.2076513171195984
0 0.7054194211959839 0.6044514179229736 0.08054214715957642 0.07162433862686157
0 0.5582334995269775 0.458272784948349 0.017434537410736084 0.02183431386947632
0 0.6161291599273682 0.5200749039649963 0.037829577922821045 0.041448116302490234
0 0.27039945125579834 0.5590558052062988 0.06447480618953705 0.062172114849090576
0 0.39474374055862427 0.4786267876625061 0.01644766330718994 0.02911236882209778
1 0.25493866205215454 0.5106997489929199 0.012829169631004333 0.043421804904937744
