1 0.3654669225215912 0.579779863357544 0.03157949447631836 0.10312682390213013
1 0.40691500902175903 0.7401444911956787 0.12237057089805603 0.3350387215614319
0 0.41415196657180786 0.5131669044494629 0.009210675954818726 0.010855495929718018
0 0.3348742723464966 0.5350229144096375 0.011184394359588623 0.02911233901977539
0 0.3774453401565552 0.5190880298614502 0.016447633504867554 0.017763495445251465
1 0.7944217920303345 0.5620163679122925 0.03157949447631836 0.10312682390213013
1 0.29072079062461853 0.5548555254936218 0.019408226013183594 0.06155121326446533
0 0.5536280870437622 0.5383318066596985 0.059869468212127686 0.08733704686164856
1 0.3075711727142334 0.5782995820045471 0.0365138053894043 0.10806107521057129
1 0.4111914038658142 0.5146471261978149 0.010197550058364868 0.02417808771133423
1 0.4782978296279907 0.7837220430374146 0.16480550169944763 0.4325558543205261
0 0.47599518299102783 0.5092194080352783 0.006579071283340454 0.022204339504241943
0 0.49902188777923584 0.5137363076210022 0.02598726749420166 0.03454005718231201
1 0.2657940983772278 0.5743521451950073 0.02631625533103943 0.09917938709259033
1 0.36020368337631226 0.5758324861526489 0.03486904501914978 0.09819251298904419
1 0.7139379382133484 0.5363580584526062 0.020724058151245117 0.07467234134674072
1 0.1615159809589386 0.5990236401557922 0.027961015701293945 0.10312676429748535
0 0.4628370404243469 0.5077391862869263 0.01842138171195984 0.010855495929718018
1 0.8588966131210327 0.5437595248222351 0.03322422504425049 0.08783045411109924
1 0.8325803279876709 0.7287956476211548 0.11644941568374634 0.3172752857208252
0 0.2480306625366211 0.5560952425003052 0.03125055134296417 0.046875834465026855
0 0.45066577196121216 0.5131669044494629 0.01282915472984314 0.01529628038406372
1 0.1384892612695694 0.5886616706848145 0.040790192782878876 0.09819251298904419
1 0.13585764169692993 0.540305495262146 0.014473944902420044 0.030592620372772217
0 0.42550086975097656 0.5084792971611023 0.017434507608413696 0.0330597460269928
0 0.52303546667099 0.5615229606628418 0.07927772402763367 0.07204073667526245
1 0.21018540859222412 0.5171142816543579 0.013487070798873901 0.01506131887435913
1 0.35855889320373535 0.7756714820861816 0.10033068060874939 0.38980942964553833
1 0.469087153673172 0.5121800303459167 0.006907999515533447 0.024178028106689453
1 0.37730923295021057 0.5171142816543579 0.004276394844055176 0.01924377679824829
0 0.3851218819618225 0.5194991827011108 0.00822383165359497 0.016776621341705322
0 0.38915154337882996 0.5146471261978149 0.012829184532165527 0.012335717678070068
0 0.36415112018585205 0.503298282623291 0.00822383165359497 0.012335747480392456
1 0.5157984495162964 0.5743521451950073 0.024671494960784912 0.0942450761795044
0 0.31645292043685913 0.5329040884971619 0.04144808650016785 0.04440867900848389
0 0.21398404240608215 0.5573288798332214 0.06940902769565582 0.07434344291687012
1 0.64766526222229 0.5277398824691772 0.013180136680603027 0.05000114440917969
1 0.34836137294769287 0.5235289335250854 0.005921155214309692 0.028125464916229248
0 0.9287903904914856 0.6158002614974976 0.1424192190170288 0.16184496879577637
0 0.4824194312095642 0.5106997489929199 0.01381605863571167 0.022204339504241943
0 0.40099388360977173 0.5171142816543579 0.017434507608413696 0.016776621341705322
1 0.6983674764633179 0.5541215538978577 0.03157949447631836 0.09671223163604736
1 0.8707389235496521 0.7569211721420288 0.14112091064453125 0.3631642460823059
0 0.16414761543273926 0.5728718638420105 0.07829083502292633 0.07352101802825928
0 0.2858602702617645 0.5467200875282288 0.030592620372772217 0.03996777534484863
1 0.7579079866409302 0.579779863357544 0.03157949447631836 0.12089025974273682
1 0.5361936092376709 0.5743521451950073 0.024671494960784912 0.10065966844558716
0 0.5036693811416626 0.5166588425636292 0.02861890196800232 0.03305983543395996
1 0.2828996777534485 0.5782995820045471 0.01875033974647522 0.09671223163604736
1 0.6098790764808655 0.536358118057251 0.012829184532165527 0.05082327127456665
0 0.38191458582878113 0.5092194080352783 0.011842310428619385 0.0054277777671813965
1 0.12566009163856506 0.5477069616317749 0.010197550058364868 0.028125524520874023
0 0.4842190146446228 0.5131669044494629 0.01118442416191101 0.016776621341705322
1 0.5860848426818848 0.5185946226119995 0.010490000247955322 0.043421804904937744
0 0.43915241956710815 0.5116865634918213 0.012829184532165527 0.010855495929718018
0 0.40033596754074097 0.5116865634918213 0.017434507608413696 0.01381605863571167
0 0.3036237359046936 0.5422792434692383 0.026645183563232422 0.03454005718231201
