0 0.4779689908027649 0.5551087856292725 0.006579071283340454 0.00789487361907959
0 0.4822452664375305 0.5575755834579468 0.004605323076248169 0.006907999515533447
0 0.4996798038482666 0.5625098347663879 0.013816028833389282 0.01578974723815918
0 0.5282987356185913 0.5689244270324707 0.019408226013183594 0.02615177631378174
0 0.5177721977233887 0.5654704570770264 0.012500226497650146 0.01776343584060669
0 0.44902101159095764 0.5634967088699341 0.011184394359588623 0.011842310428619385
0 0.438165545463562 0.5654704570770264 0.016447633504867554 0.018750369548797607
0 0.5473780035972595 0.5768193006515503 0.03223741054534912 0.038980960845947266
0 0.4210599958896637 0.570898175239563 0.019408226013183594 0.019737184047698975
0 0.5069167613983154 0.5556018352508545 0.00822383165359497 0.010362029075622559
0 0.47040295600891113 0.5585623979568481 0.010526508092880249 0.013815999031066895
0 0.46382391452789307 0.5625098347663879 0.011184394359588623 0.013815999031066895
0 0.48586374521255493 0.5556018352508545 0.002631634473800659 0.005921125411987305
