0 0.3440849781036377 0.5240223407745361 0.02138194441795349 0.024178028106689453
0 0.3407954275608063 0.5097128748893738 0.012500226497650146 0.005921125411987305
0 0.426652193069458 0.5047785639762878 0.00789487361907959 0.010855436325073242
0 0.1996745467185974 0.5457332134246826 0.03190845251083374 0.04588896036148071
0 0.4000070095062256 0.5116865634918213 0.01875033974647522 0.0098685622215271
0 0.09968984872102737 0.6082258224487305 0.07948644459247589 0.09769028425216675
0 0.18947699666023254 0.5506675243377686 0.03914542496204376 0.04588896036148071
0 0.41250720620155334 0.5516543984413147 0.0480271577835083 0.04983639717102051
0 0.1750054657459259 0.5645512342453003 0.03270329535007477 0.06428420543670654
0 0.3733515739440918 0.5103697776794434 0.00789487361907959 0.00723797082901001
0 0.03059263899922371 0.5185946226119995 0.0365137979388237 0.014802873134613037
0 0.36732298135757446 0.5368515253067017 0.018092423677444458 0.0343746542930603
0 0.2727021276950836 0.5166208744049072 0.01611870527267456 0.01578974723815918
0 0.415138840675354 0.5037916898727417 0.00789487361907959 0.01282915472984314
0 0.0365137979388237 0.6276425719261169 0.0710538774728775 0.18158209323883057
0 0.21414491534233093 0.5417871475219727 0.018421828746795654 0.04046058654785156
0 0.3825724720954895 0.5398120880126953 0.031250566244125366 0.03996777534484863
0 0.13175487518310547 0.5778021812438965 0.08091577887535095 0.09966880083084106
1 0.36364805698394775 0.5412923693656921 0.006743758916854858 0.020969033241271973
1 0.3674406409263611 0.5319172143936157 0.006907999515533447 0.03848749399185181
