0 0.4219709038734436 0.4579027593135834 0.01282915472984314 0.022204339504241943
0 0.5927422046661377 0.4939231276512146 0.030566394329071045 0.036560773849487305
0 0.5882570743560791 0.48553481698036194 0.02598726749420166 0.030592620372772217
0 0.5689573287963867 0.4697449207305908 0.020395100116729736 0.027632057666778564
0 0.6753407716751099 0.5777667760848999 0.056606173515319824 0.05822473764419556
0 0.5143182277679443 0.4554356038570404 0.00822383165359497 0.006907999515533447
0 0.3782960772514343 0.4849179983139038 0.033224254846572876 0.03898093104362488
0 0.4171125590801239 0.4608633518218994 0.01578974723815918 0.02269771695137024
0 0.42994171380996704 0.45099472999572754 0.014802902936935425 0.01924377679824829
0 0.40033596754074097 0.4731990694999695 0.02039507031440735 0.027632057666778564
1 0.5973788499832153 0.45888960361480713 0.004934251308441162 0.021710902452468872
1 0.009375164285302162 0.6192542314529419 0.018750328570604324 0.09177792072296143
0 0.2960578203201294 0.5990236401557922 0.07467237114906311 0.08141589164733887
0 0.4185599684715271 0.5869839191436768 0.06927752494812012 0.09306079149246216
0 0.6503403186798096 0.5590558052062988 0.04901403188705444 0.04687577486038208
0 0.40814876556396484 0.4674014449119568 0.01644766330718994 0.024671465158462524
1 0.2286224216222763 0.5452398061752319 0.01611870527267456 0.056250929832458496
0 0.3477034568786621 0.5062588453292847 0.03684276342391968 0.0444086492061615
0 0.3348742723464966 0.5176077485084534 0.03980332612991333 0.04292836785316467
1 0.03223740682005882 0.6113593578338623 0.02631624974310398 0.09177792072296143
0 0.3167349100112915 0.5280401706695557 0.04440867900848389 0.04687577486038208
1 0.7187625765800476 0.5477069616317749 0.013487100601196289 0.04736924171447754
0 0.19177967309951782 0.6128396987915039 0.10789662599563599 0.09671217203140259
0 0.3654669225215912 0.5023114085197449 0.019408226013183594 0.03898093104362488
1 0.20904949307441711 0.5420323610305786 0.016118690371513367 0.05625098943710327
1 0.7917901873588562 0.5871813297271729 0.014473915100097656 0.0804290771484375
2 0.822546124458313 0.6224625706672668 0.037500977516174316 0.08931279182434082
1 0.18330904841423035 0.5480771660804749 0.018750324845314026 0.05316650867462158
0 0.607905387878418 0.5092194080352783 0.030592620372772217 0.030592620372772217
0 0.5782996416091919 0.4838104546070099 0.011842310428619385 0.02615177631378174
1 0.5891549587249756 0.45987647771835327 0.005921125411987305 0.020970582962036133
0 0.4377182126045227 0.44884341955184937 0.009210675954818726 0.016776591539382935
0 0.6316721439361572 0.531423807144165 0.04506659507751465 0.04588896036148071
0 0.5644835829734802 0.4648107588291168 0.020357131958007812 0.022204339504241943
0 0.8905496001243591 0.7485328316688538 0.21890079975128174 0.35674965381622314
0 0.7056044340133667 0.6059316396713257 0.08125144243240356 0.07204073667526245
0 0.5582334995269775 0.4592185616493225 0.017434537410736084 0.022204339504241943
0 0.6171160936355591 0.5200749039649963 0.03881651163101196 0.041448116302490234
0 0.2713863253593445 0.5605361461639404 0.06644852459430695 0.06513267755508423
0 0.39474374055862427 0.4771465063095093 0.017434507608413696 0.02911233901977539
1 0.15131843090057373 0.5605361461639404 0.022039860486984253 0.06513267755508423
