1 0.6065895557403564 0.47961366176605225 0.010416805744171143 0.02324599027633667
1 0.07204073667526245 0.5304369330406189 0.026974160224199295 0.09671223163604736
1 0.3427438735961914 0.48750853538513184 0.010526478290557861 0.040461212396621704
0 0.5233644247055054 0.47023850679397583 0.013815999031066895 0.01085546612739563
1 0.30707764625549316 0.49096256494522095 0.010526508092880249 0.03996780514717102
0 0.47341835498809814 0.4890710711479187 0.016995936632156372 0.01652991771697998
0 0.4838900566101074 0.488495409488678 0.01118442416191101 0.013816028833389282
0 0.5355356931686401 0.5102062821388245 0.05937594175338745 0.07746848464012146
1 0.6027518510818481 0.4746794104576111 0.007511138916015625 0.016529977321624756
1 0.369414359331131 0.47961366176605225 0.004605352878570557 0.025855600833892822
1 0.5450752973556519 0.46826475858688354 0.004605352878570557 0.012335747480392456
1 0.15212704241275787 0.5147089958190918 0.01578974723815918 0.06947115063667297
1 0.0825672298669815 0.5056010484695435 0.014254607260227203 0.056909024715423584
1 0.5141537189483643 0.4707319140434265 0.004605352878570557 0.012335747480392456
1 0.3500061333179474 0.48750853538513184 0.007565915584564209 0.03503349423408508
1 0.5669252872467041 0.5068093538284302 0.019408226013183594 0.06414589285850525
1 0.39189285039901733 0.4840545058250427 0.008223801851272583 0.02911236882209778
1 0.3554573655128479 0.48750853538513184 0.010526478290557861 0.03947436809539795
1 0.13731446862220764 0.512179970741272 0.014967352151870728 0.0704546570777893
0 0.522734522819519 0.4731990694999695 0.01019752025604248 0.009868621826171875
1 0.3190845251083374 0.49096253514289856 0.012171268463134766 0.04046124219894409
1 0.2898077070713043 0.4961082935333252 0.01578974723815918 0.05181014537811279
1 0.011456634849309921 0.5215380787849426 0.013124107383191586 0.08262383937835693
1 0.15070539712905884 0.5111931562423706 0.01700088381767273 0.06210482120513916
1 0.060856327414512634 0.531423807144165 0.01578974723815918 0.08536332845687866
1 0.3794145882129669 0.4840545058250427 0.00822383165359497 0.03157952427864075
1 0.5983657240867615 0.47961366176605225 0.010526537895202637 0.02368462085723877
1 0.355292946100235 0.49908626079559326 0.013487100601196289 0.03836417198181152
1 0.2564009130001068 0.500831127166748 0.016593754291534424 0.0606917142868042
2 0.44694605469703674 0.4809800982475281 0.00822383165359497 0.023684650659561157
1 0.09046243131160736 0.5657170414924622 0.03750048577785492 0.13347265124320984
1 0.5667862296104431 0.5077391862869263 0.01578974723815918 0.06414586305618286
0 0.488495409488678 0.46629106998443604 0.010197550058364868 0.016776591539382935
1 0.662182629108429 0.5042851567268372 0.02927684783935547 0.07450786232948303
1 0.3875521421432495 0.4840545058250427 0.013487070798873901 0.03947436809539795
1 0.6434323191642761 0.5077391266822815 0.01578974723815918 0.059704989194869995
1 0.5983657240867615 0.5149655342102051 0.013487100601196289 0.07450789213180542
1 0.5829540491104126 0.4888046979904175 0.010526478290557861 0.025709867477416992
1 0.001973718637600541 0.5166208744049072 0.003947437275201082 0.02911233901977539
1 0.5878392457962036 0.47635704278945923 0.004605352878570557 0.023684650659561157
1 0.048027154058218 0.5595492720603943 0.040461234748363495 0.13964059948921204
1 0.36415112018585205 0.48750853538513184 0.00822383165359497 0.032566338777542114
