0 0.11513359844684601 0.5501741170883179 0.016447655856609344 0.03848749399185181
0 0.1674371361732483 0.5615229606628418 0.045066580176353455 0.05082327127456665
0 0.1095413863658905 0.5615229606628418 0.00460534542798996 0.024671494960784912
0 0.8704099655151367 0.8529255986213684 0.2539517879486084 0.2941488027572632
0 0.0615142360329628 0.5146471858024597 0.06809329986572266 0.03700724244117737
0 0.4177704453468323 0.590635359287262 0.22072753310203552 0.24128714203834534
0 0.018421374261379242 0.5393186807632446 0.035855889320373535 0.04687577486038208
0 0.2723731994628906 0.5516543984413147 0.11875207722187042 0.1712200939655304
0 0.1095413863658905 0.5240223407745361 0.03782960772514343 0.02911233901977539
0 0.19770082831382751 0.5699112415313721 0.044079720973968506 0.06463927030563354
0 0.1444104164838791 0.5615229606628418 0.022039860486984253 0.04144805669784546
0 0.13717344403266907 0.5560952425003052 0.034869030117988586 0.04539555311203003
0 0.11414673924446106 0.5560952425003052 0.017434515058994293 0.03848749399185181
0 0.1223640888929367 0.5539987683296204 0.014802895486354828 0.03700721263885498
0 0.009457401931285858 0.5699113011360168 0.018914803862571716 0.046875834465026855
