1 0.7444208860397339 0.542772650718689 0.01611870527267456 0.08783051371574402
1 0.5792864561080933 0.49293625354766846 0.007565975189208984 0.011348903179168701
0 0.5710626244544983 0.5092194080352783 0.024671435356140137 0.031086057424545288
1 0.5921156406402588 0.49441656470298767 0.008552789688110352 0.01924377679824829
0 0.2845444679260254 0.540305495262146 0.056908875703811646 0.07401442527770996
1 0.8513306379318237 0.5274763107299805 0.024671494960784912 0.04194152355194092
1 0.28586041927337646 0.5013242959976196 0.008552759885787964 0.010855406522750854
1 0.787513792514801 0.542772650718689 0.03223741054534912 0.12089025974273682
0 0.4944165349006653 0.5077391862869263 0.006579071283340454 0.008388340473175049
1 0.70428866147995 0.5235288739204407 0.012829184532165527 0.06759986281394958
1 0.1861874759197235 0.542772650718689 0.018750324845314026 0.07648158073425293
1 0.5496807098388672 0.505765438079834 0.007565915584564209 0.006414592266082764
0 0.4611922800540924 0.500831127166748 0.04704028367996216 0.027632087469100952
0 0.23520147800445557 0.5590558052062988 0.09210686385631561 0.07549470663070679
0 0.33388739824295044 0.48504137992858887 0.030263692140579224 0.041448116302490234
1 0.3924410939216614 0.503298282623291 0.007565945386886597 0.021710902452468872
1 0.8963972330093384 0.5605361461639404 0.03914541006088257 0.1440815031528473
0 0.35855889320373535 0.5245157480239868 0.031250566244125366 0.046875834465026855
0 0.585536539554596 0.5003377199172974 0.008552789688110352 0.014309436082839966
0 0.5562597513198853 0.5047785639762878 0.00822383165359497 0.009868592023849487
1 0.7960665822029114 0.5274763107299805 0.018750309944152832 0.043421804904937744
1 0.6529717445373535 0.5083565711975098 0.007565915584564209 0.040831029415130615
0 0.4039544463157654 0.5131669044494629 0.027632057666778564 0.02911236882209778
0 0.32928210496902466 0.5333974957466125 0.05394831299781799 0.061185240745544434
1 0.5921156406402588 0.5162930488586426 0.01019752025604248 0.03552696108818054
1 0.5615229606628418 0.500831127166748 0.010197579860687256 0.03305980563163757
0 0.5128378868103027 0.5092194080352783 0.0072370171546936035 0.0054277777671813965
0 0.5056009292602539 0.4993508458137512 0.033224284648895264 0.02615177631378174
0 0.6023131608963013 0.4993508458137512 0.004605352878570557 0.006908029317855835
0 0.41448092460632324 0.5116865634918213 0.020066142082214355 0.02861890196800232
0 0.5204038619995117 0.49688369035720825 0.05822470784187317 0.030592650175094604
0 0.5118510723114014 0.5092194080352783 0.005592226982116699 0.003947436809539795
0 0.549351692199707 0.5018180012702942 0.006579101085662842 0.012829184532165527
1 0.6661300659179688 0.5363580584526062 0.02138197422027588 0.07648158073425293
0 0.4861927032470703 0.5047785639762878 0.010197550058364868 0.010855436325073242
1 0.3858620226383209 0.503298282623291 0.007565915584564209 0.019243746995925903
0 0.37961190938949585 0.520568311214447 0.024671494960784912 0.03404664993286133
0 0.37961190938949585 0.5047785639762878 0.02927684783935547 0.024178028106689453
