0 0.6493535041809082 0.5546150207519531 0.15691059827804565 0.10362023115158081
0 0.2638204097747803 0.52303546667099 0.034211114048957825 0.03454005718231201
0 0.76185542345047 0.6503403186798096 0.2286224365234375 0.17862153053283691
0 0.0528792142868042 0.565963864326477 0.1057584285736084 0.11052823066711426
0 0.5583044290542603 0.5461162328720093 0.07507377862930298 0.07346582412719727
0 0.5572465658187866 0.5215551853179932 0.06546169519424438 0.02911233901977539
0 0.34671658277511597 0.49096253514289856 0.014802902936935425 0.01924377679824829
0 0.11809417605400085 0.5521478652954102 0.05723784118890762 0.0828961730003357
1 0.30461031198501587 0.49935072660446167 0.007565915584564209 0.022697806358337402
0 0.37928295135498047 0.4899756908416748 0.010197550058364868 0.01085546612739563
0 0.6171160936355591 0.488495409488678 0.01842135190963745 0.009868592023849487
0 0.3727039098739624 0.4939231276512146 0.0055921971797943115 0.017763495445251465
0 0.2944130301475525 0.5176077485084534 0.027632087469100952 0.030592679977416992
0 0.4457314610481262 0.48701509833335876 0.0055921971797943115 0.015296339988708496
0 0.43158650398254395 0.5477069616317749 0.065461665391922 0.07352101802825928
0 0.5368515253067017 0.49096256494522095 0.010197579860687256 0.008388310670852661
0 0.4963902533054352 0.5245157480239868 0.01842135190963745 0.041448116302490234
0 0.44277089834213257 0.48306766152381897 0.006579071283340454 0.012335717678070068
0 0.5690889358520508 0.5521478652954102 0.054277241230010986 0.08042901754379272
0 0.5322461724281311 0.5116865634918213 0.06743541359901428 0.04144808650016785
0 0.4207310378551483 0.4954034090042114 0.027632057666778564 0.027632027864456177
0 0.468758225440979 0.4899756908416748 0.010197550058364868 0.013816028833389282
0 0.39474374055862427 0.4993508458137512 0.02664521336555481 0.020724058151245117
0 0.3865199089050293 0.4899756908416748 0.010197550058364868 0.015296310186386108
0 0.6641563177108765 0.6034644842147827 0.1651344895362854 0.12039685249328613
0 0.5286276340484619 0.5353711843490601 0.05065876245498657 0.0537838339805603
0 0.17171353101730347 0.5467200875282288 0.06085634231567383 0.05279695987701416
0 0.5025920867919922 0.5007712244987488 0.05191582441329956 0.05053243041038513
0 0.5322461724281311 0.5245157480239868 0.065461665391922 0.04440867900848389
0 0.4309285879135132 0.48701509833335876 0.013816028833389282 0.020724058151245117
0 0.4539553225040436 0.48701512813568115 0.019408226013183594 0.026151806116104126
0 0.46546709537506104 0.5103154182434082 0.040826648473739624 0.03294992446899414
1 0.299511194229126 0.49885720014572144 0.003782927989959717 0.005674391984939575
0 0.5590006113052368 0.49721255898475647 0.03750067949295044 0.025164902210235596
0 0.4842190146446228 0.500831127166748 0.0036185085773468018 0.017763465642929077
