0 0.42171791195869446 0.4579027593135834 0.013103246688842773 0.022204339504241943
0 0.5928988456726074 0.4939231276512146 0.030148804187774658 0.036325812339782715
0 0.5882037878036499 0.48553481698036194 0.025987327098846436 0.030592620372772217
0 0.5689948797225952 0.46777135133743286 0.020395100116729736 0.027632057666778564
0 0.6752978563308716 0.5782995820045471 0.056208133697509766 0.05822467803955078
0 0.5138248205184937 0.4554356038570404 0.00822383165359497 0.006907999515533447
0 0.3782960772514343 0.48479437828063965 0.033224254846572876 0.038980960845947266
0 0.4171125590801239 0.460863322019577 0.01578974723815918 0.022204339504241943
0 0.43074503540992737 0.45099472999572754 0.014802873134613037 0.01951909065246582
0 0.40033596754074097 0.4731990694999695 0.02039507031440735 0.027632057666778564
1 0.5931024551391602 0.45888960361480713 0.004934251308441162 0.021710902452468872
1 0.07236968725919724 0.6281359791755676 0.028947874903678894 0.08684360980987549
0 0.2957287132740021 0.5980370044708252 0.07533013820648193 0.08141589164733887
0 0.41815000772476196 0.5866879224777222 0.06908014416694641 0.09367579221725464
0 0.6513271927833557 0.5590558648109436 0.047040343284606934 0.04983639717102051
1 0.5894843935966492 0.45888960361480713 0.0049343109130859375 0.021710902452468872
0 0.40750235319137573 0.4668196439743042 0.016447633504867554 0.024671494960784912
1 0.219082772731781 0.5477069616317749 0.016118690371513367 0.04983639717102051
0 0.34671658277511597 0.5062588453292847 0.03684273362159729 0.0444086492061615
0 0.3348742723464966 0.5176077485084534 0.03980332612991333 0.04292836785316467
1 0.0500008761882782 0.6049448251724243 0.024671483784914017 0.08783048391342163
0 0.3174397647380829 0.5284631848335266 0.04498434066772461 0.046012282371520996
1 0.7229564189910889 0.5491872429847717 0.01677638292312622 0.056250929832458496
0 0.19177967309951782 0.6128396987915039 0.10427814722061157 0.09424501657485962
0 0.3654669225215912 0.5023114085197449 0.019408226013183594 0.03898093104362488
1 0.1996745467185974 0.5437594652175903 0.014473944902420044 0.05625098943710327
1 0.7977113127708435 0.5896484851837158 0.018750309944152832 0.07253420352935791
2 0.9194239377975464 0.5950762033462524 0.03486901521682739 0.04095470905303955
1 0.1767578125 0.552804708480835 0.018750324845314026 0.05361884832382202
0 0.6088922023773193 0.5131669044494629 0.030592620372772217 0.030592620372772217
0 0.5782996416091919 0.4837574064731598 0.011842310428619385 0.02615177631378174
1 0.5855365991592407 0.4574093222618103 0.0026316046714782715 0.020230591297149658
0 0.437849760055542 0.4490407705307007 0.009210675954818726 0.016776621341705322
0 0.630932092666626 0.5335825681686401 0.04506659507751465 0.04588896036148071
0 0.5644835233688354 0.4648107588291168 0.0199776291847229 0.022204339504241943
0 0.8967174291610718 0.8003753423690796 0.20656508207321167 0.3992493748664856
0 0.7056044340133667 0.6044513583183289 0.08026456832885742 0.07179403305053711
0 0.5582334995269775 0.4588896334171295 0.017434537410736084 0.022204339504241943
0 0.6171160936355591 0.5200749039649963 0.03881651163101196 0.041448116302490234
0 0.27160561084747314 0.5590558052062988 0.06579059362411499 0.06513267755508423
0 0.39474374055862427 0.4771465063095093 0.01578974723815918 0.030592620372772217
1 0.16381865739822388 0.5605361461639404 0.01611870527267456 0.04983639717102051
