0 0.5292855501174927 0.48750853538513184 0.017434537410736084 0.021710902452468872
0 0.5167853832244873 0.4791202247142792 0.007565915584564209 0.011348903179168701
0 0.5687599182128906 0.5151405930519104 0.061514198780059814 0.040461212396621704
1 0.1750030666589737 0.5333974957466125 0.022368818521499634 0.07450786232948303
1 0.6950779557228088 0.542772650718689 0.021710872650146484 0.08684360980987549
0 0.449349969625473 0.48750853538513184 0.008552789688110352 0.01578974723815918
1 0.11414673179388046 0.540305495262146 0.02236880362033844 0.08240276575088501
0 0.5013245940208435 0.47097885608673096 0.006579071283340454 0.008881717920303345
1 0.6674458980560303 0.5181012153625488 0.013487100601196289 0.04046124219894409
0 0.42731010913848877 0.4978705644607544 0.007565915584564209 0.02615177631378174
0 0.5937603712081909 0.5023114681243896 0.026974141597747803 0.02171093225479126
0 0.9049413204193115 0.6261622905731201 0.19011741876602173 0.1574040651321411
0 0.468758225440979 0.468758225440979 0.009539633989334106 0.009868592023849487
0 0.9843012094497681 0.6937621831893921 0.03139752149581909 0.11990338563919067
1 0.5878392457962036 0.48750853538513184 0.010526478290557861 0.022697746753692627
1 0.4631659984588623 0.5023114085197449 0.00822383165359497 0.036020368337631226
0 0.6256688833236694 0.5220485925674438 0.07401448488235474 0.07352101802825928
1 0.30082863569259644 0.5023114085197449 0.00822383165359497 0.01578974723815918
1 0.25201064348220825 0.5237523913383484 0.009300664067268372 0.049342960119247437
0 0.47731098532676697 0.47763991355895996 0.01842135190963745 0.009868592023849487
0 0.508232593536377 0.47763991355895996 0.014473915100097656 0.009868592023849487
0 0.4263232350349426 0.4919493794441223 0.023026734590530396 0.03157946467399597
0 0.5361936092376709 0.4806005358695984 0.008552789688110352 0.008881717920303345
0 0.47369247674942017 0.4731990694999695 0.005921155214309692 0.007401466369628906
1 0.2419806867837906 0.5330023765563965 0.021710902452468872 0.07352015376091003
0 0.7960665225982666 0.585701048374176 0.1174362301826477 0.10510051250457764
1 0.5343022346496582 0.518101155757904 0.01727008819580078 0.054277271032333374
0 0.4388234615325928 0.4919494092464447 0.010526508092880249 0.027632057666778564
0 0.6853726506233215 0.5482001304626465 0.0509868860244751 0.06759965419769287
1 0.8131721019744873 0.5181012153625488 0.018750369548797607 0.04046124219894409
0 0.46777135133743286 0.4791202247142792 0.013487070798873901 0.011348903179168701
0 0.5447463989257812 0.48750853538513184 0.012500226497650146 0.021710902452468872
1 0.6404716968536377 0.4919493794441223 0.005263268947601318 0.012335747480392456
0 0.49474549293518066 0.47171878814697266 0.006579071283340454 0.008881747722625732
0 0.4957323670387268 0.486028254032135 0.01644766330718994 0.020230621099472046
1 0.3640642762184143 0.4938327670097351 0.005263268947601318 0.021575897932052612
0 0.480271577835083 0.47023850679397583 0.008552759885787964 0.0074014365673065186
1 0.5801087021827698 0.48693299293518066 0.008114218711853027 0.016036659479141235
1 0.6480361223220825 0.49486464262008667 0.011034786701202393 0.03184792399406433
1 0.7319207191467285 0.4998442530632019 0.00822383165359497 0.022697776556015015
0 0.44671833515167236 0.486028254032135 0.015460789203643799 0.020230621099472046
0 0.4151388704776764 0.4978705644607544 0.024671494960784912 0.03059259057044983
0 0.4457314610481262 0.48898881673812866 0.006579071283340454 0.018750309944152832
1 0.9865304231643677 0.5516543984413147 0.026316285133361816 0.08092248439788818
1 0.795737624168396 0.5156340599060059 0.01809239387512207 0.04046124219894409
1 0.8539621829986572 0.5279697179794312 0.02171093225479126 0.042599380016326904
0 0.6572483777999878 0.5181012153625488 0.015460789203643799 0.027632057666778564
0 0.5467200875282288 0.4904690980911255 0.008552789688110352 0.020230621099472046
0 0.40855979919433594 0.503298282623291 0.028947889804840088 0.03059259057044983
0 0.46069902181625366 0.4813408851623535 0.005921155214309692 0.01949024200439453
1 0.38750678300857544 0.4944165349006653 0.006907999515533447 0.028125494718551636
0 0.4437577724456787 0.4904690980911255 0.007565915584564209 0.01875033974647522
1 0.49186623096466064 0.4748650789260864 0.004605352878570557 0.007524996995925903
0 0.35513919591903687 0.5235289335250854 0.0850667655467987 0.04667764902114868
0 0.4513236880302429 0.47615963220596313 0.01842135190963745 0.03157952427864075
0 0.619006872177124 0.5606591701507568 0.08166241645812988 0.08820086717605591
1 0.35952073335647583 0.520926833152771 0.013068169355392456 0.052953511476516724
0 0.5562597513198853 0.486028254032135 0.01644766330718994 0.023191183805465698
0 0.5437594652175903 0.486028254032135 0.015460789203643799 0.023191183805465698
1 0.5579044818878174 0.48750853538513184 0.00822383165359497 0.020230621099472046
1 0.09835698455572128 0.5664572715759277 0.028618916869163513 0.12039685249328613
0 0.5177721977233887 0.4845479428768158 0.012500226497650146 0.01578974723815918
1 0.21250373125076294 0.5383317470550537 0.018750324845314026 0.07450789213180542
1 0.010526500642299652 0.5605361461639404 0.018750328570604324 0.10362023115158081
1 0.34046730399131775 0.4931833744049072 0.006414949893951416 0.021957874298095703
1 0.316946804523468 0.5010782480239868 0.011184394359588623 0.028125524520874023
1 0.025658344849944115 0.5842207670211792 0.03618484362959862 0.13865375518798828
0 0.47731098532676697 0.47171878814697266 0.006579041481018066 0.004440873861312866
0 0.7352102398872375 0.5526412725448608 0.08947527408599854 0.09523195028305054
0 0.7449125051498413 0.5676906108856201 0.03947407007217407 0.08585613965988159
1 0.27401888370513916 0.5200748443603516 0.015460669994354248 0.06636589765548706
1 0.22197842597961426 0.5318183898925781 0.015263393521308899 0.0689811110496521
0 0.7819851636886597 0.517508864402771 0.006579101085662842 0.032467424869537354
0 0.44079717993736267 0.4904690980911255 0.008552789688110352 0.021710872650146484
1 0.7294524312019348 0.5010776519775391 0.015460729598999023 0.02541130781173706
