0 0.28322863578796387 0.48701509833335876 0.06447482109069824 0.02368462085723877
0 0.5342198610305786 0.5491872429847717 0.08848839998245239 0.0942450761795044
0 0.29062992334365845 0.38117456436157227 0.03519797325134277 0.04144808650016785
0 0.31447917222976685 0.5422792434692383 0.09309372305870056 0.10954141616821289
0 0.4684293270111084 0.4741860628128052 0.04462793469429016 0.05773138999938965
0 0.29901838302612305 0.4771465063095093 0.0674353837966919 0.03157949447631836
0 0.4733635485172272 0.4455670118331909 0.041448116302490234 0.05526411533355713
0 0.5065878033638 0.5252560377120972 0.06381690502166748 0.07352101802825928
0 0.04358628764748573 0.6241885423660278 0.08717257529497147 0.19095730781555176
0 0.4187573194503784 0.3957306146621704 0.04440867900848389 0.04588896036148071
0 0.23421461880207062 0.5215551853179932 0.11710730195045471 0.08141589164733887
0 0.5766547918319702 0.5812601447105408 0.10937684774398804 0.12261712551116943
0 0.2384914755821228 0.5252560377120972 0.10559462010860443 0.07820844650268555
0 0.3727039098739624 0.3903028964996338 0.04144808650016785 0.0444086492061615
