0 0.4480341672897339 0.5077391862869263 0.030263692140579224 0.01924377679824829
0 0.3973753750324249 0.5092194080352783 0.014802873134613037 0.0098685622215271
1 0.41382303833961487 0.5348777770996094 0.027961015701293945 0.04736924171447754
0 0.10789662599563599 0.6197476983070374 0.21480637788772583 0.11496913433074951
0 0.3348742723464966 0.5353711843490601 0.011184394359588623 0.029112398624420166
1 0.18783223628997803 0.8433036804199219 0.18783223628997803 0.3133925795555115
0 0.37887659668922424 0.5190880298614502 0.01644766330718994 0.017763495445251465
1 0.7998591661453247 0.5630033016204834 0.03827470541000366 0.11145704984664917
1 0.6569193601608276 0.5644835233688354 0.031579554080963135 0.08042901754379272
0 0.5526412725448608 0.5383317470550537 0.06184321641921997 0.0828961730003357
1 0.838501513004303 0.5501741170883179 0.03157949447631836 0.10312679409980774
0 0.47504860162734985 0.5106997489929199 0.006579071283340454 0.022204339504241943
0 0.49868831038475037 0.5146471858024597 0.025987327098846436 0.0345400869846344
1 0.73323655128479 0.5541214942932129 0.03914541006088257 0.10312682390213013
1 0.6592220664024353 0.5289566516876221 0.019408226013183594 0.05871814489364624
1 0.622708261013031 0.5348777770996094 0.01019752025604248 0.017763495445251465
1 0.8598834276199341 0.5669506788253784 0.03421109914779663 0.13125234842300415
1 0.06373466551303864 0.7771517634391785 0.12746933102607727 0.4228692054748535
0 0.24539902806282043 0.5368515253067017 0.02598731219768524 0.0098685622215271
0 0.45066577196121216 0.5131669044494629 0.01282915472984314 0.01529628038406372
1 0.6914594769477844 0.5541215538978577 0.02138197422027588 0.0942450761795044
1 0.5727074146270752 0.5669506788253784 0.024671494960784912 0.10065966844558716
0 0.4674423933029175 0.5102062821388245 0.011184394359588623 0.010855436325073242
1 0.16085809469223022 0.531470775604248 0.012829169631004333 0.019243717193603516
1 0.8690941333770752 0.8074066638946533 0.12829172611236572 0.3851866126060486
0 0.41969719529151917 0.5077391266822815 0.019408226013183594 0.03700721263885498
1 0.7450788021087646 0.5501741170883179 0.024671494960784912 0.0942450761795044
0 0.457573801279068 0.5284631848335266 0.033224284648895264 0.037500619888305664
1 0.1999330073595047 0.5171142816543579 0.013487070798873901 0.018556535243988037
0 0.3827371597290039 0.5116865634918213 0.01661202311515808 0.011595547199249268
1 0.37994086742401123 0.5171142816543579 0.005921155214309692 0.01924377679824829
0 0.40658605098724365 0.5102062821388245 0.014802902936935425 0.010855436325073242
0 0.39638853073120117 0.5146471261978149 0.010197550058364868 0.010855495929718018
0 0.38593393564224243 0.5196740031242371 0.00822383165359497 0.016776561737060547
0 0.40296757221221924 0.5171142816543579 0.01644766330718994 0.016776621341705322
1 0.3618484139442444 0.5185946226119995 0.005921155214309692 0.01529628038406372
0 0.31483298540115356 0.5329040884971619 0.04144808650016785 0.04440867900848389
0 0.21217477321624756 0.5536280870437622 0.06644852459430695 0.0675998330116272
1 0.6143528819084167 0.5197787880897522 0.012829184532165527 0.041151970624923706
1 0.2904655933380127 0.5210617780685425 0.004276365041732788 0.01924377679824829
1 0.941463828086853 0.5388252139091492 0.027961015701293945 0.09671223163604736
1 0.9447534084320068 0.7159664630889893 0.10362023115158081 0.33750593662261963
1 0.6940910816192627 0.794947624206543 0.10362023115158081 0.41010481119155884
0 0.45625799894332886 0.5092194080352783 0.017434507608413696 0.010855495929718018
0 0.48158735036849976 0.5106997489929199 0.013816028833389282 0.022204339504241943
1 0.6345505714416504 0.7287956476211548 0.15131843090057373 0.40362548828125
0 0.3973753750324249 0.5171142816543579 0.01019752025604248 0.01529628038406372
1 0.3457297384738922 0.5274763107299805 0.012829184532165527 0.012829124927520752
1 0.6236951351165771 0.810490608215332 0.14112091064453125 0.37901872396469116
1 0.44342881441116333 0.5171142816543579 0.004276394844055176 0.028125464916229248
0 0.36086156964302063 0.6143199801445007 0.32007139921188354 0.17023324966430664
0 0.165134459733963 0.5644835233688354 0.07467235624790192 0.06365245580673218
0 0.2805970311164856 0.531423807144165 0.02664521336555481 0.0098685622215271
1 0.7638291716575623 0.5784229040145874 0.03215515613555908 0.12977200746536255
1 0.12138369679450989 0.5541215538978577 0.016118697822093964 0.024178028106689453
0 0.5031537413597107 0.5180338621139526 0.028618931770324707 0.033059775829315186
1 0.5988200306892395 0.5148821473121643 0.013487100601196289 0.02969980239868164
0 0.36770379543304443 0.5206670165061951 0.00822383165359497 0.010855436325073242
1 0.7042886018753052 0.5630033016204834 0.028947889804840088 0.09671217203140259
1 0.5802733302116394 0.5161274671554565 0.004276394844055176 0.020230591297149658
1 0.08322514593601227 0.7159664630889893 0.07138282805681229 0.30839353799819946
1 0.6032999753952026 0.6039579510688782 0.03980332612991333 0.04736924171447754
0 0.48451507091522217 0.5131669044494629 0.01118442416191101 0.016776621341705322
0 0.304034948348999 0.5422792434692383 0.02664521336555481 0.03454005718231201
