1 0.6516561508178711 0.49688369035720825 0.007565915584564209 0.030592650175094604
0 0.2171090692281723 0.5092194676399231 0.02401357889175415 0.03157952427864075
0 0.3937568962574005 0.4539552927017212 0.01578974723815918 0.017763465642929077
0 0.2654682695865631 0.5355355143547058 0.06984728574752808 0.06891441345214844
1 0.2516491413116455 0.48553481698036194 0.0026316046714782715 0.006414592266082764
0 0.31842660903930664 0.5171142816543579 0.015789777040481567 0.030592620372772217
0 0.5095483660697937 0.4608633518218994 0.01644766330718994 0.017763465642929077
0 0.27039945125579834 0.500831127166748 0.02039507031440735 0.017763465642929077
0 0.13717344403266907 0.5699113011360168 0.146384134888649 0.1574040651321411
0 0.27961015701293945 0.500831127166748 0.022039860486984253 0.02615177631378174
0 0.4076387882232666 0.4687582850456238 0.01125025749206543 0.017763465642929077
0 0.37171703577041626 0.500831127166748 0.009210705757141113 0.017763465642929077
1 0.608343780040741 0.4778050184249878 0.00701749324798584 0.031907856464385986
1 0.17237144708633423 0.4880019426345825 0.008552774786949158 0.01282915472984314
0 0.5233644247055054 0.46777135133743286 0.01644766330718994 0.020724058151245117
0 0.2539518177509308 0.4963902533054352 0.02203984558582306 0.022204339504241943
0 0.5447463989257812 0.44852757453918457 0.01644766330718994 0.036020368337631226
0 0.5447463989257812 0.5023114085197449 0.026645243167877197 0.03157949447631836
0 0.7234784364700317 0.52747642993927 0.05943119525909424 0.05164593458175659
1 0.6210634708404541 0.4766530990600586 0.007565915584564209 0.030592650175094604
1 0.31447917222976685 0.4751727879047394 0.004276365041732788 0.01381605863571167
0 0.5575755834579468 0.45247501134872437 0.01842135190963745 0.03157949447631836
1 0.6134976148605347 0.4756666123867035 0.0050986409187316895 0.02861851453781128
0 0.5741877555847168 0.5164571404457092 0.04890406131744385 0.06126716732978821
0 0.5261608958244324 0.5331512093544006 0.05888262391090393 0.06414544582366943
0 0.4904690980911255 0.46333047747612 0.01644766330718994 0.017763495445251465
0 0.6513271331787109 0.4840545058250427 0.00822383165359497 0.01085546612739563
0 0.8638309240341187 0.5531346797943115 0.11052823066711426 0.09671223163604736
0 0.512344241142273 0.4435926675796509 0.0169411301612854 0.029852569103240967
1 0.6377748847007751 0.4977717399597168 0.009868502616882324 0.031382352113723755
2 0.619418740272522 0.5097128748893738 0.012829184532165527 0.04736924171447754
0 0.36250633001327515 0.457902729511261 0.0055921971797943115 0.015296310186386108
