0 0.2963867783546448 0.4593830406665802 0.007524818181991577 0.005859494209289551
0 0.2944130301475525 0.45247501134872437 0.007342725992202759 0.011014074087142944
1 0.6151423454284668 0.5062589049339294 0.013048529624938965 0.04769822955131531
1 0.6644853353500366 0.5023114085197449 0.011184394359588623 0.04736924171447754
0 0.23914891481399536 0.46234363317489624 0.00921069085597992 0.008388310670852661
0 0.07960671186447144 0.5035452246665955 0.032237403094768524 0.01085546612739563
1 0.4684292674064636 0.4954034090042114 0.007565945386886597 0.02911233901977539
1 0.19959229230880737 0.4648107588291168 0.004769816994667053 0.006907999515533447
0 0.15108834207057953 0.4830183684825897 0.02133268117904663 0.014186263084411621
0 0.1906505823135376 0.4771465063095093 0.007236972451210022 0.015576392412185669
0 0.28322863578796387 0.46629106998443604 0.003618478775024414 0.022204309701919556
0 0.10033070296049118 0.4993508458137512 0.027632057666778564 0.015296339988708496
0 0.056250981986522675 0.5023114085197449 0.03218546509742737 0.02072402834892273
0 0.22993823885917664 0.460863322019577 0.010197550058364868 0.010855436325073242
0 0.2963867783546448 0.4710955321788788 0.013244658708572388 0.01924377679824829
0 0.09666019678115845 0.4884694814682007 0.021070264279842377 0.013037055730819702
0 0.12258970737457275 0.4880020022392273 0.03782961517572403 0.036020368337631226
0 0.20066140592098236 0.5077391266822815 0.028125494718551636 0.037747353315353394
1 0.7644261717796326 0.5121800303459167 0.016264915466308594 0.06633889675140381
0 0.15822646021842957 0.5023114085197449 0.026583537459373474 0.03694555163383484
1 0.47536253929138184 0.4954034090042114 0.008426249027252197 0.030896306037902832
0 0.2401357889175415 0.4771465063095093 0.03026367723941803 0.03157949447631836
0 0.18224003911018372 0.4746793508529663 0.013816043734550476 0.022204339504241943
2 0.30230793356895447 0.46629106998443604 0.004276394844055176 0.011348873376846313
0 0.250333309173584 0.4401392936706543 0.0055921971797943115 0.01085546612739563
0 0.19145071506500244 0.473602831363678 0.012829169631004333 0.01516181230545044
0 0.13980507850646973 0.5102062821388245 0.04046124219894409 0.04687580466270447
0 0.8848838806152344 0.5023114085197449 0.1305944323539734 0.07746848464012146
0 0.18684537708759308 0.5131669044494629 0.03947436809539795 0.04197683930397034
0 0.20422515273094177 0.4824713468551636 0.01953156292438507 0.020909041166305542
1 0.09528689086437225 0.4786267876625061 0.007565923035144806 0.013322591781616211
0 0.17775216698646545 0.4800013601779938 0.011113911867141724 0.017692983150482178
0 0.07072491943836212 0.4954034090042114 0.024013575166463852 0.010855436325073242
0 0.10480870306491852 0.7501131296157837 0.20894891023635864 0.4997737407684326
1 0.7736977338790894 0.5096548199653625 0.015170514583587646 0.07253417372703552
0 0.4630720317363739 0.7909473180770874 0.30089813470840454 0.41810542345046997
0 0.23914891481399536 0.4746793508529663 0.028618916869163513 0.027632057666778564
0 0.6996326446533203 0.4915319085121155 0.022039830684661865 0.02911233901977539
1 0.23947787284851074 0.6123462319374084 0.07664607465267181 0.20378649234771729
0 0.24835962057113647 0.45247501134872437 0.008223846554756165 0.01085546612739563
1 0.45869219303131104 0.4888901114463806 0.010921269655227661 0.031184792518615723
0 0.16283179819583893 0.4786267876625061 0.02401357889175415 0.02615177631378174
0 0.8003429174423218 0.500831127166748 0.09572535753250122 0.04983639717102051
0 0.219082772731781 0.4692516326904297 0.013816043734550476 0.022204339504241943
1 0.9266608953475952 0.5176077485084534 0.019737184047698975 0.08635017275810242
1 0.8013955354690552 0.5136603116989136 0.019408226013183594 0.06365242600440979
