0 0.40691500902175903 0.5605361461639404 0.025000452995300293 0.033059775829315186
0 0.233392596244812 0.5810132026672363 0.09457391500473022 0.05526411533355713
0 0.6125107407569885 0.6059316396713257 0.06381690502166748 0.0690801739692688
0 0.3937568962574005 0.5674441456794739 0.028618931770324707 0.03305983543395996
0 0.7189812660217285 0.576984167098999 0.0732465386390686 0.046875834465026855
0 0.500008761882782 0.56843101978302 0.03223741054534912 0.015296339988708496
0 0.637511134147644 0.5605361461639404 0.051645636558532715 0.02911233901977539
0 0.49639028310775757 0.5546149611473083 0.01940825581550598 0.019243717193603516
0 0.33750590682029724 0.5896484851837158 0.053619384765625 0.05526411533355713
0 0.5608651041984558 0.5699113011360168 0.035855889320373535 0.041448116302490234
0 0.19835874438285828 0.5935959219932556 0.09671221673488617 0.03996777534484863
0 0.5276408195495605 0.565963864326477 0.004605352878570557 0.005427718162536621
0 0.2766495943069458 0.5743521451950073 0.040461212396621704 0.03157949447631836
0 0.607905387878418 0.5590558052062988 0.03980332612991333 0.03454011678695679
0 0.5404700040817261 0.5546149611473083 0.023026704788208008 0.02911233901977539
0 0.6190897822380066 0.5452398061752319 0.012829184532165527 0.010855436325073242
0 0.3088870048522949 0.5630033016204834 0.025000423192977905 0.02615177631378174
0 0.4842190146446228 0.6488600373268127 0.12631800770759583 0.15641725063323975
0 0.08700810372829437 0.7125124931335449 0.17401620745658875 0.43175095319747925
0 0.6733670234680176 0.5630033016204834 0.0690801739692688 0.04835611581802368
