1 0.6855382919311523 0.5018180012702942 0.010197579860687256 0.011348873376846313
0 0.41842836141586304 0.5269829034805298 0.02664521336555481 0.027632057666778564
1 0.18947699666023254 0.6626760959625244 0.06710644066333771 0.17467409372329712
1 0.26579412817955017 0.6355374455451965 0.04079020023345947 0.19885218143463135
1 0.5149766206741333 0.6419506072998047 0.10033071041107178 0.2025507092475891
1 0.3493482172489166 0.6394848823547363 0.06447482109069824 0.20378649234771729
1 0.5829049348831177 0.6355373859405518 0.06381690502166748 0.19243758916854858
0 0.5161274671554565 0.488495409488678 0.007400989532470703 0.007647722959518433
0 0.4444156885147095 0.5501741170883179 0.056908875703811646 0.06759989261627197
0 0.5631677508354187 0.500831127166748 0.007236957550048828 0.010855436325073242
1 0.6677748560905457 0.607905387878418 0.07236969470977783 0.17467409372329712
0 0.5740231871604919 0.5185946226119995 0.005592226982116699 0.01381605863571167
1 0.5697059035301208 0.5421397686004639 0.01898503303527832 0.07070320844650269
1 0.7268206477165222 0.531423807144165 0.012335062026977539 0.056744158267974854
1 0.6832356452941895 0.6241885423660278 0.04506659507751465 0.17467409372329712
0 0.6006684303283691 0.5028045177459717 0.05279666185379028 0.07524758577346802
1 0.6210634708404541 0.6103725433349609 0.0407901406288147 0.1771412491798401
0 0.4766530990600586 0.536358118057251 0.022039860486984253 0.0537838339805603
1 0.06118527799844742 0.5388252139091492 0.016118701547384262 0.016776561737060547
0 0.49310073256492615 0.503298282623291 0.011184394359588623 0.015296339988708496
0 0.5325751304626465 0.503298282623291 0.017434537410736084 0.022204309701919556
1 0.6812618970870972 0.5274763107299805 0.01611870527267456 0.033059775829315186
0 0.5565886497497559 0.500831127166748 0.010197579860687256 0.015296310186386108
1 0.5309303402900696 0.6281360387802124 0.0424349308013916 0.18207556009292603
1 0.019325995817780495 0.6690906286239624 0.03865199163556099 0.23585939407348633
1 0.7259993553161621 0.5183485746383667 0.012829184532165527 0.05082470178604126
1 0.7144862413406372 0.5491872429847717 0.020395100116729736 0.095725417137146
1 0.3322426676750183 0.5758324861526489 0.020395100116729736 0.07746845483779907
0 0.5059298872947693 0.5092194676399231 0.019408226013183594 0.023684650659561157
1 0.6687617301940918 0.6064250469207764 0.06118530035018921 0.16825956106185913
1 0.8276460766792297 0.6217213869094849 0.050000905990600586 0.17467409372329712
1 0.17237144708633423 0.6281360387802124 0.034869030117988586 0.17220693826675415
1 0.6745178699493408 0.5106997489929199 0.009210646152496338 0.02911236882209778
1 0.3059263825416565 0.6661300659179688 0.09013316035270691 0.23931336402893066
0 0.08289618790149689 0.6098790764808655 0.16480550169944763 0.12829172611236572
0 0.5161274671554565 0.503298282623291 0.01644766330718994 0.019243746995925903
1 0.37730923295021057 0.6370177268981934 0.04671132564544678 0.18997037410736084
0 0.27961015701293945 0.5891550779342651 0.19309549033641815 0.09128445386886597
1 0.40428340435028076 0.6444191932678223 0.04769822955131531 0.14260119199752808
0 0.4838900566101074 0.503298282623291 0.014802902936935425 0.019243746995925903
1 0.031579501926898956 0.5363580584526062 0.016118701547384262 0.020230650901794434
1 0.6621818542480469 0.5158814787864685 0.01611870527267456 0.05230355262756348
0 0.3651379644870758 0.5546149611473083 0.011842310428619385 0.03848755359649658
1 0.5131668448448181 0.6444191932678223 0.07236966490745544 0.219082772731781
1 0.05263249948620796 0.6523140668869019 0.07401444762945175 0.19885218143463135
1 0.4019807279109955 0.6370177268981934 0.05263251066207886 0.23191189765930176
1 0.38586199283599854 0.5259960889816284 0.010197550058364868 0.033059775829315186
1 0.35428252816200256 0.5452398061752319 0.01611870527267456 0.06266558170318604
1 0.6940910816192627 0.508232593536377 0.01019752025604248 0.016776591539382935
1 0.4654686450958252 0.5605361461639404 0.029605776071548462 0.08141589164733887
1 0.07894875109195709 0.5437595248222351 0.010197550058364868 0.021710872650146484
0 0.5069167613983154 0.4939231276512146 0.01578974723815918 0.019243746995925903
1 0.4801369905471802 0.5072457194328308 0.21971991658210754 0.07508829236030579
1 0.3210582435131073 0.6473797559738159 0.05690890550613403 0.22796452045440674
1 0.6549456715583801 0.5121800303459167 0.01019752025604248 0.03700724244117737
1 0.6983693838119507 0.5560949444770813 0.02384704351425171 0.08462274074554443
1 0.6417868137359619 0.5126723051071167 0.011184394359588623 0.03700724244117737
0 0.3036237359046936 0.5215551853179932 0.09835696220397949 0.10213994979858398
