0 0.9171212911605835 0.5812602043151855 0.10954135656356812 0.044902145862579346
0 0.9002537131309509 0.7820860147476196 0.19949257373809814 0.23536592721939087
0 0.47369247674942017 0.5511609315872192 0.022697776556015015 0.01924377679824829
0 0.8654756546020508 0.5595492124557495 0.02401357889175415 0.017270028591156006
0 0.900344729423523 0.5580689907073975 0.0407901406288147 0.016776621341705322
0 0.5174432992935181 0.5565886497497559 0.02171093225479126 0.022204339504241943
0 0.6799460649490356 0.6212279796600342 0.07861977815628052 0.09079110622406006
0 0.9934296607971191 0.5718849897384644 0.013140618801116943 0.022204339504241943
0 0.7934349179267883 0.5610295534133911 0.027961015701293945 0.022204279899597168
0 0.8947525024414062 0.5634967088699341 0.04276394844055176 0.019243717193603516
