0 0.9668667316436768 0.8851629495620728 0.06626653671264648 0.22967404127120972
0 0.48750853538513184 0.3725394010543823 0.08552780747413635 0.06069186329841614
0 0.14177879691123962 0.5916222333908081 0.1710556149482727 0.1766478419303894
0 0.3513219356536865 0.457902729511261 0.02401357889175415 0.038487523794174194
0 0.48914390802383423 0.5467342138290405 0.17411020398139954 0.29853907227516174
0 0.8716347813606262 0.7025919556617737 0.25673043727874756 0.24128711223602295
1 0.2792811989784241 0.45987647771835327 0.03717172145843506 0.10115304589271545
0 0.5861474871635437 0.46777135133743286 0.037265658378601074 0.06132626533508301
0 0.3000052571296692 0.45099472999572754 0.07269865274429321 0.08536332845687866
0 0.5756641626358032 0.7590497732162476 0.30625537037849426 0.39820921421051025
1 0.7358681559562683 0.4613567590713501 0.03223741054534912 0.11694285273551941
0 0.10370247066020966 0.4954034090042114 0.2074049413204193 0.10904797911643982
1 0.5898129343986511 0.5067523121833801 0.03717172145843506 0.11546257138252258
0 0.9328036308288574 0.5125747919082642 0.13439273834228516 0.08713966608047485
0 0.34159955382347107 0.4651397168636322 0.016666948795318604 0.0480271577835083
0 0.3789539933204651 0.457902729511261 0.05690890550613403 0.06908014416694641
