0 0.45812320709228516 0.4934293031692505 0.0075661540031433105 0.016119331121444702
0 0.14441043138504028 0.5116865634918213 0.028618916869163513 0.029112309217453003
0 0.4782978296279907 0.48553478717803955 0.016447633504867554 0.009868592023849487
0 0.26414936780929565 0.500831127166748 0.017434507608413696 0.02615177631378174
0 0.25658345222473145 0.4954034090042114 0.006579071283340454 0.009868621826171875
0 0.40527087450027466 0.4862746000289917 0.011184394359588623 0.017763465642929077
0 0.16283179819583893 0.5131669044494629 0.028618931770324707 0.03157952427864075
0 0.5151405930519104 0.503298282623291 0.02203989028930664 0.024671465158462524
0 0.5503392219543457 0.5139066576957703 0.035526812076568604 0.03824043273925781
0 0.4250074326992035 0.4963902533054352 0.01644766330718994 0.01776343584060669
0 0.11315988004207611 0.5215551853179932 0.05164564400911331 0.03996777534484863
0 0.37171703577041626 0.4924428462982178 0.012829184532165527 0.020724058151245117
0 0.22533288598060608 0.5092194080352783 0.028618916869163513 0.027632057666778564
0 0.2421095073223114 0.503298282623291 0.01644766330718994 0.020724058151245117
0 0.4444156885147095 0.48553481698036194 0.02105298638343811 0.01924377679824829
0 0.40658605098724365 0.488495409488678 0.004605323076248169 0.013816028833389282
0 0.21250373125076294 0.497870534658432 0.011184409260749817 0.006907999515533447
0 0.19353985786437988 0.508725643157959 0.040677979588508606 0.03700721263885498
0 0.04868506267666817 0.5200748443603516 0.0250004380941391 0.033059775829315186
0 0.45987647771835327 0.49096256494522095 0.011842310428619385 0.017763465642929077
0 0.007648160215467215 0.537838339805603 0.01529632043093443 0.0675998330116272
0 0.46171918511390686 0.4839553236961365 0.006842315196990967 0.00394776463508606
0 0.28322863578796387 0.4993508458137512 0.03388217091560364 0.027632087469100952
0 0.41217827796936035 0.48948225378990173 0.013816028833389282 0.01924377679824829
0 0.4552711248397827 0.48701512813568115 0.004605352878570557 0.013816028833389282
0 0.4921138882637024 0.5284631848335266 0.05329039692878723 0.0636523962020874
0 0.3062553405761719 0.49639028310775757 0.017434507608413696 0.020724058151245117
0 0.023026717826724052 0.52303546667099 0.04407971724867821 0.03996777534484863
0 0.4345472455024719 0.48010706901550293 0.017434507608413696 0.01973709464073181
0 0.31645292043685913 0.49096253514289856 0.011842340230941772 0.010855436325073242
0 0.08552781492471695 0.5185946226119995 0.04868506267666817 0.04391521215438843
0 0.3138212561607361 0.500831127166748 0.022039860486984253 0.020724058151245117
0 0.417967289686203 0.49096250534057617 0.01578974723815918 0.02072402834892273
0 0.4123435914516449 0.4808468818664551 0.011842310428619385 0.006907999515533447
0 0.44277089834213257 0.5023114085197449 0.022039860486984253 0.027632087469100952
0 0.24835960566997528 0.4993508458137512 0.01842138171195984 0.022204309701919556
0 0.18585851788520813 0.5146471858024597 0.04868505895137787 0.02911233901977539
0 0.35888785123825073 0.4924428462982178 0.01842138171195984 0.020724058151245117
0 0.3569141626358032 0.5639901161193848 0.09013316035270691 0.09523195028305054
0 0.4674423933029175 0.49639028310775757 0.021053016185760498 0.02911236882209778
0 0.6409099102020264 0.5042849779129028 0.05394822359085083 0.038980841636657715
0 0.35230880975723267 0.48948222398757935 0.016447633504867554 0.017763465642929077
0 0.48948222398757935 0.4924428462982178 0.02861890196800232 0.013816028833389282
0 0.19335883855819702 0.6442216038703918 0.22941167652606964 0.2510567903518677
