0 0.49869292974472046 0.4939231276512146 0.011842340230941772 0.019243746995925903
0 0.488495409488678 0.4924428462982178 0.01282915472984314 0.013816028833389282
1 0.9608746767044067 0.5570821166038513 0.02218109369277954 0.09227132797241211
1 0.10473884642124176 0.5028048753738403 0.022368811070919037 0.0557575523853302
1 0.7552763819694519 0.500831127166748 0.01578974723815918 0.06858670711517334
1 0.1845427006483078 0.5097128748893738 0.02631625533103943 0.0439152717590332
1 0.4329023063182831 0.48816630244255066 0.008991420269012451 0.02039515972137451
0 0.588826060295105 0.4954034090042114 0.021053016185760498 0.04292836785316467
1 0.5065226554870605 0.49954837560653687 0.019474178552627563 0.06009992957115173
1 0.7358680963516235 0.4954034090042114 0.021053016185760498 0.06365242600440979
0 0.29704466462135315 0.5985302329063416 0.14079193770885468 0.1519763469696045
1 0.5559307336807251 0.500831127166748 0.019079267978668213 0.05279695987701416
0 0.49211385846138 0.5531346797943115 0.10296231508255005 0.046875834465026855
1 0.6254210472106934 0.5206907987594604 0.0204770565032959 0.06913995742797852
1 0.9287988543510437 0.5572465658187866 0.013212919235229492 0.10115307569503784
0 0.48298540711402893 0.47340458631515503 0.013898253440856934 0.03079816699028015
1 0.616847038269043 0.5383318066596985 0.02927643060684204 0.10964038968086243
0 0.511522114276886 0.4746793508529663 0.007236957550048828 0.009868592023849487
1 0.40691500902175903 0.5185946226119995 0.02631625533103943 0.06858673691749573
1 0.5223771333694458 0.4909631609916687 0.005263209342956543 0.01430925726890564
0 0.5355356931686401 0.46629106998443604 0.013815999031066895 0.012335747480392456
0 0.6201863288879395 0.5023114085197449 0.048424601554870605 0.048294395208358765
0 0.46075382828712463 0.48323190212249756 0.035855889320373535 0.06299471855163574
1 0.5108641982078552 0.48948225378990173 0.008552789688110352 0.022697746753692627
1 0.9179685115814209 0.5535584688186646 0.020395100116729736 0.1003066897392273
1 0.5368515253067017 0.48750853538513184 0.005263268947601318 0.01578974723815918
1 0.15098947286605835 0.48948225378990173 0.015131846070289612 0.00789487361907959
1 0.15230530500411987 0.48553481698036194 0.013158127665519714 0.022697746753692627
1 0.15318340063095093 0.49277082085609436 0.01885908842086792 0.014802873134613037
1 0.5671151876449585 0.5333974957466125 0.026316285133361816 0.0981924831867218
1 0.1280941665172577 0.503199577331543 0.02355305850505829 0.04944157600402832
1 0.23684625327587128 0.5245157480239868 0.022368818521499634 0.09819254279136658
0 0.4921138882637024 0.5309303402900696 0.07631710171699524 0.03602039813995361
1 0.6756697297096252 0.5432660579681396 0.026316285133361816 0.10312682390213013
0 0.4516526460647583 0.7144862413406372 0.2519780695438385 0.34490734338760376
1 0.19046413898468018 0.4902723431587219 0.015131846070289612 0.032963067293167114
1 0.42961251735687256 0.4860280454158783 0.004933863878250122 0.019242286682128906
0 0.604825496673584 0.4894828200340271 0.03388255834579468 0.049836426973342896
1 0.34375613927841187 0.4727056324481964 0.01578974723815918 0.031086266040802002
0 0.4977060556411743 0.4924428164958954 0.009210675954818726 0.01776343584060669
0 0.5515886545181274 0.4884953796863556 0.022039830684661865 0.027632057666778564
1 0.650669276714325 0.5333974957466125 0.022368788719177246 0.09325823187828064
1 0.5322461128234863 0.48750853538513184 0.005263268947601318 0.014802873134613037
1 0.269412636756897 0.4924428164958954 0.005921155214309692 0.035526931285858154
1 0.4838900566101074 0.5028048753738403 0.015131860971450806 0.022697746753692627
1 0.7980402708053589 0.5491872429847717 0.026316285133361816 0.10312679409980774
0 0.5329040288925171 0.48652148246765137 0.011842310428619385 0.012335717678070068
1 0.44277089834213257 0.49145597219467163 0.005921155214309692 0.022697776556015015
0 0.5299434661865234 0.48158735036849976 0.011842310428619385 0.015296310186386108
1 0.23059937357902527 0.5245157480239868 0.02903209626674652 0.08536511659622192
1 0.5266539454460144 0.48948225378990173 0.005263209342956543 0.020724058151245117
1 0.4360979199409485 0.4817001223564148 0.005263239145278931 0.013816028833389282
1 0.18388479948043823 0.4865216612815857 0.015131846070289612 0.022697776556015015
1 0.6618536710739136 0.48750853538513184 0.0098685622215271 0.03157949447631836
0 0.5401410460472107 0.49096256494522095 0.009210705757141113 0.023684650659561157
0 0.5335619449615479 0.4648107886314392 0.019408226013183594 0.013816028833389282
0 0.6052737236022949 0.5654704570770264 0.08815944194793701 0.0976991057395935
1 0.7756714820861816 0.500831127166748 0.020395100116729736 0.07056045532226562
0 0.5069167613983154 0.4648107588291168 0.03684273362159729 0.020724058151245117
0 0.4903045892715454 0.4724588990211487 0.004605352878570557 0.009868592023849487
0 0.13133452832698822 0.6676103472709656 0.26266905665397644 0.3532956540584564
1 0.20460884273052216 0.5097128748893738 0.03190845251083374 0.07549476623535156
1 0.9361532330513 0.5570821166038513 0.022368788719177246 0.09720563888549805
1 0.007401445414870977 0.49145597219467163 0.014802890829741955 0.09128451347351074
0 0.526324987411499 0.4771465063095093 0.009210705757141113 0.012335717678070068
0 0.386849045753479 0.5065550804138184 0.12750253081321716 0.05753433704376221
0 0.49869292974472046 0.4746793508529663 0.008223861455917358 0.01085546612739563
