0 0.4496789276599884 0.5255025625228882 0.00789487361907959 0.00789487361907959
0 0.5301405191421509 0.5329040288925171 0.035987675189971924 0.020329296588897705
0 0.3095448911190033 0.5437595248222351 0.02401357889175415 0.031086087226867676
0 0.26217561960220337 0.5368515253067017 0.012829095125198364 0.0098685622215271
0 0.34671658277511597 0.5388252139091492 0.00822383165359497 0.024671435356140137
0 0.2809259593486786 0.5457332134246826 0.03125053644180298 0.037007153034210205
1 0.5552728772163391 0.542772650718689 0.02138197422027588 0.05674445629119873
0 0.47040295600891113 0.5269829034805298 0.00789487361907959 0.009868621826171875
0 0.32401883602142334 0.542772650718689 0.018092364072799683 0.02911233901977539
0 0.02269776538014412 0.5546150207519531 0.014473937451839447 0.011842310428619385
0 0.11973893642425537 0.5726947784423828 0.06329395622015 0.0553780198097229
0 0.06118528172373772 0.5930320024490356 0.07467236369848251 0.059845924377441406
0 0.6161292195320129 0.6113593578338623 0.24539902806282043 0.11990338563919067
0 0.06070680171251297 0.550218939781189 0.01611870527267456 0.011842310428619385
0 0.08839918673038483 0.5615229606628418 0.014384724199771881 0.011842310428619385
0 0.004111913964152336 0.5634473562240601 0.008223827928304672 0.011842310428619385
0 0.15822646021842957 0.5615229606628418 0.020724043250083923 0.020724058151245117
0 0.261517733335495 0.5546149611473083 0.02532939612865448 0.031086087226867676
0 0.4638240933418274 0.5269829034805298 0.006907850503921509 0.00789487361907959
0 0.3358611464500427 0.5388252139091492 0.018872737884521484 0.02516496181488037
0 0.19386304914951324 0.5689244270324707 0.04846575856208801 0.03930985927581787
0 0.23553043603897095 0.5565886497497559 0.04211597144603729 0.04292839765548706
0 0.031250547617673874 0.5556018352508545 0.006579063832759857 0.00789487361907959
0 0.2421094924211502 0.542772650718689 0.029934734106063843 0.012829184532165527
0 0.45099472999572754 0.5368515253067017 0.019408226013183594 0.02171093225479126
