0 0.34474289417266846 0.5388252139091492 0.029934734106063843 0.023191213607788086
0 0.20822732150554657 0.5457332134246826 0.06579062342643738 0.07204073667526245
0 0.12829171121120453 0.5935959219932556 0.07796188443899155 0.0789487361907959
0 0.4789557456970215 0.5348777770996094 0.04046124219894409 0.04588896036148071
0 0.4996798038482666 0.5338909029960632 0.009868621826171875 0.018750309944152832
0 0.05263249948620796 0.6074119806289673 0.10526499897241592 0.10855454206466675
0 0.4743503928184509 0.5185946226119995 0.024671465158462524 0.018750369548797607
0 0.3000052571296692 0.537838339805603 0.054606229066848755 0.05575758218765259
0 0.727315366268158 0.5605361461639404 0.35263776779174805 0.4998442530632019
0 0.4092176854610443 0.5250092148780823 0.009210705757141113 0.00789487361907959
