0 0.3477034568786621 0.5097128748893738 0.03125053644180298 0.041448116302490234
0 0.13191020488739014 0.4924428164958954 0.03980332612991333 0.019737184047698975
1 0.4867684245109558 0.4986107349395752 0.012198656797409058 0.019737213850021362
0 0.6190897822380066 0.5097128748893738 0.03618478775024414 0.027138620615005493
0 0.21447743475437164 0.4727056324481964 0.004605352878570557 0.012829184532165527
0 0.7855401039123535 0.5195814371109009 0.021053016185760498 0.02417808771133423
1 0.165134459733963 0.48553478717803955 0.00657905638217926 0.02417805790901184
0 0.2230302095413208 0.48948222398757935 0.021710917353630066 0.02861890196800232
0 0.5404700040817261 0.5250091552734375 0.04736924171447754 0.0325663685798645
0 0.07598817348480225 0.5052719712257385 0.05032982677221298 0.025658339262008667
0 0.5861121416091919 0.5294500589370728 0.06447476148605347 0.045395493507385254
0 0.03322426602244377 0.49688369035720825 0.03739114850759506 0.027138620615005493
0 0.023191194981336594 0.6133331060409546 0.04638238996267319 0.11792969703674316
0 0.6562612056732178 0.5124270915985107 0.02664494514465332 0.01850438117980957
0 0.2516491413116455 0.5195814371109009 0.03980332612991333 0.04687580466270447
0 0.0730275958776474 0.5467200875282288 0.11217302083969116 0.05575752258300781
0 0.1418178379535675 0.4871990978717804 0.04042220115661621 0.024454057216644287
0 0.7605396509170532 0.5151405930519104 0.007565915584564209 0.022697806358337402
0 0.34276914596557617 0.6053146123886108 0.10238680243492126 0.11607891321182251
1 0.004687582142651081 0.5324106216430664 0.009375164285302162 0.04835611581802368
0 0.07401445508003235 0.5876747369766235 0.0940805971622467 0.09276479482650757
0 0.6733670234680176 0.5353711843490601 0.07796186208724976 0.06266552209854126
0 0.9306083917617798 0.5250092148780823 0.05032980442047119 0.06074133515357971
0 0.8536334037780762 0.5037926435470581 0.05592268705368042 0.040706515312194824
1 0.4579027593135834 0.5052719712257385 0.008552789688110352 0.01282915472984314
0 0.20526674389839172 0.5151405930519104 0.02763207256793976 0.0212174654006958
0 0.7009991407394409 0.5136603116989136 0.021053016185760498 0.032566338777542114
1 0.03322426602244377 0.508232593536377 0.0115133598446846 0.030099183320999146
0 0.7463946342468262 0.5111931562423706 0.025658369064331055 0.030099183320999146
0 0.4937586486339569 0.5917455554008484 0.12023240327835083 0.06303560733795166
0 0.21266809105873108 0.4766530990600586 0.005592212080955505 0.009868592023849487
0 0.6562614440917969 0.49096253514289856 0.051316678524017334 0.03848749399185181
0 0.20033244788646698 0.4727056324481964 0.014144986867904663 0.01578974723815918
0 0.7121834754943848 0.5037916898727417 0.007565915584564209 0.009868592023849487
0 0.1575685441493988 0.6133331060409546 0.1555948257446289 0.15098953247070312
0 0.895410418510437 0.5052720308303833 0.03289508819580078 0.01480323076248169
0 0.23618832230567932 0.4727056324481964 0.011513352394104004 0.017270028591156006
0 0.892778754234314 0.6399291753768921 0.21388530731201172 0.19036537408828735
0 0.7760003805160522 0.5151405930519104 0.03026372194290161 0.038487523794174194
0 0.11776521801948547 0.47961366176605225 0.01611870527267456 0.019737184047698975
0 0.08171194791793823 0.48612692952156067 0.036579594016075134 0.024178028106689453
0 0.1351173371076584 0.4727056324481964 0.007565915584564209 0.009498775005340576
0 0.41612571477890015 0.5565886497497559 0.06644853949546814 0.06414586305618286
1 0.3560916781425476 0.4733223617076874 0.0055921971797943115 0.019161462783813477
0 0.0634879544377327 0.48701509833335876 0.009539637714624405 0.01578974723815918
0 0.2401357740163803 0.5866589546203613 0.08181247115135193 0.09523189067840576
0 0.22138544917106628 0.473446249961853 0.01513122022151947 0.016529440879821777
1 0.1722070872783661 0.48050159215927124 0.005888193845748901 0.02121749520301819
1 0.9013315439224243 0.5037916898727417 0.009539663791656494 0.014309465885162354
0 0.2989361882209778 0.46974503993988037 0.004728645086288452 0.01153382658958435
0 0.30296581983566284 0.4712253510951996 0.008552789688110352 0.012829184532165527
0 0.14638414978981018 0.4810939431190491 0.037249162793159485 0.019737184047698975
0 0.7098227739334106 0.4962741434574127 0.03026372194290161 0.022088229656219482
0 0.04572448506951332 0.48750823736190796 0.03137383610010147 0.021587342023849487
0 0.7227100133895874 0.5181012153625488 0.024671435356140137 0.030099213123321533
0 0.19934558868408203 0.5294500589370728 0.12072579562664032 0.03848755359649658
0 0.266287237405777 0.4946627616882324 0.05690950155258179 0.06907889246940613
0 0.2384910136461258 0.47961366176605225 0.006579071283340454 0.02417805790901184
0 0.99433434009552 0.7130059003829956 0.011331379413604736 0.05427730083465576
0 0.36645376682281494 0.5778061747550964 0.06940910220146179 0.09404754638671875
0 0.6315900087356567 0.5264894962310791 0.030263662338256836 0.04292839765548706
0 0.4861927032470703 0.7485328316688538 0.2247220277786255 0.27632057666778564
0 0.0865146666765213 0.47566622495651245 0.025658346712589264 0.011348873376846313
0 0.480600506067276 0.5565886497497559 0.10312670469284058 0.11866968870162964
0 0.30855804681777954 0.4712253510951996 0.014144986867904663 0.01578974723815918
0 0.08145707845687866 0.4766530990600586 0.017969131469726562 0.0075556933879852295
0 0.10362023115158081 0.4766530692577362 0.016118697822093964 0.014309465885162354
