0 0.05460621789097786 0.6656366586685181 0.10921243578195572 0.22352361679077148
0 0.31809768080711365 0.5195814371109009 0.01611870527267456 0.011842310428619385
0 0.26414936780929565 0.5116865634918213 0.012500226497650146 0.00592118501663208
0 0.3460586965084076 0.5087260007858276 0.00789487361907959 0.011842310428619385
0 0.2694126069545746 0.533890962600708 0.020066142082214355 0.025164902210235596
0 0.3904673457145691 0.5087260007858276 0.003289550542831421 0.009868621826171875
0 0.2753337621688843 0.5146471858024597 0.00789487361907959 0.00789487361907959
0 0.30263686180114746 0.5477069616317749 0.00789487361907959 0.03503352403640747
0 0.2746758460998535 0.5368515253067017 0.01875033974647522 0.02417808771133423
0 0.3980332911014557 0.5368515253067017 0.027303099632263184 0.02713865041732788
0 0.2835578918457031 0.5401409864425659 0.013816028833389282 0.03470444679260254
0 0.36579588055610657 0.5077391862869263 0.00789487361907959 0.011842310428619385
0 0.2940841019153595 0.5126734375953674 0.00789487361907959 0.005921125411987305
0 0.3552693724632263 0.5319172143936157 0.016776621341705322 0.024178028106689453
0 0.33520323038101196 0.5087260007858276 0.007236957550048828 0.011842310428619385
0 0.3227030038833618 0.5457332134246826 0.038487523794174194 0.05181008577346802
0 0.261517733335495 0.5319172143936157 0.00789487361907959 0.021710872650146484
0 0.3687564730644226 0.5319172143936157 0.022039860486984253 0.024178028106689453
0 0.2946106195449829 0.542772650718689 0.017829298973083496 0.04332315921783447
0 0.37796714901924133 0.5087260007858276 0.00789487361907959 0.013815999031066895
1 0.3072422444820404 0.519828200340271 0.003947436809539795 0.009868621826171875
