0 0.2401357740163803 0.5368515253067017 0.057237833738327026 0.03799408674240112
0 0.011760074645280838 0.5664572715759277 0.023520149290561676 0.11052823066711426
0 0.469087153673172 0.533890962600708 0.027303099632263184 0.02713865041732788
0 0.5164564251899719 0.5348777770996094 0.02927684783935547 0.024178028106689453
0 0.303952693939209 0.5329040288925171 0.02138194441795349 0.018750369548797607
0 0.4611922800540924 0.5338909029960632 0.02138197422027588 0.031086087226867676
0 0.14375251531600952 0.5457332134246826 0.11842312663793564 0.09375163912773132
0 0.6388269662857056 0.5457332134246826 0.23947787284851074 0.39326342940330505
0 0.025329390540719032 0.5388252139091492 0.02532939240336418 0.024178028106689453
0 0.7917901873588562 0.5185946226119995 0.014473915100097656 0.016776621341705322
