0 0.26645201444625854 0.5259960889816284 0.033224254846572876 0.030592620372772217
0 0.6338926553726196 0.5935959219932556 0.07565921545028687 0.13569319248199463
0 0.2980315089225769 0.5329040288925171 0.03782960772514343 0.029112398624420166
0 0.09769907593727112 0.5077391266822815 0.021381951868534088 0.017763465642929077
0 0.2250039428472519 0.5245157480239868 0.022039860486984253 0.02368462085723877
0 0.20099034905433655 0.5407989025115967 0.04144810140132904 0.04292839765548706
0 0.12072579562664032 0.56843101978302 0.08125141263008118 0.10362023115158081
0 0.21678011119365692 0.5215551853179932 0.01842138171195984 0.020724058151245117
0 0.38191458582878113 0.5368515253067017 0.02401357889175415 0.03157949447631836
0 0.5690889358520508 0.5674441456794739 0.09506744146347046 0.09671223163604736
0 0.5138248205184937 0.49096256494522095 0.020395100116729736 0.012335747480392456
0 0.49342969059944153 0.4939231276512146 0.03125053644180298 0.01085546612739563
0 0.2361883521080017 0.5615229606628418 0.04605342447757721 0.0537838339805603
0 0.40855979919433594 0.5935958623886108 0.08947524428367615 0.10362023115158081
0 0.5730363130569458 0.579779863357544 0.07664602994918823 0.08585673570632935
0 0.8210669755935669 0.488495409488678 0.022039830684661865 0.009868592023849487
0 0.9131739139556885 0.4840545058250427 0.025987327098846436 0.015296310186386108
0 0.17631888389587402 0.5200748443603516 0.016447648406028748 0.01924377679824829
0 0.4954034090042114 0.549187183380127 0.03519797325134277 0.04588896036148071
0 0.40855976939201355 0.5299434661865234 0.035855889320373535 0.02911233901977539
0 0.23881997168064117 0.5245157480239868 0.020395100116729736 0.024671494960784912
0 0.4595475196838379 0.5383317470550537 0.03519797325134277 0.03750067949295044
0 0.19177967309951782 0.5190880298614502 0.0250004380941391 0.024671435356140137
0 0.7213941812515259 0.6059316396713257 0.16973978281021118 0.17023324966430664
0 0.27401795983314514 0.5299434661865234 0.027632057666778564 0.027632057666778564
0 0.5894839763641357 0.5866879224777222 0.04704028367996216 0.09671217203140259
0 0.06842225044965744 0.5299434661865234 0.016447652131319046 0.03454005718231201
0 0.5009956359863281 0.5407989621162415 0.07006698846817017 0.05526411533355713
0 0.027632063254714012 0.7016570568084717 0.055264126509428024 0.17418068647384644
0 0.2039509415626526 0.5176077485084534 0.021381959319114685 0.010855436325073242
0 0.5204038619995117 0.5630033016204834 0.026645183563232422 0.05822473764419556
0 0.43553394079208374 0.5368515253067017 0.035855889320373535 0.03750067949295044
0 0.5111931562423706 0.5506675243377686 0.04967191815376282 0.051316678524017334
0 0.1559237837791443 0.5062588453292847 0.013816028833389282 0.01381605863571167
0 0.923371434211731 0.488495409488678 0.025000452995300293 0.01085546612739563
1 0.011842313222587109 0.5950762033462524 0.01710556261241436 0.04736924171447754
0 0.13750240206718445 0.5106997489929199 0.03322426974773407 0.02911236882209778
0 0.7914612293243408 0.6542878150939941 0.1671081781387329 0.17418068647384644
0 0.0690801590681076 0.5116865634918213 0.018421374261379242 0.01776343584060669
0 0.9095554351806641 0.7016570568084717 0.1789504885673523 0.2822417616844177
0 0.19934558868408203 0.5176077485084534 0.02401357889175415 0.013815999031066895
0 0.514811635017395 0.49688369035720825 0.01644766330718994 0.003947436809539795
0 0.7704082131385803 0.4899756908416748 0.026645183563232422 0.009868592023849487
0 0.11612045019865036 0.5176077485084534 0.020395085215568542 0.020724058151245117
0 0.8128432035446167 0.48553478717803955 0.03421109914779663 0.013816028833389282
0 0.1651344746351242 0.5146471858024597 0.02401357889175415 0.020724058151245117
0 0.011842312291264534 0.5713915824890137 0.0230267196893692 0.07204073667526245
0 0.5194169878959656 0.5506675243377686 0.03223741054534912 0.04588896036148071
