0 0.4990222454071045 0.5294492840766907 0.005921155214309692 0.00789487361907959
0 0.6069185137748718 0.5289566516876221 0.02138197422027588 0.011842310428619385
0 0.48717957735061646 0.5319172143936157 0.00789487361907959 0.009868621826171875
0 0.7513289451599121 0.5269829034805298 0.008552789688110352 0.012829184532165527
0 0.7147036790847778 0.5282976627349854 0.014802634716033936 0.016776621341705322
0 0.4904690980911255 0.5269829034805298 0.003947436809539795 0.0049343109130859375
0 0.7220520973205566 0.5225420594215393 0.011842310428619385 0.018750309944152832
0 0.7358680963516235 0.5289566516876221 0.00592118501663208 0.008881747722625732
0 0.6921173334121704 0.5279697775840759 0.011842310428619385 0.018750309944152832
0 0.6766566038131714 0.5185946226119995 0.033882200717926025 0.01578974723815918
0 0.7125124931335449 0.5269829034805298 0.021381914615631104 0.016776561737060547
0 0.7470518946647644 0.5242681503295898 0.02269744873046875 0.01776343584060669
0 0.7312628030776978 0.5259960889816284 0.02203989028930664 0.01776343584060669
0 0.7081717252731323 0.5291545987129211 0.02954012155532837 0.02496790885925293
0 0.6552746295928955 0.5407989621162415 0.06315898895263672 0.03404664993286133
0 0.6799460649490356 0.5289566516876221 0.02401357889175415 0.016776621341705322
0 0.5907998085021973 0.5259960293769836 0.02203989028930664 0.012829184532165527
0 0.6115686893463135 0.5273773670196533 0.041908979415893555 0.015263378620147705
0 0.4898112118244171 0.5289566516876221 0.007236957550048828 0.0098685622215271
0 0.7776451706886292 0.5225419998168945 0.04868507385253906 0.019737184047698975
0 0.46382391452789307 0.5417857766151428 0.019408226013183594 0.020724058151245117
0 0.6200762987136841 0.5363572835922241 0.04342162609100342 0.02615123987197876
