0 0.5615229606628418 0.47763991355895996 0.012829124927520752 0.015296310186386108
0 0.5565886497497559 0.4751727879047394 0.01776343584060669 0.024178028106689453
0 0.30473336577415466 0.5358651280403137 0.07306891679763794 0.08234122395515442
0 0.5947472453117371 0.503298282623291 0.061185240745544434 0.07154729962348938
0 0.25066226720809937 0.573365330696106 0.09769907593727112 0.09671217203140259
0 0.571720540523529 0.4919493794441223 0.02138197422027588 0.026645183563232422
0 0.4648107588291168 0.47912025451660156 0.015131831169128418 0.017763465642929077
0 0.5411279201507568 0.4751727879047394 0.011184394359588623 0.015296339988708496
1 0.4095466434955597 0.4899756908416748 0.008552789688110352 0.025658369064331055
0 0.622050404548645 0.5324106216430664 0.025329411029815674 0.0789487361907959
0 0.5598777532577515 0.48874378204345703 0.017763495445251465 0.02417805790901184
0 0.6967244148254395 0.5637454986572266 0.1618472933769226 0.1988547146320343
0 0.3457297086715698 0.508232593536377 0.06973806023597717 0.06858673691749573
0 0.1250021904706955 0.6143199801445007 0.18355584144592285 0.1731938123703003
0 0.029112352058291435 0.6779724359512329 0.05822470411658287 0.18750327825546265
0 0.5437594652175903 0.4791202247142792 0.011184394359588623 0.011348903179168701
1 0.4190862774848938 0.4954034090042114 0.006579041481018066 0.027138620615005493
0 0.6065895557403564 0.5146471858024597 0.05855369567871094 0.07154729962348938
0 0.5287915468215942 0.47468066215515137 0.01611870527267456 0.020230621099472046
0 0.5404700040817261 0.49688369035720825 0.024671494960784912 0.030592650175094604
0 0.45296844840049744 0.4944165349006653 0.020395100116729736 0.026645183563232422
0 0.4600403308868408 0.4904705286026001 0.013158202171325684 0.021464556455612183
0 0.48948225378990173 0.4840545058250427 0.020395100116729736 0.02417805790901184
0 0.4631659984588623 0.48553478717803955 0.013487100601196289 0.017763465642929077
