0 0.3937568962574005 0.5106997489929199 0.00789487361907959 0.010855495929718018
0 0.5960630774497986 0.5116865634918213 0.020724058151245117 0.01578974723815918
0 0.3032286465167999 0.5211604833602905 0.014276504516601562 0.013421297073364258
0 0.33569660782814026 0.508232593536377 0.0169411301612854 0.019983947277069092
0 0.2802680730819702 0.5240223407745361 0.016776591539382935 0.012829184532165527
0 0.4865216612815857 0.5817536115646362 0.0730275809764862 0.09375166893005371
0 0.46777135133743286 0.5146471261978149 0.009210675954818726 0.01381605863571167
0 0.49310070276260376 0.5097128748893738 0.02927681803703308 0.05181014537811279
0 0.350006103515625 0.5126734972000122 0.013816028833389282 0.011842310428619385
0 0.20625361800193787 0.5299434661865234 0.02532939612865448 0.02171093225479126
0 0.361190527677536 0.5146471261978149 0.011842310428619385 0.0098685622215271
0 0.446389377117157 0.505765438079834 0.041119128465652466 0.0730276107788086
0 0.042269956320524216 0.5442529916763306 0.03750072419643402 0.03552699089050293
0 0.3845461905002594 0.5087260007858276 0.01611870527267456 0.01578974723815918
0 0.09506744891405106 0.6123462319374084 0.1345418244600296 0.09967279434204102
0 0.2440832108259201 0.5259960293769836 0.01315811276435852 0.018750309944152832
0 0.4723767042160034 0.5146471261978149 0.006579071283340454 0.0098685622215271
0 0.4098755717277527 0.5156340003013611 0.01875033974647522 0.020724058151245117
0 0.31086069345474243 0.5185946226119995 0.009210675954818726 0.01381605863571167
0 0.44704729318618774 0.5398120880126953 0.03454005718231201 0.040954649448394775
0 0.22785428166389465 0.5299434661865234 0.02620662748813629 0.021710991859436035
0 0.40066492557525635 0.5116865634918213 0.007236987352371216 0.006907999515533447
0 0.4769820272922516 0.5126734375953674 0.004605352878570557 0.010855436325073242
0 0.10658080875873566 0.5407989621162415 0.03519798070192337 0.02615177631378174
0 0.3362559974193573 0.5150419473648071 0.017960846424102783 0.01500028371810913
0 0.2940841019153595 0.5225419998168945 0.012500226497650146 0.011842310428619385
0 0.5414568185806274 0.5116865634918213 0.011842310428619385 0.01381605863571167
0 0.5095484256744385 0.5097128748893738 0.006579101085662842 0.009868621826171875
0 0.37599343061447144 0.5126734375953674 0.008552789688110352 0.010855436325073242
0 0.14309461414813995 0.5348777770996094 0.039145417511463165 0.02911233901977539
0 0.2603662610054016 0.5269829034805298 0.022368833422660828 0.016283154487609863
0 0.1615159809589386 0.5368515253067017 0.004605337977409363 0.01381605863571167
