0 0.5687599182128906 0.5166208744049072 0.020723998546600342 0.011842310428619385
0 0.7240258455276489 0.5116865634918213 0.01611870527267456 0.02417808771133423
0 0.8391594290733337 0.5116865634918213 0.020066142082214355 0.02417808771133423
0 0.8437647819519043 0.5047785639762878 0.018092453479766846 0.025164932012557983
0 0.6082343459129333 0.5136603116989136 0.006579041481018066 0.008881747722625732
0 0.7812636494636536 0.5116865634918213 0.020724058151245117 0.02417808771133423
0 0.6253398656845093 0.5195814371109009 0.022697746753692627 0.012829124927520752
0 0.7052755355834961 0.5106997489929199 0.014473974704742432 0.02417805790901184
0 0.8118562698364258 0.5106997489929199 0.01611870527267456 0.021710902452468872
0 0.588168203830719 0.5166208744049072 0.00789487361907959 0.008881747722625732
0 0.7892900109291077 0.5085285305976868 0.014473915100097656 0.028125494718551636
0 0.5815891027450562 0.5166208744049072 0.014473974704742432 0.010855436325073242
0 0.7664607763290405 0.5067523121833801 0.01611870527267456 0.027138620615005493
