0 0.29539990425109863 0.4593830406665802 0.007236957550048828 0.006825804710388184
0 0.2944130301475525 0.45247501134872437 0.007991641759872437 0.01085546612739563
0 0.12237055599689484 0.5353712439537048 0.10592290014028549 0.08684363961219788
1 0.588826060295105 0.508232593536377 0.012829124927520752 0.04736927151679993
1 0.8740284442901611 0.4954034090042114 0.011184394359588623 0.0439152717590332
0 0.07829084992408752 0.503298282623291 0.02861892431974411 0.012335747480392456
1 0.5069167613983154 0.49096256494522095 0.008881688117980957 0.018256932497024536
0 0.22500388324260712 0.46974509954452515 0.009704142808914185 0.014556199312210083
0 0.9539640545845032 0.503298282623291 0.06447482109069824 0.05674442648887634
0 0.7352102398872375 0.4771465063095093 0.19145071506500244 0.1228640079498291
0 0.19074583053588867 0.47538429498672485 0.007236972451210022 0.016776591539382935
0 0.5187590718269348 0.525502622127533 0.1269758939743042 0.06611958146095276
0 0.09934384375810623 0.4954034090042114 0.0250004380941391 0.008388280868530273
0 0.055264122784137726 0.503298282623291 0.03223740682005882 0.019243746995925903
0 0.2309250831604004 0.4593830406665802 0.007236972451210022 0.010855436325073242
0 0.29611915349960327 0.47023850679397583 0.013816028833389282 0.019243746995925903
0 0.28322863578796387 0.46777135133743286 0.002631634473800659 0.01085546612739563
0 0.10089890658855438 0.4945510923862457 0.02778160572052002 0.024671494960784912
0 0.21447743475437164 0.4692516326904297 0.01644766330718994 0.017763495445251465
0 0.21742242574691772 0.47493788599967957 0.016494661569595337 0.017904460430145264
1 0.7621843814849854 0.5121800303459167 0.016365408897399902 0.065132737159729
0 0.20487608015537262 0.480708509683609 0.018390566110610962 0.022805750370025635
1 0.5171142816543579 0.48948225378990173 0.00822383165359497 0.016776621341705322
0 0.3756890892982483 0.46520552039146423 0.045337975025177 0.06948721408843994
0 0.18289794027805328 0.47566622495651245 0.014408141374588013 0.024671494960784912
0 0.19145071506500244 0.4746793508529663 0.012609869241714478 0.017960846424102783
0 0.14079193770885468 0.4939231276512146 0.03486903756856918 0.019243746995925903
0 0.18783223628997803 0.5131669044494629 0.03782960772514343 0.03996780514717102
0 0.23151721060276031 0.4696463942527771 0.003421097993850708 0.013816028833389282
0 0.17763468623161316 0.4795239567756653 0.012440413236618042 0.017763495445251465
0 0.07006701827049255 0.4939231276512146 0.02401358261704445 0.01085546612739563
0 0.1039850041270256 0.7493471503257751 0.2079700082540512 0.5013056993484497
0 0.1305263340473175 0.4854327142238617 0.014802895486354828 0.010957539081573486
1 0.7732278108596802 0.5095718502998352 0.015037834644317627 0.07154726982116699
0 0.46311116218566895 0.7907945513725281 0.29901838302612305 0.41841089725494385
0 0.3477034568786621 0.49639028310775757 0.051645636558532715 0.05230355262756348
0 0.24474111199378967 0.4685112237930298 0.011842295527458191 0.013816028833389282
1 0.08418931066989899 0.4919494092464447 0.007838152348995209 0.012505888938903809
0 0.11323033273220062 0.4888828992843628 0.014920316636562347 0.017445921897888184
1 0.47369250655174255 0.4954034090042114 0.012829184532165527 0.032566338777542114
0 0.16283178329467773 0.4801070988178253 0.0250004380941391 0.02615177631378174
0 0.24835960566997528 0.4673483967781067 0.011372357606887817 0.016776591539382935
0 0.11948426812887192 0.4924428164958954 0.018930718302726746 0.027632057666778564
0 0.2519780993461609 0.43569839000701904 0.004605352878570557 0.015296310186386108
1 0.8056062459945679 0.5161274671554565 0.011842310428619385 0.01381605863571167
1 0.7914612293243408 0.5146471261978149 0.007565915584564209 0.011348903179168701
1 0.9147089719772339 0.5146471858024597 0.02489084005355835 0.08684363961219788
1 0.838501513004303 0.5235288739204407 0.02203989028930664 0.07006701827049255
