0 0.4322444200515747 0.3365190625190735 0.025000423192977905 0.04144808650016785
0 0.36974310874938965 0.3648917078971863 0.01578974723815918 0.0318259596824646
0 0.2916167974472046 0.44211339950561523 0.06398150324821472 0.07450789213180542
0 0.5284631252288818 0.4248432517051697 0.049671947956085205 0.05723795294761658
0 0.6026421189308167 0.5477069616317749 0.1019754409790039 0.12434425950050354
0 0.4782978296279907 0.36267080903053284 0.01118442416191101 0.02615177631378174
0 0.3973753750324249 0.33947962522506714 0.01644766330718994 0.020724058151245117
0 0.49671924114227295 0.37525349855422974 0.03223744034767151 0.038487523794174194
1 0.6671169400215149 0.577312707901001 0.04079020023345947 0.11842316389083862
0 0.34671658277511597 0.386355459690094 0.04309287667274475 0.05921158194541931
0 0.511522114276886 0.39869117736816406 0.03848755359649658 0.05526414513587952
0 0.5718851089477539 0.38339513540267944 0.025000452995300293 0.03651389479637146
0 0.35938122868537903 0.32517045736312866 0.006579041481018066 0.013816028833389282
0 0.47286996245384216 0.354529470205307 0.016941189765930176 0.020724058151245117
0 0.5552725791931152 0.3545297682285309 0.02894836664199829 0.02269846200942993
0 0.5694178342819214 0.49639028310775757 0.09112006425857544 0.10213997960090637
0 0.24276740849018097 0.4924428462982178 0.09112003445625305 0.11052826046943665
0 0.4921138882637024 0.3656314015388489 0.030263692140579224 0.03848749399185181
0 0.3676050305366516 0.38216155767440796 0.01578974723815918 0.040707796812057495
0 0.38224345445632935 0.3481147885322571 0.025658339262008667 0.029852628707885742
0 0.5013245344161987 0.38487547636032104 0.02927681803703308 0.03996780514717102
