0 0.2961158752441406 0.4593830406665802 0.007236957550048828 0.006907999515533447
0 0.2944130301475525 0.45099472999572754 0.008421212434768677 0.010855436325073242
1 0.596392035484314 0.4983639717102051 0.012829184532165527 0.026645183563232422
0 0.25033333897590637 0.4401392936706543 0.007236972451210022 0.01085546612739563
1 0.4940875768661499 0.4973771274089813 0.007565945386886597 0.030592620372772217
0 0.20603418350219727 0.4755566120147705 0.017105594277381897 0.019901692867279053
0 0.06644853204488754 0.4786267876625061 0.13289706408977509 0.14062747359275818
0 0.2309250831604004 0.4605672359466553 0.007236972451210022 0.011546105146408081
0 0.2963867783546448 0.47023850679397583 0.011466354131698608 0.02072402834892273
0 0.28322863578796387 0.4616032838821411 0.002631634473800659 0.01085546612739563
0 0.18783223628997803 0.4786267876625061 0.0250004380941391 0.030592650175094604
0 0.22849074006080627 0.48474547266960144 0.020855724811553955 0.0227472186088562
1 0.761197566986084 0.49688369035720825 0.017105519771575928 0.03305980563163757
0 0.9806092977523804 0.5047785639762878 0.012829124927520752 0.03700721263885498
0 0.19033183157444 0.48701512813568115 0.024605780839920044 0.025263458490371704
1 0.5016535520553589 0.49375829100608826 0.009429872035980225 0.02911168336868286
0 0.3377247452735901 0.4644818603992462 0.03819504380226135 0.05148106813430786
0 0.14079193770885468 0.5102062821388245 0.03947436809539795 0.04687580466270447
0 0.18684537708759308 0.5131668448448181 0.038707226514816284 0.04144808650016785
0 0.785422682762146 0.5031341910362244 0.10263365507125854 0.05756714940071106
0 0.5447463989257812 0.5215551853179932 0.1250022053718567 0.07056045532226562
0 0.21820557117462158 0.47385698556900024 0.01228092610836029 0.016392827033996582
0 0.17566096782684326 0.48010706901550293 0.007236957550048828 0.015296310186386108
0 0.10422375798225403 0.7496256828308105 0.20844751596450806 0.5007486343383789
0 0.12960752844810486 0.4840545058250427 0.014802895486354828 0.012335747480392456
1 0.772553563117981 0.5095841288566589 0.017019689083099365 0.07154729962348938
0 0.4628370404243469 0.7930561304092407 0.2972639799118042 0.41388773918151855
0 0.32204511761665344 0.4825742244720459 0.028618931770324707 0.04144808650016785
0 0.24988475441932678 0.46777135133743286 0.009659245610237122 0.012335747480392456
0 0.6990253925323486 0.49096253514289856 0.02401357889175415 0.033059775829315186
1 0.7605396509170532 0.6034644842147827 0.09013313055038452 0.2037864327430725
1 0.46921050548553467 0.4923810660839081 0.010608702898025513 0.03503352403640747
0 0.16283178329467773 0.4801070988178253 0.0250004380941391 0.02615177631378174
0 0.2401357889175415 0.46629106998443604 0.013816043734550476 0.015296310186386108
0 0.1250021904706955 0.488495409488678 0.007236965000629425 0.016776591539382935
0 0.28322863578796387 0.4692516326904297 0.002631634473800659 0.008388280868530273
0 0.24375426769256592 0.45642244815826416 0.00822383165359497 0.016776591539382935
1 0.8802785873413086 0.4983639717102051 0.01611870527267456 0.04095467925071716
1 0.8707389235496521 0.5042851567268372 0.005263209342956543 0.025658369064331055
1 0.9121869802474976 0.5146471858024597 0.02171093225479126 0.08684363961219788
1 0.7986981868743896 0.5146471858024597 0.01907932758331299 0.06365242600440979
