0 0.3305978775024414 0.49096250534057617 0.02105298638343811 0.02861890196800232
0 0.13191020488739014 0.4924428164958954 0.03846815228462219 0.019737184047698975
1 0.4847572147846222 0.49688369035720825 0.013158142566680908 0.017270058393478394
0 0.620866060256958 0.5067522525787354 0.03125053644180298 0.019737184047698975
0 0.2230302095413208 0.4727056622505188 0.011513367295265198 0.005921155214309692
0 0.814578652381897 0.5100702047348022 0.013634562492370605 0.010583281517028809
1 0.1634896993637085 0.48553481698036194 0.0055921971797943115 0.019737184047698975
0 0.20427989959716797 0.5037916898727417 0.03223739564418793 0.03700721263885498
0 0.5460622310638428 0.5111931562423706 0.036184847354888916 0.011348843574523926
0 0.10460709035396576 0.5037916898727417 0.05032982677221298 0.025658339262008667
0 0.5917866826057434 0.5250092148780823 0.05592203140258789 0.03404664993286133
0 0.03223740682005882 0.4971056580543518 0.04261593148112297 0.028618931770324707
0 0.018503613770008087 0.5822470188140869 0.037007227540016174 0.05822467803955078
0 0.6572483777999878 0.5195814371109009 0.02861887216567993 0.02713865041732788
0 0.23158299922943115 0.47196513414382935 0.004605352878570557 0.012829184532165527
0 0.2516491413116455 0.5111931562423706 0.03881646692752838 0.027138620615005493
0 0.5858654975891113 0.5496807098388672 0.10362023115158081 0.06710642576217651
0 0.14282143115997314 0.4877009093761444 0.03941859304904938 0.02520674467086792
0 0.34355878829956055 0.6034644842147827 0.10362023115158081 0.11398226022720337
0 0.07342255115509033 0.5640891790390015 0.0921068787574768 0.04746824502944946
0 0.7690924406051636 0.5151405930519104 0.03980332612991333 0.03404664993286133
0 0.9306083917617798 0.5262876749038696 0.05288684368133545 0.061387062072753906
0 0.8536333441734314 0.5045315027236938 0.052715420722961426 0.03811657428741455
0 0.2898077070713043 0.5521478652954102 0.09013314545154572 0.06414586305618286
0 0.13840702176094055 0.7386642694473267 0.2768140435218811 0.3217161297798157
1 0.38750678300857544 0.5210617780685425 0.015131831169128418 0.04144805669784546
0 0.1881611943244934 0.5264894962310791 0.042763903737068176 0.03996783494949341
0 0.6940910816192627 0.5052720308303833 0.03782963752746582 0.02713865041732788
0 0.7437630295753479 0.5111931562423706 0.020066142082214355 0.030099183320999146
0 0.4937586486339569 0.5921156406402588 0.12072581052780151 0.06331157684326172
0 0.2124096155166626 0.4772876799106598 0.00714285671710968 0.007542610168457031
0 0.6562615036964417 0.49096253514289856 0.052633047103881836 0.03947478532791138
0 0.19934558868408203 0.4741859436035156 0.01611870527267456 0.019737213850021362
0 0.7121835350990295 0.5023114085197449 0.008552789688110352 0.008388280868530273
0 0.2611887753009796 0.5250091552734375 0.059869468212127686 0.012829124927520752
0 0.16052912175655365 0.5778061747550964 0.14638414978981018 0.08092248439788818
0 0.8957395553588867 0.5052720308303833 0.03223741054534912 0.014803200960159302
0 0.23679906129837036 0.4806712865829468 0.007565930485725403 0.02417805790901184
0 0.8934279680252075 0.6360308527946472 0.21314412355422974 0.1944117546081543
0 0.11579149961471558 0.4810939431190491 0.01710556447505951 0.020229995250701904
0 0.08904729783535004 0.48731106519699097 0.031250543892383575 0.025214403867721558
0 0.22483891248703003 0.4723353981971741 0.01389862596988678 0.016899794340133667
0 0.1328970491886139 0.47566622495651245 0.013158127665519714 0.01578974723815918
0 0.7615264654159546 0.5437595248222351 0.0634879469871521 0.05427730083465576
1 0.35338956117630005 0.4712253510951996 0.006532102823257446 0.0212174654006958
0 0.0652267262339592 0.4880019724369049 0.010526496917009354 0.019737184047698975
0 0.2401357740163803 0.5866879224777222 0.08158037066459656 0.09523195028305054
0 0.22401708364486694 0.4871799945831299 0.01776362955570221 0.02417805790901184
1 0.1710556149482727 0.4766530692577362 0.005592212080955505 0.0212174654006958
1 0.9013315439224243 0.5037916898727417 0.00896388292312622 0.019737184047698975
0 0.3000052571296692 0.4712253510951996 0.008552789688110352 0.014309465885162354
0 0.14539727568626404 0.4825742244720459 0.036184847354888916 0.020583122968673706
0 0.7100712656974792 0.4957151412963867 0.030263662338256836 0.0212174654006958
0 0.04638238623738289 0.49096256494522095 0.0318426638841629 0.02417805790901184
0 0.7227100133895874 0.5166208744049072 0.024671435356140137 0.030099213123321533
0 0.6940910816192627 0.5324106216430664 0.05592203140258789 0.041448116302490234
0 0.26579412817955017 0.4924428164958954 0.05888260900974274 0.06414586305618286
0 0.07796189188957214 0.4825742244720459 0.009539641439914703 0.011348873376846313
0 0.9926895499229431 0.7130059003829956 0.01462090015411377 0.046875834465026855
0 0.36645376682281494 0.5778061151504517 0.070230633020401 0.09449142217636108
0 0.22138544917106628 0.46974503993988037 0.011513352394104004 0.008388310670852661
0 0.6411296129226685 0.5279697775840759 0.04473763704299927 0.031086087226867676
0 0.4861927032470703 0.7481644153594971 0.22463548183441162 0.27834707498550415
0 0.08750152587890625 0.4712253510951996 0.024671487510204315 0.008388280868530273
0 0.48119276762008667 0.5580689907073975 0.10164651274681091 0.11792969703674316
0 0.3075711727142334 0.4727056324481964 0.014144957065582275 0.01578974723815918
0 0.08217240124940872 0.4766530692577362 0.017894774675369263 0.009276330471038818
0 0.10362023115158081 0.4766530692577362 0.016118697822093964 0.014309465885162354
0 0.5335619449615479 0.5294500589370728 0.03717166185379028 0.030099213123321533
