1 0.04759640246629715 0.5565886497497559 0.023684628307819366 0.08042901754379272
0 0.4944165349006653 0.46333047747612 0.0055921971797943115 0.003947436809539795
1 0.21842488646507263 0.5279697775840759 0.012829169631004333 0.0439152717590332
0 0.44836312532424927 0.4771465063095093 0.0019737184047698975 0.003947436809539795
0 0.49277180433273315 0.47023850679397583 0.006579071283340454 0.015296310186386108
0 0.42796802520751953 0.46777135133743286 0.01644766330718994 0.015296310186386108
0 0.45494216680526733 0.4771465063095093 0.01842138171195984 0.020724058151245117
1 0.9256740808486938 0.5146471261978149 0.02401357889175415 0.09572535753250122
0 0.1651344746351242 0.6044513583183289 0.14112088084220886 0.1381603479385376
1 0.17928200960159302 0.5235289335250854 0.012829169631004333 0.03354865312576294
1 0.8283039927482605 0.5491872429847717 0.03157949447631836 0.1327325999736786
0 0.5450752973556519 0.5269829034805298 0.02861887216567993 0.05526411533355713
0 0.41777047514915466 0.5299434661865234 0.025000452995300293 0.04835611581802368
0 0.36448007822036743 0.5190880298614502 0.10230442881584167 0.1578974723815918
1 0.17204248905181885 0.5235289335250854 0.004605337977409363 0.01924377679824829
1 0.8164616823196411 0.5822470188140869 0.04506653547286987 0.16924640536308289
0 0.2766495943069458 0.5077391862869263 0.08684363961219788 0.14260119199752808
1 0.8003429770469666 0.4791202247142792 0.004276394844055176 0.01924377679824829
0 0.44277089834213257 0.488495409488678 0.020395100116729736 0.024671465158462524
1 0.23355671763420105 0.5235288739204407 0.010526508092880249 0.028618931770324707
1 0.05032982677221298 0.5106997489929199 0.0032895319163799286 0.012829184532165527
0 0.47599518299102783 0.4899756908416748 0.022039860486984253 0.024671465158462524
0 0.476982057094574 0.4786267876625061 0.01842138171195984 0.015296310186386108
0 0.4611922800540924 0.5161274671554565 0.0424349308013916 0.04983639717102051
0 0.4786267876625061 0.565963864326477 0.09144899249076843 0.10362023115158081
1 0.4960627257823944 0.4815881848335266 0.006413877010345459 0.019243746995925903
0 0.49342969059944153 0.4731990694999695 0.006579041481018066 0.016776621341705322
0 0.4095466434955597 0.48306766152381897 0.00822383165359497 0.01924377679824829
1 0.9243582487106323 0.5758324265480042 0.045724451541900635 0.16677924990653992
1 0.14112088084220886 0.5348777770996094 0.012829169631004333 0.030592679977416992
0 0.5213906764984131 0.5407989025115967 0.05625098943710327 0.07450789213180542
1 0.2421095073223114 0.5274763107299805 0.012500211596488953 0.04687577486038208
1 0.5361936092376709 0.47961366176605225 0.0029605627059936523 0.019243746995925903
0 0.5111931562423706 0.488495409488678 0.019408226013183594 0.023684650659561157
0 0.4177704453468323 0.46777135133743286 0.014802902936935425 0.012335747480392456
1 0.5361936092376709 0.47961366176605225 0.008552789688110352 0.019737184047698975
1 0.10625185817480087 0.5565886497497559 0.018750324845314026 0.07253414392471313
1 0.9121869802474976 0.49441656470298767 0.02401357889175415 0.05082327127456665
1 0.05855365842580795 0.5630033016204834 0.012829173356294632 0.07253414392471313
1 0.19671396911144257 0.5235289335250854 0.01578974723815918 0.028125464916229248
0 0.4177704453468323 0.4786267876625061 0.013816028833389282 0.013816028833389282
1 0.995074450969696 0.540305495262146 0.00985109806060791 0.07993561029434204
1 0.09539640694856644 0.5541214942932129 0.013158127665519714 0.06365245580673218
1 0.4977060854434967 0.48158738017082214 0.00592118501663208 0.02368462085723877
1 0.9046211242675781 0.5560952425003052 0.018750369548797607 0.1327325999736786
0 0.4631659984588623 0.46629106998443604 0.01019752025604248 0.013816028833389282
0 0.52303546667099 0.4978705644607544 0.025000452995300293 0.016776591539382935
0 0.42994171380996704 0.4731990694999695 0.006579071283340454 0.012335717678070068
0 0.6717222929000854 0.5215551853179932 0.25658345222473145 0.40658605098724365
1 0.1420450210571289 0.5195814371109009 0.009342029690742493 0.01736825704574585
1 0.14342355728149414 0.5324106216430664 0.012829169631004333 0.01924377679824829
1 0.17796364426612854 0.5235289335250854 0.010526493191719055 0.028125464916229248
1 0.8375931978225708 0.5354969501495361 0.026728034019470215 0.13396292924880981
0 0.8991845846176147 0.4633305072784424 0.20163077116012573 0.10510054230690002
1 0.1724826991558075 0.524187445640564 0.008552789688110352 0.023027002811431885
0 0.42533639073371887 0.4746793508529663 0.00822383165359497 0.013816028833389282
0 0.5092194676399231 0.4840545058250427 0.01940825581550598 0.024671465158462524
1 0.1501728594303131 0.5336461067199707 0.012829169631004333 0.023691415786743164
1 0.9661353230476379 0.508232593536377 0.028947830200195312 0.043421804904937744
1 0.9870151281356812 0.5279697775840759 0.02596980333328247 0.07993558049201965
1 0.8121852874755859 0.4865216612815857 0.022039830684661865 0.03552696108818054
1 0.07467235624790192 0.531423807144165 0.008552782237529755 0.03898090124130249
0 0.514811635017395 0.4939231276512146 0.01644766330718994 0.022204309701919556
