0 0.4782978296279907 0.48010706901550293 0.008717238903045654 0.014556199312210083
0 0.22434604167938232 0.4939231276512146 0.016447648406028748 0.022204309701919556
0 0.5023114085197449 0.47171878814697266 0.014802902936935425 0.008388310670852661
0 0.3348742723464966 0.48010706901550293 0.01842138171195984 0.015296310186386108
0 0.5125089883804321 0.48553481698036194 0.014802873134613037 0.01924377679824829
0 0.42237579822540283 0.4731990694999695 0.01118442416191101 0.016776621341705322
0 0.2861892282962799 0.488495409488678 0.00822383165359497 0.017763465642929077
0 0.5309303402900696 0.488495409488678 0.02203989028930664 0.026151806116104126
0 0.5480358600616455 0.500831127166748 0.03125053644180298 0.037500619888305664
0 0.45296844840049744 0.4731990694999695 0.00822383165359497 0.008388280868530273
0 0.4460604190826416 0.4840545058250427 0.013816028833389282 0.017763465642929077
0 0.10592290759086609 0.52303546667099 0.06085631996393204 0.048356086015701294
0 0.11875207722187042 0.5116865634918213 0.04144808650016785 0.03700718283653259
0 0.2381620705127716 0.49639028310775757 0.02763207256793976 0.02911236882209778
0 0.11875207722187042 0.4939231276512146 0.02401357889175415 0.006908029317855835
0 0.46645551919937134 0.4786267876625061 0.02039507031440735 0.022204339504241943
0 0.4111914038658142 0.4746793508529663 0.0019737184047698975 0.003947436809539795
0 0.4250074326992035 0.47566622495651245 0.00822383165359497 0.015296310186386108
0 0.3021450340747833 0.4873850345611572 0.024753808975219727 0.026521682739257812
0 0.1766478270292282 0.500831127166748 0.0055921971797943115 0.015296310186386108
0 0.4782978296279907 0.4786267876625061 0.009210675954818726 0.015296310186386108
0 0.2687547206878662 0.4954034090042114 0.03388217091560364 0.03157949447631836
0 0.35230880975723267 0.4786267876625061 0.023026734590530396 0.017763465642929077
0 0.4322444200515747 0.47566622495651245 0.014802902936935425 0.020724058151245117
0 0.48948225378990173 0.52303546667099 0.05329042673110962 0.06611955165863037
0 0.16381865739822388 0.500831127166748 0.027632057666778564 0.027632087469100952
0 0.44836312532424927 0.46629106998443604 0.016447633504867554 0.019243746995925903
0 0.24934646487236023 0.48701512813568115 0.022039875388145447 0.017763465642929077
0 0.3653261661529541 0.4786267876625061 0.009915560483932495 0.006696522235870361
0 0.43887850642204285 0.48010706901550293 0.01578974723815918 0.021957606077194214
0 0.42599421739578247 0.46518081426620483 0.011184394359588623 0.01159551739692688
0 0.02228657342493534 0.5161274671554565 0.04457314684987068 0.03602039813995361
0 0.45856064558029175 0.4899756908416748 0.022039860486984253 0.02911236882209778
0 0.08344265073537827 0.5082327127456665 0.04506699740886688 0.04161280393600464
0 0.2921103239059448 0.4820808172225952 0.005921155214309692 0.010361999273300171
0 0.14638414978981018 0.503298282623291 0.03125055134296417 0.027632087469100952
0 0.32007139921188354 0.4884953796863556 0.022039860486984253 0.022204339504241943
0 0.05164564028382301 0.5116865634918213 0.031250543892383575 0.036020368337631226
0 0.39112526178359985 0.4746793508529663 0.00822383165359497 0.01085546612739563
0 0.3329005837440491 0.5768193006515503 0.10592290759086609 0.10904800891876221
0 0.41579675674438477 0.47171878814697266 0.0055921971797943115 0.008388310670852661
0 0.41415196657180786 0.4731990694999695 0.0055921971797943115 0.006907999515533447
0 0.4167836308479309 0.4731990694999695 0.0055921971797943115 0.009868621826171875
0 0.19309547543525696 0.49639028310775757 0.03125055134296417 0.03157952427864075
0 0.48948225378990173 0.4786267876625061 0.01644766330718994 0.017763465642929077
0 0.6020934581756592 0.4850412607192993 0.039912641048431396 0.02911236882209778
0 0.45447349548339844 0.4746793508529663 0.009493201971054077 0.00860053300857544
0 0.4940875768661499 0.4939231276512146 0.031250566244125366 0.03996780514717102
0 0.13132323324680328 0.7141326665878296 0.26264646649360657 0.35202497243881226
