0 0.35658562183380127 0.5671972036361694 0.018914520740509033 0.025411486625671387
0 0.576654851436615 0.565963864326477 0.035855889320373535 0.03157949447631836
0 0.4269811511039734 0.5590558052062988 0.00822383165359497 0.024671494960784912
0 0.645734965801239 0.5546149611473083 0.03519797325134277 0.02615177631378174
0 0.4954034090042114 0.5491872429847717 0.0424349308013916 0.04440867900848389
0 0.6088922023773193 0.5536280870437622 0.033224284648895264 0.02368462085723877
0 0.2286224365234375 0.5896484851837158 0.08289618790149689 0.08980417251586914
0 0.40691500902175903 0.5644835233688354 0.03125053644180298 0.03454011678695679
0 0.5536280870437622 0.557575523853302 0.025000393390655518 0.02911233901977539
0 0.3513219356536865 0.5674441456794739 0.005592226982116699 0.010855436325073242
0 0.5358645915985107 0.5605361461639404 0.0026316046714782715 0.003947436809539795
0 0.3598747253417969 0.5590558052062988 0.02401357889175415 0.020723998546600342
0 0.15033158659934998 0.6158002614974976 0.1309233456850052 0.10510051250457764
0 0.5894839763641357 0.5477069616317749 0.026645243167877197 0.019243717193603516
0 0.31645292043685913 0.5590558052062988 0.06908014416694641 0.0675998330116272
0 0.5434305667877197 0.5506675243377686 0.01644766330718994 0.022204339504241943
0 0.7806057929992676 0.6587286591529846 0.16973978281021118 0.14950919151306152
0 0.6023131608963013 0.5422792434692383 0.009210705757141113 0.006907999515533447
0 0.6809329986572266 0.5605361461639404 0.07368546724319458 0.03996783494949341
0 0.37730923295021057 0.5546149611473083 0.017434537410736084 0.020724058151245117
0 0.5019824504852295 0.588168203830719 0.0674353837966919 0.0789487361907959
0 0.44836312532424927 0.5605361461639404 0.03684273362159729 0.04292839765548706
0 0.630932092666626 0.5521478056907654 0.04440867900848389 0.03157949447631836
