0 0.09737012535333633 0.488495409488678 0.038487508893013 0.023684650659561157
0 0.9065346717834473 0.5835422277450562 0.1869305968284607 0.14349550008773804
0 0.23067839443683624 0.4978705644607544 0.02615174651145935 0.029482394456863403
0 0.18224003911018372 0.48553481698036194 0.01583544909954071 0.008456826210021973
0 0.0695180743932724 0.5712271928787231 0.1390361487865448 0.12779831886291504
1 0.6651432514190674 0.5284631848335266 0.02960580587387085 0.09375163912773132
0 0.30165642499923706 0.4978705644607544 0.01744091510772705 0.024671465158462524
0 0.2151353359222412 0.4924428462982178 0.014802888035774231 0.019243746995925903
0 0.292439341545105 0.4953896999359131 0.01745280623435974 0.023693770170211792
0 0.15361474454402924 0.4825742244720459 0.010197550058364868 0.006908029317855835
0 0.32007139921188354 0.4993508458137512 0.028618931770324707 0.03700721263885498
0 0.17566096782684326 0.49096253514289856 0.010197550058364868 0.006907999515533447
0 0.15723958611488342 0.488495409488678 0.02763207256793976 0.012335747480392456
0 0.029829517006874084 0.4938795864582062 0.05965903401374817 0.0359768271446228
0 0.27796539664268494 0.49096256494522095 0.011184394359588623 0.017763465642929077
0 0.3957241475582123 0.4939231276512146 0.048691511154174805 0.036000996828079224
0 0.21250371634960175 0.4939231276512146 0.0055921971797943115 0.019243746995925903
1 0.1250021904706955 0.7806380987167358 0.1634896993637085 0.43872374296188354
0 0.25751224160194397 0.48553481698036194 0.01839233934879303 0.010855436325073242
0 0.4250779151916504 0.5308421850204468 0.07997086644172668 0.09223610162734985
0 0.20987209677696228 0.4954034090042114 0.0055921971797943115 0.019243746995925903
0 0.28520235419273376 0.4939231276512146 0.007236957550048828 0.019243746995925903
0 0.11365324258804321 0.5097131133079529 0.037829600274562836 0.03996780514717102
0 0.3634932041168213 0.49639028310775757 0.025006353855133057 0.027645379304885864
0 0.15921330451965332 0.5363580584526062 0.09013315290212631 0.08980417251586914
0 0.08739171922206879 0.5200752019882202 0.06414611637592316 0.0511527955532074
0 0.20066140592098236 0.4939231276512146 0.02105298638343811 0.02615177631378174
0 0.19506919384002686 0.4993508458137512 0.01743452250957489 0.02615177631378174
0 0.22160474956035614 0.48553478717803955 0.004605352878570557 0.006743520498275757
0 0.1325681060552597 0.4840545058250427 0.025658339262008667 0.013816028833389282
0 0.3559272885322571 0.4924428462982178 0.01578974723815918 0.020724058151245117
0 0.14421305060386658 0.4924428462982178 0.028750509023666382 0.009868592023849487
0 0.3818816840648651 0.5269335508346558 0.03848749399185181 0.06463930010795593
0 0.3329005539417267 0.5077391862869263 0.0338779091835022 0.037000834941864014
0 0.19969427585601807 0.4978705644607544 0.007236972451210022 0.022204309701919556
0 0.18585851788520813 0.4939231276512146 0.017434507608413696 0.013816028833389282
0 0.9850413799285889 0.52303546667099 0.029917240142822266 0.03848755359649658
