0 0.28158387541770935 0.4840545058250427 0.012829184532165527 0.006908029317855835
0 0.519745945930481 0.48158738017082214 0.01743447780609131 0.024671494960784912
0 0.36371326446533203 0.47731083631515503 0.010745853185653687 0.008881807327270508
0 0.5233644247055054 0.48701509833335876 0.014802932739257812 0.022204339504241943
0 0.44079717993736267 0.4746793508529663 0.011184394359588623 0.016776621341705322
0 0.13870958983898163 0.511028528213501 0.04298308491706848 0.038487404584884644
0 0.07006701827049255 0.5146471261978149 0.026645202189683914 0.03602033853530884
0 0.338492751121521 0.48553478717803955 0.016447633504867554 0.017763465642929077
0 0.534548819065094 0.4924428462982178 0.019408226013183594 0.026151806116104126
0 0.010362023487687111 0.5131669044494629 0.020724046975374222 0.01381605863571167
0 0.20296406745910645 0.4924428462982178 0.00921069085597992 0.012335747480392456
0 0.5490227937698364 0.5062588453292847 0.032237350940704346 0.03750067949295044
0 0.46985477209091187 0.47369247674942017 0.007236987352371216 0.008881837129592896
0 0.21651817858219147 0.501028299331665 0.03486880660057068 0.03651374578475952
0 0.4674423933029175 0.48553478717803955 0.012829184532165527 0.017763465642929077
0 0.33947962522506714 0.48553478717803955 0.014802873134613037 0.013816028833389282
0 0.30099213123321533 0.49639028310775757 0.025000423192977905 0.024671465158462524
0 0.28421592712402344 0.49170249700546265 0.015131741762161255 0.018503546714782715
0 0.26458853483200073 0.5003376007080078 0.029824987053871155 0.03157946467399597
0 0.153621107339859 0.52303546667099 0.05329039692878723 0.042928338050842285
0 0.3246767520904541 0.488495409488678 0.02105298638343811 0.02072402834892273
0 0.4848769009113312 0.4801070988178253 0.014802873134613037 0.022204339504241943
0 0.42402058839797974 0.47023850679397583 0.0019737184047698975 0.003947466611862183
0 0.4454025328159332 0.4771465063095093 0.01019752025604248 0.013816028833389282
0 0.35230880975723267 0.4771465063095093 0.013816028833389282 0.010855436325073242
0 0.35066401958465576 0.48701509833335876 0.01842138171195984 0.024671494960784912
0 0.47566622495651245 0.4692516326904297 0.0055921971797943115 0.0029605627059936523
0 0.3881646990776062 0.4746793508529663 0.016447633504867554 0.012335747480392456
0 0.45263949036598206 0.4771465063095093 0.01644766330718994 0.022204339504241943
0 0.4940875768661499 0.5284631848335266 0.05065879225730896 0.06069183349609375
0 0.2421094924211502 0.488495409488678 0.017434507608413696 0.01085546612739563
0 0.4616857171058655 0.46357715129852295 0.016118675470352173 0.015296310186386108
0 0.31645292043685913 0.48553481698036194 0.016447633504867554 0.01924377679824829
0 0.46185019612312317 0.4771465063095093 0.01644766330718994 0.015296339988708496
0 0.43915241956710815 0.46349483728408813 0.011184394359588623 0.013816028833389282
0 0.02442476898431778 0.5447463989257812 0.04884953796863556 0.056744396686553955
0 0.16776609420776367 0.500831127166748 0.027632057666778564 0.0246715247631073
0 0.46020543575286865 0.4924428164958954 0.02401357889175415 0.030592620372772217
0 0.25658345222473145 0.4924428164958954 0.022039860486984253 0.022204339504241943
0 0.2381620705127716 0.4954034090042114 0.016447648406028748 0.022204309701919556
0 0.37391015887260437 0.48175179958343506 0.015899360179901123 0.012335747480392456
0 0.1766478270292282 0.4993508458137512 0.013816028833389282 0.019243746995925903
0 0.4131651222705841 0.4731990694999695 0.006579041481018066 0.010855436325073242
0 0.2944130599498749 0.602971076965332 0.13519974052906036 0.13519978523254395
0 0.4305996298789978 0.47171878814697266 0.0055921971797943115 0.008388310670852661
0 0.4269811511039734 0.47023850679397583 0.0055921971797943115 0.006908029317855835
0 0.19145071506500244 0.500831127166748 0.03223741054534912 0.03157949447631836
0 0.43520498275756836 0.4731990694999695 0.00822383165359497 0.010855436325073242
0 0.2944130301475525 0.48553478717803955 0.016447633504867554 0.012335747480392456
0 0.4977060854434967 0.4746793508529663 0.017434537410736084 0.012335747480392456
0 0.5808221101760864 0.4806007146835327 0.03125077486038208 0.023849278688430786
0 0.10033071041107178 0.5092194676399231 0.057895757257938385 0.049836426973342896
0 0.47487643361091614 0.4767525792121887 0.007236957550048828 0.015494614839553833
0 0.0072369687259197235 0.5161274671554565 0.013816030696034431 0.008388280868530273
0 0.4977060556411743 0.4954034090042114 0.03585585951805115 0.02911233901977539
0 0.05625098571181297 0.822053849697113 0.11118615418672562 0.32961106300354004
