0 0.41415196657180786 0.5551084280014038 0.049014002084732056 0.059211552143096924
0 0.5039561986923218 0.5220485925674438 0.015131860971450806 0.014802873134613037
0 0.4983639717102051 0.5136603116989136 0.002631634473800659 0.008881747722625732
0 0.2460569441318512 0.6572483777999878 0.17006875574588776 0.18552953004837036
0 0.47928470373153687 0.5852075815200806 0.07664608955383301 0.10362023115158081
0 0.46842923760414124 0.5161274671554565 0.003947436809539795 0.005921125411987305
0 0.3730328381061554 0.5521478056907654 0.03947436809539795 0.0424349308013916
1 0.7154730558395386 0.5782995820045471 0.02927684783935547 0.10806107521057129
0 0.44556766748428345 0.5292019844055176 0.0190792977809906 0.022697806358337402
0 0.47007399797439575 0.5220485925674438 0.009210675954818726 0.012335717678070068
1 0.5924445986747742 0.5398120880126953 0.008552789688110352 0.017763495445251465
1 0.6141555309295654 0.5482003688812256 0.011842310428619385 0.027632057666778564
0 0.5023114085197449 0.5570821166038513 0.035855889320373535 0.04884958267211914
0 0.49310073256492615 0.5106997489929199 0.013158142566680908 0.024671494960784912
1 0.5846593379974365 0.5332330465316772 0.010526478290557861 0.03322422504425049
