0 0.2309250831604004 0.579779863357544 0.03322426974773407 0.01776343584060669
0 0.9687669277191162 0.5575755834579468 0.04671138525009155 0.018750369548797607
0 0.34901922941207886 0.5664574503898621 0.02138194441795349 0.00789487361907959
0 0.9095553755760193 0.5615229606628418 0.019408226013183594 0.0098685622215271
0 0.4000070095062256 0.5585623979568481 0.010526508092880249 0.006907999515533447
0 0.19770082831382751 0.6276425123214722 0.0786198079586029 0.0750012993812561
0 0.8477122187614441 0.5866879224777222 0.07664608955383301 0.03207296133041382
0 0.70001220703125 0.5644835829734802 0.0098685622215271 0.0049343109130859375
0 0.25888609886169434 0.6083987951278687 0.053290411829948425 0.04786264896392822
0 0.3746775984764099 0.5644835233688354 0.009210675954818726 0.006907999515533447
0 0.2667809724807739 0.5876747369766235 0.032566338777542114 0.033059775829315186
0 0.7220520973205566 0.5621151924133301 0.006579041481018066 0.00532907247543335
0 0.5776417255401611 0.6177740097045898 0.2154642939567566 0.3942503333091736
0 0.3858620226383209 0.557575523853302 0.016776621341705322 0.00789487361907959
0 0.7046176195144653 0.574845552444458 0.025329411029815674 0.01381605863571167
0 0.30230772495269775 0.5644838809967041 0.017324894666671753 0.012006938457489014
0 0.38915154337882996 0.5605361461639404 0.011184394359588623 0.006907999515533447
0 0.371826708316803 0.5579046010971069 0.012061655521392822 0.009539663791656494
0 0.9681090116500854 0.5758324265480042 0.04605346918106079 0.031086087226867676
0 0.3651379942893982 0.5654704570770264 0.010526508092880249 0.00592118501663208
