0 0.38980942964553833 0.5176076889038086 0.02138194441795349 0.024671494960784912
1 0.5394831299781799 0.5067522525787354 0.0049343109130859375 0.02565830945968628
0 0.36020368337631226 0.5590558052062988 0.08388304710388184 0.10065966844558716
0 0.0374184176325798 0.8462319374084473 0.0748368352651596 0.28914982080459595
0 0.9936764240264893 0.5077391266822815 0.01264721155166626 0.025658339262008667
0 0.41579675674438477 0.5003377199172974 0.02335566282272339 0.017270028591156006
0 0.44277089834213257 0.49639028310775757 0.01578974723815918 0.008388310670852661
0 0.4187573194503784 0.5324106216430664 0.0460534393787384 0.049342989921569824
0 0.37007227540016174 0.5077391266822815 0.027303099632263184 0.013322591781616211
1 0.7947507500648499 0.542772650718689 0.02138197422027588 0.07697498798370361
1 0.6848803758621216 0.5333974361419678 0.01151341199874878 0.03799408674240112
0 0.8480410575866699 0.49046915769577026 0.01611870527267456 0.006908029317855835
0 0.9658798575401306 0.5003377199172974 0.06824028491973877 0.040954649448394775
1 0.7700792551040649 0.540305495262146 0.020724058151245117 0.08141589164733887
0 0.5256670713424683 0.5003377199172974 0.025329411029815674 0.04243496060371399
0 0.29309725761413574 0.5126734375953674 0.009539633989334106 0.013322591781616211
1 0.5519833564758301 0.5052720308303833 0.006907999515533447 0.024671494960784912
0 0.31382128596305847 0.503298282623291 0.010855436325073242 0.006414532661437988
1 0.5483649969100952 0.5028049349784851 0.005921125411987305 0.024671465158462524
0 0.17006877064704895 0.531423807144165 0.03552694618701935 0.030099213123321533
1 0.6835646033287048 0.5210617184638977 0.01578974723815918 0.05477067828178406
0 0.13519972562789917 0.5383317470550537 0.038487508893013 0.03503352403640747
0 0.8516596555709839 0.5067522525787354 0.06381690502166748 0.03602033853530884
0 0.4361099898815155 0.5208150148391724 0.03256630897521973 0.042064815759658813
0 0.3128344416618347 0.5353711843490601 0.049342960119247437 0.06710642576217651
0 0.5046141147613525 0.6197476387023926 0.1174362301826477 0.14309459924697876
0 0.49079805612564087 0.5200749039649963 0.05230355262756348 0.06069186329841614
0 0.13585764169692993 0.5190880298614502 0.01315811276435852 0.010362029075622559
0 0.4520643353462219 0.5126734375953674 0.02648070454597473 0.039721012115478516
0 0.7891585826873779 0.4954034090042114 0.02335566282272339 0.009375184774398804
0 0.7985325455665588 0.5166206359863281 0.09243524074554443 0.04917821288108826
0 0.15296411514282227 0.5236934423446655 0.019956395030021667 0.01661205291748047
