0 0.09835697710514069 0.48701509833335876 0.041448093950748444 0.02368462085723877
0 0.9167113900184631 0.5816919803619385 0.16657721996307373 0.1425703763961792
0 0.229543536901474 0.4993508458137512 0.029276758432388306 0.03217151761054993
0 0.18224003911018372 0.48553481698036194 0.01629231870174408 0.009142160415649414
0 0.030263688415288925 0.6276425123214722 0.06052737683057785 0.10065966844558716
1 0.7227100133895874 0.5274763107299805 0.033553242683410645 0.08733707666397095
0 0.3017204999923706 0.4978705644607544 0.017504990100860596 0.024671465158462524
0 0.21447744965553284 0.4924428462982178 0.014802888035774231 0.019243746995925903
0 0.292439341545105 0.49525266885757446 0.01763555407524109 0.023785144090652466
0 0.15355107188224792 0.4825742244720459 0.010197550058364868 0.006908029317855835
0 0.32001906633377075 0.4994293451309204 0.028566598892211914 0.036954909563064575
0 0.17763468623161316 0.500831127166748 0.01644766330718994 0.02615177631378174
0 0.16020017862319946 0.48948225378990173 0.03388217091560364 0.016776621341705322
0 0.029599737375974655 0.49344420433044434 0.05919947475194931 0.03554144501686096
0 0.27796539664268494 0.49096256494522095 0.011184394359588623 0.017763465642929077
0 0.3956596553325653 0.4939231276512146 0.04875600337982178 0.035807520151138306
0 0.21250371634960175 0.4939231276512146 0.0055921971797943115 0.019243746995925903
1 0.3904673457145691 0.7700294256210327 0.1151336133480072 0.45994120836257935
0 0.25693175196647644 0.48553481698036194 0.01810210943222046 0.010855436325073242
0 0.4257827699184418 0.5299611687660217 0.08032327890396118 0.09188365936279297
0 0.20987209677696228 0.4954034090042114 0.0055921971797943115 0.019243746995925903
0 0.28520235419273376 0.4939231276512146 0.007236957550048828 0.019243746995925903
0 0.11315987259149551 0.4978705644607544 0.034869030117988586 0.019243746995925903
0 0.3634932041168213 0.49639028310775757 0.02506566047668457 0.02777877449989319
0 0.13717345893383026 0.5447463989257812 0.1095413938164711 0.09769907593727112
0 0.07809346169233322 0.532114565372467 0.06848800182342529 0.07598817348480225
0 0.20066140592098236 0.4939231276512146 0.02105298638343811 0.02615177631378174
0 0.19506919384002686 0.4993508458137512 0.018051281571388245 0.02615177631378174
0 0.22072754800319672 0.48553481698036194 0.004605352878570557 0.005427718162536621
0 0.1325681060552597 0.4840545058250427 0.025658339262008667 0.013816028833389282
0 0.3553503751754761 0.4924428462982178 0.015870720148086548 0.020724058151245117
0 0.14539727568626404 0.4939231276512146 0.03125055134296417 0.01085546612739563
0 0.3815527558326721 0.5264401435852051 0.038487523794174194 0.06463930010795593
0 0.3329005539417267 0.5077391266822815 0.03383517265319824 0.03693673014640808
0 0.19989165663719177 0.4978705644607544 0.007236972451210022 0.022204309701919556
0 0.18585851788520813 0.500831127166748 0.017434507608413696 0.02911233901977539
0 0.989153265953064 0.5185946226119995 0.021693408489227295 0.03157949447631836
