0 0.3539535403251648 0.5338909029960632 0.022039860486984253 0.02615177631378174
0 0.2648072838783264 0.5417857766151428 0.05526414513587952 0.038980960845947266
0 0.8940945863723755 0.5146471261978149 0.02401357889175415 0.011842310428619385
0 0.4743503928184509 0.5037916898727417 0.013816028833389282 0.018750369548797607
0 0.6021487712860107 0.5092194676399231 0.012500226497650146 0.0049343109130859375
0 0.5108641982078552 0.5644835829734802 0.05526411533355713 0.04983639717102051
0 0.5075746774673462 0.5319172143936157 0.025329381227493286 0.03207290172576904
0 0.5789573192596436 0.5171141624450684 0.011184394359588623 0.012829184532165527
0 0.8580425977706909 0.5154368281364441 0.00934213399887085 0.0090789794921875
0 0.5056009292602539 0.5047785639762878 0.011184394359588623 0.011842340230941772
0 0.8746895790100098 0.5082321166992188 0.02072364091873169 0.009868621826171875
0 0.2674388885498047 0.5778061151504517 0.07993561029434204 0.0750012993812561
0 0.7158019542694092 0.5126734375953674 0.005263268947601318 0.0049343109130859375
0 0.27796536684036255 0.5106997489929199 0.033224254846572876 0.04588896036148071
0 0.42023757100105286 0.5106997489929199 0.010855495929718018 0.011348903179168701
0 0.3766513466835022 0.5388252139091492 0.029934734106063843 0.03207290172576904
0 0.3532956540584564 0.5126734375953674 0.00789487361907959 0.006908059120178223
0 0.733894407749176 0.5126734375953674 0.020066142082214355 0.009868621826171875
0 0.37994110584259033 0.5082324147224426 0.015789657831192017 0.015790104866027832
0 0.4000070095062256 0.5319172143936157 0.022039860486984253 0.02615177631378174
0 0.5210617780685425 0.5250091552734375 0.004605352878570557 0.014802873134613037
0 0.24474112689495087 0.5250091552734375 0.0460534393787384 0.04588896036148071
0 0.41184931993484497 0.5195814371109009 0.02138194441795349 0.018750369548797607
0 0.5186487436294556 0.5133310556411743 0.008552789688110352 0.011842310428619385
0 0.4977060556411743 0.5205683708190918 0.02138194441795349 0.025164902210235596
0 0.5342198610305786 0.5176077485084534 0.011184394359588623 0.01578974723815918
0 0.4356435537338257 0.5176077485084534 0.008772104978561401 0.005921125411987305
0 0.8289618492126465 0.5146471261978149 0.020723998546600342 0.011842310428619385
0 0.43116289377212524 0.5209911465644836 0.010714501142501831 0.012970328330993652
