0 0.5342198610305786 0.5319172143936157 0.016776621341705322 0.009868621826171875
0 0.6592220067977905 0.5250091552734375 0.012500226497650146 0.020723998546600342
0 0.7437629699707031 0.5250091552734375 0.01611870527267456 0.019737184047698975
0 0.7546184659004211 0.5215551853179932 0.010526537895202637 0.020724058151245117
0 0.5707336664199829 0.5289566516876221 0.005921125411987305 0.00789487361907959
0 0.698696494102478 0.5240223407745361 0.01611870527267456 0.024178028106689453
0 0.5802732706069946 0.533890962600708 0.012500226497650146 0.0098685622215271
0 0.6447480916976929 0.5240223407745361 0.012500226497650146 0.020724058151245117
0 0.7299469709396362 0.5240223407745361 0.009868621826171875 0.01578974723815918
0 0.7111966609954834 0.5225419998168945 0.010526537895202637 0.02171093225479126
0 0.5470490455627441 0.5319172143936157 0.009868621826171875 0.008881747722625732
0 0.6947489976882935 0.5225419998168945 0.010526537895202637 0.02171093225479126
