0 0.7944217920303345 0.5348777770996094 0.02598726749420166 0.012829184532165527
0 0.9398190975189209 0.531423807144165 0.08848839998245239 0.03602033853530884
0 0.14123046398162842 0.5616874694824219 0.016118764877319336 0.013487100601196289
0 0.1789504885673523 0.5536280870437622 0.007236972451210022 0.012829184532165527
0 0.6354904770851135 0.5260665416717529 0.011184453964233398 0.012829184532165527
0 0.8605451583862305 0.5235297679901123 0.02500218152999878 0.012212932109832764
0 0.9728701114654541 0.5176077485084534 0.0542597770690918 0.04292836785316467
0 0.8977130651473999 0.5225419998168945 0.06250107288360596 0.03207296133041382
0 0.23684623837471008 0.5625098347663879 0.0404612272977829 0.02615177631378174
0 0.7816396951675415 0.5349482893943787 0.03496307134628296 0.023261666297912598
0 0.8388304710388184 0.5259960889816284 0.019737184047698975 0.01381605863571167
