0 0.5572465658187866 0.46234363317489624 0.032237350940704346 0.03898093104362488
0 0.6615247130393982 0.44260644912719727 0.035855889320373535 0.03996780514717102
0 0.6023131608963013 0.45099472999572754 0.033224284648895264 0.04144808650016785
0 0.5092194080352783 0.46333047747612 0.03782960772514343 0.046875834465026855
0 0.6236951351165771 0.5950762033462524 0.0960543155670166 0.10658085346221924
0 0.7213941812515259 0.47171878814697266 0.03125053644180298 0.04835611581802368
0 0.7361971139907837 0.42188239097595215 0.003618478775024414 0.006908029317855835
0 0.8598834276199341 0.8223329782485962 0.2786232829093933 0.3553341031074524
0 0.3690854012966156 0.4924428462982178 0.014802873134613037 0.046875834465026855
0 0.5776417255401611 0.5506675243377686 0.06283003091812134 0.07352101802825928
