0 0.6128396987915039 0.5348777770996094 0.012500226497650146 0.011842310428619385
0 0.3993490934371948 0.5595492720603943 0.026645183563232422 0.027138590812683105
0 0.2961168885231018 0.5368494987487793 0.008014380931854248 0.015072762966156006
0 0.6469423174858093 0.540137529373169 0.01743626594543457 0.014474809169769287
0 0.8635019659996033 0.5437595248222351 0.027303099632263184 0.018750309944152832
0 0.491784930229187 0.5388252139091492 0.00789487361907959 0.012829184532165527
0 0.6759986877441406 0.5398120880126953 0.0098685622215271 0.011842310428619385
0 0.41053348779678345 0.5477069616317749 0.016776591539382935 0.016776621341705322
0 0.0615142360329628 0.64244544506073 0.1230284720659256 0.15543031692504883
1 0.39671748876571655 0.542772650718689 0.003289550542831421 0.010362029075622559
0 0.11184406280517578 0.5906352996826172 0.02269776165485382 0.044902145862579346
0 0.45987647771835327 0.5437594652175903 0.009210675954818726 0.011842310428619385
0 0.8455871939659119 0.5437572002410889 0.02039623260498047 0.011843502521514893
0 0.5009956359863281 0.5447463989257812 0.0098685622215271 0.011842310428619385
0 0.523693323135376 0.5477069616317749 0.01611870527267456 0.017763495445251465
0 0.6355373859405518 0.5289566516876221 0.01611870527267456 0.012829124927520752
0 0.8901561498641968 0.5390706658363342 0.023684918880462646 0.02047860622406006
0 0.5529701709747314 0.542772650718689 0.021381914615631104 0.011842310428619385
0 0.8164616823196411 0.5486937761306763 0.043750762939453125 0.01381605863571167
