0 0.6329058408737183 0.5245157480239868 0.059869468212127686 0.05674442648887634
0 0.9825742244720459 0.9100400805473328 0.0348515510559082 0.17991983890533447
0 0.7003412246704102 0.5615229606628418 0.07829087972640991 0.0843765139579773
0 0.3690854012966156 0.5383317470550537 0.06085634231567383 0.09819251298904419
0 0.8792917132377625 0.631096601486206 0.18158209323883057 0.16036468744277954
0 0.3977043330669403 0.5245157480239868 0.0480271577835083 0.07746848464012146
0 0.7750135660171509 0.5921156406402588 0.11809420585632324 0.11743628978729248
0 0.41974419355392456 0.5062588453292847 0.022039860486984253 0.03750067949295044
0 0.5977078080177307 0.5062588453292847 0.03881645202636719 0.05279695987701416
0 0.19375339150428772 0.6626760959625244 0.22237229347229004 0.24918198585510254
0 0.5572465658187866 0.49096253514289856 0.04704028367996216 0.056744396686553955
0 0.43158650398254395 0.5106997489929199 0.014802873134613037 0.023684650659561157
0 0.34309810400009155 0.5605361461639404 0.08750152587890625 0.1174362301826477
0 0.3957306146621704 0.48701512813568115 0.027632057666778564 0.008388310670852661
0 0.4171125590801239 0.5106997489929199 0.01578974723815918 0.04144805669784546
