1 0.7576885223388672 0.5105352401733398 0.01611858606338501 0.039474278688430786
0 0.6651432514190674 0.4924428462982178 0.009210646152496338 0.026151806116104126
0 0.5838918089866638 0.46234363317489624 0.019408226013183594 0.019243746995925903
0 0.5046141147613525 0.4495144486427307 0.014802873134613037 0.017763465642929077
0 0.41415196657180786 0.46777135133743286 0.02138194441795349 0.030592650175094604
0 0.5829049348831177 0.49096253514289856 0.03782963752746582 0.04144805669784546
1 0.02171090617775917 0.540305495262146 0.032237403094768524 0.08536335825920105
1 0.9181081652641296 0.5482003688812256 0.028618931770324707 0.09227132797241211
0 0.438165545463562 0.45642244815826416 0.0055921971797943115 0.012335747480392456
0 0.5644835233688354 0.4480341672897339 0.027632057666778564 0.013816028833389282
0 0.5332330465316772 0.4539553225040436 0.017434537410736084 0.022204339504241943
1 0.42796802520751953 0.5358646512031555 0.017105549573898315 0.08240273594856262
1 0.8635019659996033 0.542772650718689 0.021710872650146484 0.08783051371574402
1 0.9355427026748657 0.5560952425003052 0.02401357889175415 0.0976991057395935
0 0.39869117736816406 0.4731990694999695 0.031250566244125366 0.036020368337631226
0 0.4657976031303406 0.4440867304801941 0.030592650175094604 0.05526414513587952
0 0.5184301137924194 0.4692516326904297 0.02598726749420166 0.02911233901977539
1 0.668103814125061 0.4761596620082855 0.0029605627059936523 0.00789487361907959
0 0.4115203619003296 0.47171878814697266 0.009210705757141113 0.02615177631378174
0 0.5480358600616455 0.45099472999572754 0.011184394359588623 0.013816028833389282
0 0.4171125590801239 0.46333047747612 0.011842310428619385 0.016776621341705322
0 0.5960630774497986 0.4648107886314392 0.01578974723815918 0.017763465642929077
1 0.3115186095237732 0.5482003688812256 0.027632057666778564 0.09227132797241211
0 0.6098790764808655 0.4746793508529663 0.028618931770324707 0.03305980563163757
0 0.3707301616668701 0.4924428462982178 0.03684273362159729 0.041448116302490234
0 0.6171160936355591 0.4801070988178253 0.025000393390655518 0.02615177631378174
0 0.5782996416091919 0.460863322019577 0.01842135190963745 0.024671494960784912
0 0.5967209339141846 0.47023850679397583 0.010197579860687256 0.019243746995925903
0 0.6323577761650085 0.5103711485862732 0.06546163558959961 0.07993555068969727
0 0.5250091552734375 0.4495144486427307 0.010197579860687256 0.017763465642929077
0 0.38191458582878113 0.48701509833335876 0.028618931770324707 0.03602033853530884
0 0.49342969059944153 0.4440867304801941 0.011184394359588623 0.013816028833389282
1 0.3671116828918457 0.4613567590713501 0.011184394359588623 0.02713865041732788
0 0.5552728176116943 0.4539552927017212 0.00822383165359497 0.016776591539382935
0 0.39309898018836975 0.48306766152381897 0.027632057666778564 0.03157949447631836
1 0.01710556261241436 0.531423807144165 0.02171090617775917 0.08684363961219788
0 0.42237579822540283 0.4495144486427307 0.02861890196800232 0.04588896036148071
0 0.4842190146446228 0.4495144486427307 0.01118442416191101 0.020724058151245117
0 0.537838339805603 0.4480341672897339 0.01578974723815918 0.02368462085723877
0 0.1916486918926239 0.6113595366477966 0.20164817571640015 0.23210927844047546
1 0.3595457673072815 0.4672779142856598 0.00822383165359497 0.02368462085723877
1 0.3153020441532135 0.5454866886138916 0.019572138786315918 0.08857041597366333
1 0.43323126435279846 0.5333974957466125 0.017105579376220703 0.08240273594856262
1 0.40099385380744934 0.5358646512031555 0.017105579376220703 0.08437648415565491
0 0.5132766962051392 0.5532994270324707 0.07039600610733032 0.08141589164733887
0 0.4473762512207031 0.4455670118331909 0.005592226982116699 0.015296339988708496
