0 0.3845462203025818 0.5477069616317749 0.022039860486984253 0.02911233901977539
1 0.9167923331260681 0.6113593578338623 0.03157949447631836 0.09177792072296143
0 0.5289566516876221 0.5353711843490601 0.009210646152496338 0.01924377679824829
0 0.6292873620986938 0.6083987951278687 0.06250113248825073 0.10065966844558716
0 0.17763468623161316 0.6153068542480469 0.045066580176353455 0.07154732942581177
0 0.05616874620318413 0.639978289604187 0.11233749240636826 0.10065966844558716
0 0.40033596754074097 0.5393186807632446 0.03486904501914978 0.033059775829315186
0 0.3246767520904541 0.5585623979568481 0.056908875703811646 0.041448116302490234
0 0.4305996298789978 0.5324106216430664 0.02401357889175415 0.01924377679824829
0 0.4921138882637024 0.5353711843490601 0.02039507031440735 0.020723998546600342
0 0.38553306460380554 0.5407989621162415 0.030263662338256836 0.03157949447631836
0 0.9041188955307007 0.8278840184211731 0.19176214933395386 0.3442319631576538
0 0.2512136697769165 0.5955700278282166 0.10844333469867706 0.11973702907562256
1 0.15131843090057373 0.5491872429847717 0.018750324845314026 0.028125524520874023
1 0.21414849162101746 0.5541214942932129 0.012829169631004333 0.04588896036148071
0 0.7480393648147583 0.5407989621162415 0.0828961730003357 0.03157949447631836
0 0.03215516731142998 0.6592220664024353 0.06431033462285995 0.11743628978729248
0 0.3627261817455292 0.5526416897773743 0.004934430122375488 0.015296339988708496
0 0.3579009771347046 0.5501741170883179 0.030263692140579224 0.030592620372772217
0 0.549351692199707 0.5407989621162415 0.05065876245498657 0.05526411533355713
0 0.7848821878433228 0.5546150207519531 0.04769819974899292 0.027632057666778564
0 0.47204774618148804 0.5240223407745361 0.010197550058364868 0.010855436325073242
0 0.4674423933029175 0.5324106216430664 0.014802873134613037 0.01924377679824829
0 0.342769980430603 0.5553555488586426 0.0409543514251709 0.03651350736618042
0 0.5105352401733398 0.5269829034805298 0.011842310428619385 0.012335777282714844
0 0.09737012535333633 0.602971076965332 0.15263424813747406 0.11743628978729248
0 0.3901383876800537 0.5432660579681396 0.023026734590530396 0.02615177631378174
0 0.5289566516876221 0.5284631848335266 0.01381605863571167 0.017763495445251465
0 0.4829031825065613 0.5309303402900696 0.020395100116729736 0.02368462085723877
1 0.3457297384738922 0.5289566516876221 0.004276394844055176 0.006414592266082764
0 0.8033034801483154 0.525502622127533 0.03125053644180298 0.02615177631378174
0 0.5611940622329712 0.5477069616317749 0.04144805669784546 0.0537838339805603
0 0.03215516731142998 0.5699113011360168 0.06431033462285995 0.03996777534484863
0 0.3598747253417969 0.5501741170883179 0.023026704788208008 0.027632057666778564
0 0.44902101159095764 0.5407989025115967 0.028618931770324707 0.03848749399185181
0 0.5105352401733398 0.5516543984413147 0.03947436809539795 0.045395493507385254
0 0.3597923815250397 0.5447463989257812 0.04169487953186035 0.03565031290054321
0 0.07368549704551697 0.5600427389144897 0.0634879544377327 0.01924377679824829
0 0.4674423933029175 0.52303546667099 0.00822383165359497 0.005427718162536621
0 0.8069220185279846 0.670570969581604 0.26020193099975586 0.26053088903427124
0 0.6855382919311523 0.6315900087356567 0.12237054109573364 0.15444350242614746
0 0.5125089883804321 0.5269829034805298 0.014802873134613037 0.012335777282714844
