0 0.40691500902175903 0.45642244815826416 0.04046124219894409 0.03305980563163757
0 0.5894839763641357 0.47023850679397583 0.06381690502166748 0.030592650175094604
0 0.3404664993286133 0.4480341672897339 0.024013549089431763 0.019243746995925903
0 0.6181029081344604 0.46629106998443604 0.009210705757141113 0.01085546612739563
0 0.4733635187149048 0.44260644912719727 0.03782960772514343 0.02072402834892273
1 0.4861927032470703 0.4840545058250427 0.021710902452468872 0.038487523794174194
0 0.5240223407745361 0.4392760396003723 0.04029667377471924 0.020724058151245117
0 0.3513219356536865 0.4648107886314392 0.03782960772514343 0.0345400869846344
0 0.34671658277511597 0.4401392936706543 0.030592650175094604 0.022204339504241943
0 0.44112613797187805 0.43964606523513794 0.04046124219894409 0.02072402834892273
0 0.3615194857120514 0.4401392936706543 0.014802873134613037 0.02072402834892273
0 0.4157962203025818 0.49182623624801636 0.06283038854598999 0.06772363185882568
0 0.6424455046653748 0.4712256193161011 0.020888686180114746 0.022697776556015015
1 0.14704203605651855 0.4766530990600586 0.026645198464393616 0.09671223163604736
