0 0.5483648777008057 0.5166208744049072 0.018092453479766846 0.009868621826171875
0 0.6871830821037292 0.5106997489929199 0.014473915100097656 0.020724058151245117
0 0.7838945984840393 0.5116865634918213 0.017434358596801758 0.02171093225479126
0 0.7937638759613037 0.5047785639762878 0.01611870527267456 0.024178028106689453
0 0.5875102877616882 0.5146471261978149 0.005921125411987305 0.008881747722625732
0 0.73323655128479 0.5097128748893738 0.018092453479766846 0.027138620615005493
0 0.5973788499832153 0.5166208744049072 0.018092453479766846 0.011842310428619385
0 0.6700775623321533 0.5106997489929199 0.013158142566680908 0.021710902452468872
0 0.7638286352157593 0.5106995105743408 0.012500226497650146 0.01924365758895874
0 0.5687599182128906 0.5156340599060059 0.006579101085662842 0.00592118501663208
0 0.7437630295753479 0.5087260007858276 0.014473915100097656 0.025164932012557983
0 0.5628387928009033 0.5166208744049072 0.013158082962036133 0.010855436325073242
0 0.7246837615966797 0.5077391862869263 0.01381605863571167 0.02417808771133423
