0 0.526324987411499 0.5106997489929199 0.007236957550048828 0.006907999515533447
0 0.5588913559913635 0.5916222333908081 0.08585679531097412 0.10362023115158081
0 0.47040295600891113 0.5156340599060059 0.009210675954818726 0.01381605863571167
0 0.04375076666474342 0.5467200875282288 0.04243495315313339 0.031086087226867676
0 0.49836400151252747 0.5077391862869263 0.025329411029815674 0.03996783494949341
0 0.2746758460998535 0.5279697775840759 0.01940825581550598 0.012829184532165527
0 0.11842312663793564 0.5437595248222351 0.04934297502040863 0.02911233901977539
0 0.41184931993484497 0.5156340599060059 0.009210675954818726 0.003947436809539795
0 0.44902104139328003 0.5077391266822815 0.04243496060371399 0.07796189188957214
0 0.20625361800193787 0.5319172143936157 0.00921069085597992 0.01578974723815918
0 0.26612305641174316 0.5250092148780823 0.017434507608413696 0.01578974723815918
0 0.5171142816543579 0.5106997489929199 0.006579101085662842 0.006907999515533447
0 0.4829031825065613 0.5146471261978149 0.009210705757141113 0.010855495929718018
0 0.02730310894548893 0.5896484851837158 0.05329040810465813 0.10954141616821289
0 0.30066317319869995 0.5279697775840759 0.01875033974647522 0.010855436325073242
0 0.2901366651058197 0.5259960293769836 0.011184394359588623 0.010855436325073242
0 0.4977060854434967 0.5506675243377686 0.04539555311203003 0.05181014537811279
0 0.3957306146621704 0.5146471261978149 0.007236957550048828 0.008881747722625732
0 0.40263861417770386 0.5126734972000122 0.00789487361907959 0.008881747722625732
0 0.043750762939453125 0.5398120880126953 0.046053435653448105 0.025164902210235596
0 0.4286259412765503 0.5225420594215393 0.0019737184047698975 0.0029605627059936523
0 0.42007309198379517 0.5141538381576538 0.005921155214309692 0.003947436809539795
0 0.35658520460128784 0.5156340599060059 0.008552759885787964 0.01381605863571167
0 0.33125579357147217 0.5215551853179932 0.009210705757141113 0.008881688117980957
0 0.3480324149131775 0.5250091552734375 0.011184394359588623 0.01381605863571167
0 0.22237232327461243 0.5299434661865234 0.03256635367870331 0.023191213607788086
0 0.2940841019153595 0.5259960889816284 0.011842310428619385 0.01381605863571167
0 0.4019806981086731 0.5319172143936157 0.025329381227493286 0.02615177631378174
