0 0.5296145081520081 0.5353711843490601 0.00789487361907959 0.010855495929718018
0 0.5365225076675415 0.5353711843490601 0.006579101085662842 0.00789487361907959
0 0.5016534924507141 0.5324106216430664 0.00723692774772644 0.0049343109130859375
0 0.5009956359863281 0.5812602043151855 0.051316678524017334 0.05723780393600464
0 0.4946358799934387 0.545404314994812 0.020066112279891968 0.01570749282836914
0 0.4750083088874817 0.5442529916763306 0.012829184532165527 0.014802873134613037
0 0.3687564432621002 0.5575755834579468 0.03190845251083374 0.03799408674240112
0 0.05304368957877159 0.6202411651611328 0.10608737915754318 0.20625358819961548
0 0.5725979804992676 0.5324106216430664 0.024452388286590576 0.017763614654541016
0 0.28947874903678894 0.5861944556236267 0.049342989921569824 0.04983639717102051
0 0.5796154141426086 0.5393186807632446 0.018750309944152832 0.01924377679824829
