0 0.9657154083251953 0.8773179650306702 0.06856924295425415 0.22500395774841309
0 0.48750853538513184 0.36809855699539185 0.08289620280265808 0.05921158194541931
0 0.35860589146614075 0.4574797749519348 0.036419808864593506 0.04687580466270447
0 0.488495409488678 0.5405028462409973 0.17309510707855225 0.29684722423553467
0 0.8716347813606262 0.7021504640579224 0.25673043727874756 0.23881995677947998
1 0.10822558403015137 0.46974506974220276 0.031250543892383575 0.11694282293319702
0 0.5868523716926575 0.46333047747612 0.03782963752746582 0.062172114849090576
0 0.3865199089050293 0.457902729511261 0.02861890196800232 0.04539552330970764
0 0.2992650866508484 0.44852757453918457 0.0740966796875 0.08536335825920105
0 0.5786285400390625 0.7598817348480225 0.3174397647380829 0.4095466136932373
1 0.7031373977661133 0.45124155282974243 0.024178028106689453 0.08906403183937073
0 0.380927711725235 0.45888960361480713 0.02401357889175415 0.04292836785316467
1 0.8621861934661865 0.5294500589370728 0.04473763704299927 0.11792969703674316
0 0.9343825578689575 0.5102062821388245 0.13123482465744019 0.09128448367118835
0 0.3421112298965454 0.4608633518218994 0.014802902936935425 0.04539552330970764
0 0.3993490934371948 0.45642244815826416 0.014802873134613037 0.03996780514717102
