0 0.426652193069458 0.560042679309845 0.04276391863822937 0.05279695987701416
0 0.5085615515708923 0.5324106216430664 0.011513352394104004 0.014802873134613037
0 0.6059316396713257 0.5156340599060059 0.011842310428619385 0.00592118501663208
0 0.5028056502342224 0.5259971022605896 0.0075654685497283936 0.009374856948852539
0 0.32566359639167786 0.6236951351165771 0.11085718870162964 0.12434428930282593
0 0.19836241006851196 0.6218041181564331 0.1165572851896286 0.1041136384010315
0 0.49715861678123474 0.58438640832901 0.06655758619308472 0.09128451347351074
0 0.4516526460647583 0.5299434661865234 0.003947436809539795 0.0049343109130859375
0 0.4092176854610443 0.5496806502342224 0.00822383165359497 0.028618931770324707
0 0.3904673457145691 0.5319172143936157 0.003289550542831421 0.003947436809539795
0 0.634221613407135 0.5176076889038086 0.005921125411987305 0.003947436809539795
0 0.46599504351615906 0.5320159196853638 0.014802873134613037 0.01855289936065674
0 0.4782978296279907 0.532904863357544 0.008552759885787964 0.012335717678070068
0 0.4154677987098694 0.5324106216430664 0.011842310428619385 0.006414592266082764
0 0.6417875289916992 0.5225419998168945 0.04736924171447754 0.03503352403640747
0 0.5036288499832153 0.5420355796813965 0.027799665927886963 0.011600315570831299
0 0.4901401400566101 0.5250091552734375 0.014802902936935425 0.0310860276222229
0 0.4806005358695984 0.5274763107299805 0.0055921971797943115 0.00592118501663208
