0 0.5013245344161987 0.36020368337631226 0.033224284648895264 0.05526414513587952
0 0.42632317543029785 0.38364148139953613 0.019408196210861206 0.038487523794174194
0 0.27961015701293945 0.4731990694999695 0.1075676679611206 0.11299538612365723
0 0.6338926553726196 0.45247501134872437 0.07368546724319458 0.08289620280265808
0 0.8675228357315063 0.6967227458953857 0.26495426893234253 0.2703995108604431
0 0.5585623979568481 0.38487517833709717 0.013815999031066895 0.030592650175094604
0 0.4654686748981476 0.3671116828918457 0.01842135190963745 0.024671494960784912
0 0.5814245343208313 0.3979509472846985 0.040461182594299316 0.04835611581802368
0 0.3881646990776062 0.40263861417770386 0.05625098943710327 0.07598817348480225
0 0.6042869091033936 0.4194152355194092 0.05230355262756348 0.07450789213180542
0 0.6822486519813538 0.4041188359260559 0.03207290172576904 0.04687580466270447
0 0.4231981039047241 0.3537888824939728 0.00970408320426941 0.017270028591156006
0 0.549351692199707 0.38191458582878113 0.016447603702545166 0.022204339504241943
0 0.6467217206954956 0.38290131092071533 0.035855889320373535 0.037747353315353394
0 0.7506710290908813 0.5708981156349182 0.19506919384002686 0.20674702525138855
0 0.1361865997314453 0.5560952425003052 0.20329302549362183 0.20131930708885193
0 0.5750100612640381 0.3878357410430908 0.03848755359649658 0.04539552330970764
0 0.4177704453468323 0.4001714587211609 0.022039860486984253 0.05082324147224426
0 0.4447445273399353 0.37155240774154663 0.02977028489112854 0.0337999165058136
0 0.5786285400390625 0.4070794880390167 0.023026704788208008 0.0537838339805603
