0 0.47040295600891113 0.5368515253067017 0.007236987352371216 0.00592118501663208
0 0.699354350566864 0.5368515253067017 0.0253293514251709 0.014802873134613037
0 0.7059333920478821 0.5250091552734375 0.01809239387512207 0.011842310428619385
0 0.1842137575149536 0.5437595248222351 0.018092408776283264 0.021710872650146484
0 0.9194239974021912 0.5329040288925171 0.08388304710388184 0.01776343584060669
0 0.48356109857559204 0.5358645915985107 0.009210705757141113 0.014802873134613037
0 0.4503368139266968 0.5319172143936157 0.018092423677444458 0.031086087226867676
0 0.8562649488449097 0.5309303402900696 0.0325663685798645 0.018750309944152832
0 0.8223828077316284 0.5319172143936157 0.04046124219894409 0.024178028106689453
1 0.0940805971622467 0.5807667374610901 0.015131838619709015 0.05575752258300781
0 0.7970534563064575 0.5279697179794312 0.017434537410736084 0.014802873134613037
0 0.4789557456970215 0.5388252139091492 0.010526508092880249 0.013815999031066895
0 0.5407989025115967 0.5348777770996094 0.011184394359588623 0.0049343109130859375
0 0.5720494985580444 0.5250091552734375 0.049342989921569824 0.03207296133041382
0 0.5407989025115967 0.5467201471328735 0.03190845251083374 0.025164902210235596
