0 0.5720494985580444 0.5176077485084534 0.003947436809539795 0.005921125411987305
0 0.4996798038482666 0.5037916898727417 0.024671465158462524 0.03404662013053894
0 0.16085807979106903 0.5279697775840759 0.024671494960784912 0.005921125411987305
0 0.7092229127883911 0.5106997489929199 0.019408226013183594 0.0098685622215271
0 0.550338625907898 0.5664572715759277 0.05065876245498657 0.04983639717102051
0 0.4944165349006653 0.533890962600708 0.02927681803703308 0.03799408674240112
0 0.6240240931510925 0.5176077485084534 0.008552789688110352 0.005921125411987305
0 0.5588913559913635 0.5097128748893738 0.020066142082214355 0.02911233901977539
0 0.25016820430755615 0.5274762511253357 0.022039860486984253 0.012335658073425293
0 0.09835698455572128 0.5319172143936157 0.019408240914344788 0.011842310428619385
0 0.43717870116233826 0.5176077485084534 0.009210705757141113 0.012829184532165527
0 0.39507269859313965 0.533890962600708 0.025987297296524048 0.03602033853530884
0 0.24342530965805054 0.5634967088699341 0.07796190679073334 0.07006704807281494
0 0.5829049348831177 0.5166208744049072 0.007236957550048828 0.011842310428619385
0 0.22156289219856262 0.521478533744812 0.019965291023254395 0.015410125255584717
0 0.07401445508003235 0.537838339805603 0.025329388678073883 0.012829184532165527
0 0.27796536684036255 0.5309303402900696 0.02927681803703308 0.017763495445251465
0 0.34474289417266846 0.5516543388366699 0.041119128465652466 0.03799408674240112
0 0.264807790517807 0.5128706693649292 0.06500124931335449 0.04174378514289856
0 0.4671134352684021 0.5225420594215393 0.01611870527267456 0.01578974723815918
0 0.7457367181777954 0.5037916898727417 0.0098685622215271 0.0029605627059936523
0 0.2993473410606384 0.5457332134246826 0.04868507385253906 0.048849523067474365
0 0.5960630178451538 0.5319172143936157 0.02401357889175415 0.02615177631378174
0 0.45099472999572754 0.520568311214447 0.00789487361907959 0.009868621826171875
0 0.42928382754325867 0.5146471261978149 0.009210705757141113 0.011842310428619385
0 0.020724046975374222 0.5457332134246826 0.040461234748363495 0.02615177631378174
0 0.5674441456794739 0.5146471261978149 0.0032895803451538086 0.011842310428619385
0 0.47402113676071167 0.5097126960754395 0.012500077486038208 0.01628321409225464
0 0.5335619449615479 0.5176077485084534 0.020724058151245117 0.02615177631378174
0 0.14112088084220886 0.5319172143936157 0.008552774786949158 0.00789487361907959
0 0.5907998085021973 0.5146471261978149 0.010526537895202637 0.01381605863571167
0 0.2036219835281372 0.5319172143936157 0.0325663685798645 0.014802873134613037
0 0.031250547617673874 0.5388252139091492 0.0365137979388237 0.027138590812683105
0 0.0034540079068392515 0.6123462319374084 0.006908015813678503 0.0730276107788086
0 0.35461145639419556 0.5348777770996094 0.031250566244125366 0.018750309944152832
0 0.4750083088874817 0.5205683708190918 0.008552789688110352 0.016776621341705322
