0 0.5072457194328308 0.5121800303459167 0.015131831169128418 0.017763495445251465
0 0.8625150918960571 0.7786320447921753 0.27368903160095215 0.4075729250907898
0 0.5320481657981873 0.512179970741272 0.015131831169128418 0.01924377679824829
0 0.39434805512428284 0.5460295677185059 0.02960604429244995 0.03799408674240112
0 0.5338906645774841 0.536975085735321 0.016982555389404297 0.03139472007751465
0 0.3917831778526306 0.5501741170883179 0.019408226013183594 0.024178028106689453
0 0.4579036831855774 0.5153059959411621 0.01217147707939148 0.014473497867584229
0 0.5190880298614502 0.512179970741272 0.01019752025604248 0.01381605863571167
1 0.4263232350349426 0.5235289335250854 0.006579071283340454 0.01924377679824829
0 0.08667914569377899 0.6611957550048828 0.17335829138755798 0.20279961824417114
0 0.5301082134246826 0.5255029201507568 0.010690927505493164 0.01924377679824829
0 0.5539571046829224 0.5501741170883179 0.04769819974899292 0.06759989261627197
0 0.40263861417770386 0.536358118057251 0.03223741054534912 0.03799408674240112
0 0.01611870341002941 0.7199139595031738 0.028947874903678894 0.17220693826675415
0 0.37040120363235474 0.5605361461639404 0.038158565759658813 0.043421804904937744
0 0.34836137294769287 0.577312707901001 0.04243496060371399 0.05723780393600464
0 0.5217196941375732 0.5121800303459167 0.007565915584564209 0.010362029075622559
1 0.42029350996017456 0.5320823192596436 0.0063596367835998535 0.02598661184310913
0 0.532412052154541 0.5403079390525818 0.011430680751800537 0.036389827728271484
0 0.5115220546722412 0.5250091552734375 0.01611870527267456 0.022697746753692627
0 0.6755050420761108 0.5556018352508545 0.050987422466278076 0.05205643177032471
0 0.39671748876571655 0.5960630774497986 0.06611958146095276 0.06759989261627197
0 0.5184301137924194 0.540305495262146 0.017763495445251465 0.016776621341705322
0 0.3274744749069214 0.5935959219932556 0.06250068545341492 0.06562554836273193
0 0.4490213990211487 0.5289566516876221 0.01611870527267456 0.022697746753692627
0 0.4536263644695282 0.5235289335250854 0.011184394359588623 0.016776621341705322
0 0.4565404951572418 0.5262078046798706 0.01240628957748413 0.01924377679824829
