0 0.09835697710514069 0.48701512813568115 0.04243495315313339 0.026995569467544556
1 0.5167853832244873 0.7189270257949829 0.09605434536933899 0.37500661611557007
0 0.1886557638645172 0.5240223407745361 0.07121804356575012 0.07376724481582642
0 0.18224003911018372 0.4847816824913025 0.016447648406028748 0.009868592023849487
0 0.891602098941803 0.587378740310669 0.21679580211639404 0.12839049100875854
0 0.3021690845489502 0.4978705644607544 0.017953574657440186 0.024671465158462524
0 0.21460899710655212 0.49096253514289856 0.014605551958084106 0.01924377679824829
1 0.9949100017547607 0.4919493794441223 0.010180056095123291 0.03355321288108826
0 0.292439341545105 0.4942931830883026 0.018914788961410522 0.024424731731414795
0 0.15310539305210114 0.4825742244720459 0.010197550058364868 0.006908029317855835
0 0.3194957375526428 0.5002143383026123 0.028043240308761597 0.03643155097961426
1 0.27401795983314514 0.7559342980384827 0.11250197887420654 0.37994086742401123
0 0.17401620745658875 0.49096253514289856 0.007236972451210022 0.005427718162536621
0 0.15625274181365967 0.5023114085197449 0.03026367723941803 0.03996777534484863
0 0.028581535443663597 0.49096256494522095 0.057163070887327194 0.032185107469558716
0 0.27796539664268494 0.49096256494522095 0.011184394359588623 0.017763465642929077
0 0.3952081501483917 0.4939231276512146 0.04920750856399536 0.03445303440093994
0 0.21250371634960175 0.49096253514289856 0.0055921971797943115 0.010855436325073242
0 0.2564813494682312 0.48553478717803955 0.01743452250957489 0.012335747480392456
1 0.45987647771835327 0.7944541573524475 0.13980507850646973 0.411091685295105
0 0.42535677552223206 0.526118278503418 0.0802849531173706 0.08693534135818481
0 0.20987209677696228 0.488495409488678 0.003618478775024414 0.005427747964859009
0 0.28520235419273376 0.4939231276512146 0.007236957550048828 0.019243746995925903
0 0.11410169303417206 0.521169900894165 0.045323438942432404 0.06069186329841614
0 0.3634932041168213 0.49639028310775757 0.02548050880432129 0.028712302446365356
0 0.052785228937864304 0.5604656338691711 0.10557045787572861 0.11814117431640625
0 0.08771606534719467 0.5299434661865234 0.06228655204176903 0.06779295206069946
0 0.19983921945095062 0.48676806688308716 0.017763853073120117 0.009868592023849487
0 0.19145071506500244 0.488495409488678 0.012171238660812378 0.004194110631942749
0 0.2227012664079666 0.49096253514289856 0.007236957550048828 0.016776621341705322
0 0.1325681060552597 0.4840545058250427 0.025658339262008667 0.013816028833389282
0 0.3559272885322571 0.4924428462982178 0.01644766330718994 0.0197618305683136
0 0.14177879691123962 0.5161274671554565 0.02927681803703308 0.05230355262756348
0 0.3809277415275574 0.525502622127533 0.036946624517440796 0.06611958146095276
0 0.3329005539417267 0.5077391266822815 0.03353613615036011 0.03648814558982849
0 0.18322688341140747 0.48948225378990173 0.011842325329780579 0.003947436809539795
0 0.9726628065109253 0.5351252555847168 0.05467432737350464 0.06192713975906372
