0 0.8812219500541687 0.8118475675582886 0.2375560998916626 0.37630486488342285
0 0.32401883602142334 0.5461976528167725 0.05855366587638855 0.06504565477371216
0 0.4631659984588623 0.5516543984413147 0.0424349308013916 0.04983639717102051
0 0.9115290641784668 0.6103725433349609 0.05855363607406616 0.04983639717102051
0 0.45941591262817383 0.5129694938659668 0.007500141859054565 0.009177803993225098
0 0.4684292674064636 0.5126734375953674 0.009539633989334106 0.009868621826171875
0 0.42443180084228516 0.5304368734359741 0.015460819005966187 0.014556169509887695
0 0.41060662269592285 0.5326847434043884 0.015095293521881104 0.01337742805480957
0 0.03322426602244377 0.6103725433349609 0.06579063087701797 0.09375160932540894
0 0.4039544463157654 0.5457332134246826 0.04243496060371399 0.04490208625793457
0 0.7526447772979736 0.5827404260635376 0.1710556149482727 0.09079104661941528
0 0.4343773126602173 0.5251683592796326 0.013455241918563843 0.013784170150756836
