0 0.36612483859062195 0.5102063417434692 0.011842310428619385 0.012335717678070068
1 0.5608651041984558 0.570898175239563 0.03157949447631836 0.10312682390213013
0 0.23980683088302612 0.6103725433349609 0.24342530965805054 0.11496913433074951
1 0.5243512988090515 0.7732043266296387 0.10625186562538147 0.4228692054748535
0 0.3348742723464966 0.5353711843490601 0.011184394359588623 0.029112398624420166
0 0.3789413571357727 0.5190880298614502 0.01644766330718994 0.017763495445251465
1 0.3542824983596802 0.8086402416229248 0.13421288132667542 0.3827194571495056
1 0.8003429770469666 0.5630033016204834 0.03157949447631836 0.10065966844558716
1 0.7407202124595642 0.575955867767334 0.027878761291503906 0.09239470958709717
0 0.5506675243377686 0.5398120880126953 0.059869468212127686 0.08437648415565491
0 0.475652813911438 0.5106997489929199 0.006579071283340454 0.022204339504241943
0 0.4982713460922241 0.5146471858024597 0.025987297296524048 0.0345400869846344
1 0.8996868133544922 0.5437595248222351 0.0365138053894043 0.09917938709259033
0 0.4592185616493225 0.5102062821388245 0.026645183563232422 0.015296339988708496
1 0.6483665704727173 0.5250091552734375 0.01611870527267456 0.05871814489364624
1 0.7825794816017151 0.5541215538978577 0.028947830200195312 0.09671223163604736
0 0.4361918568611145 0.5116865634918213 0.014802902936935425 0.0098685622215271
1 0.8588966131210327 0.56843101978302 0.03486907482147217 0.1327325701713562
1 0.7954755425453186 0.7747833132743835 0.1505945920944214 0.43066537380218506
0 0.250004380941391 0.5452398061752319 0.03519798815250397 0.024671435356140137
0 0.44961315393447876 0.5125747919082642 0.01144757866859436 0.01411205530166626
1 0.5088905096054077 0.5669506788253784 0.03157952427864075 0.08783048391342163
0 0.4424419403076172 0.5102063417434692 0.010197550058364868 0.01381605863571167
1 0.7605396509170532 0.5501741170883179 0.03486901521682739 0.09819251298904419
1 0.14636418223381042 0.532291054725647 0.012829169631004333 0.01924377679824829
0 0.41989371180534363 0.507021427154541 0.019408226013183594 0.03700721263885498
1 0.4766530692577362 0.570898175239563 0.0365138053894043 0.09671217203140259
0 0.45658695697784424 0.5215551853179932 0.025000423192977905 0.030592679977416992
1 0.19454285502433777 0.5185946226119995 0.015066057443618774 0.023191213607788086
1 0.4138230085372925 0.5171142816543579 0.005921155214309692 0.01924377679824829
1 0.06899791955947876 0.724848210811615 0.13799583911895752 0.3172752857208252
0 0.4111914038658142 0.5309303402900696 0.01644766330718994 0.03996777534484863
0 0.38613224029541016 0.5190880298614502 0.008223801851272583 0.016776561737060547
1 0.20724046230316162 0.7885006666183472 0.15625272691249847 0.3671116828918457
0 0.3951549530029297 0.5185946226119995 0.017434507608413696 0.01776343584060669
0 0.45494216680526733 0.5092194080352783 0.03782960772514343 0.016776621341705322
1 0.35943612456321716 0.5185946226119995 0.004824638366699219 0.014473974704742432
0 0.31531423330307007 0.5322778224945068 0.04144808650016785 0.04315608739852905
0 0.2131616175174713 0.5398120880126953 0.0690801590681076 0.03996777534484863
1 0.27961015701293945 0.5210617780685425 0.007565915584564209 0.01529628038406372
1 0.7681055068969727 0.5491872429847717 0.022039830684661865 0.09177792072296143
0 0.3845461905002594 0.5116865634918213 0.01578974723815918 0.010855495929718018
0 0.48158735036849976 0.5106997489929199 0.013816028833389282 0.022204339504241943
0 0.40296757221221924 0.5102062821388245 0.011184394359588623 0.005427718162536621
1 0.2131616175174713 0.5477069616317749 0.016118690371513367 0.028125524520874023
1 0.37730923295021057 0.8000052571296692 0.16052913665771484 0.3999894857406616
0 0.15855541825294495 0.5728718638420105 0.08125142753124237 0.07598817348480225
0 0.28125491738319397 0.5452398061752319 0.04046124219894409 0.037500619888305664
1 0.7595528364181519 0.5761614441871643 0.029825150966644287 0.11941003799438477
0 0.502406120300293 0.518706738948822 0.028618931770324707 0.03305983543395996
1 0.5945279598236084 0.5216648578643799 0.008552789688110352 0.04254460334777832
0 0.36776959896087646 0.520568311214447 0.00822383165359497 0.010855436325073242
1 0.858238697052002 0.5541215538978577 0.028947830200195312 0.09671223163604736
0 0.4055992066860199 0.5171142816543579 0.011842310428619385 0.016776621341705322
1 0.5937603712081909 0.7006701231002808 0.08750152587890625 0.314808189868927
1 0.20230618119239807 0.7505065202713013 0.10625185072422028 0.314808189868927
0 0.4847273826599121 0.5131669044494629 0.011184394359588623 0.016776621341705322
0 0.30428165197372437 0.5422792434692383 0.025987297296524048 0.03194957971572876
