0 0.29145246744155884 0.5092194080352783 0.033224284648895264 0.03996783494949341
1 0.810540497303009 0.5531346797943115 0.04671132564544678 0.09177792072296143
0 0.8164616823196411 0.4993508458137512 0.037829577922821045 0.03454005718231201
0 0.4131651222705841 0.48553481698036194 0.007236957550048828 0.005427718162536621
1 0.735605001449585 0.5818522572517395 0.037763774394989014 0.17615437507629395
0 0.9215534329414368 0.5778061151504517 0.15689313411712646 0.11447566747665405
0 0.4187573194503784 0.48701509833335876 0.00822383165359497 0.003947436809539795
0 0.3309926390647888 0.5024101138114929 0.023421436548233032 0.023783326148986816
0 0.41612571477890015 0.4993508458137512 0.01282915472984314 0.022204309701919556
0 0.40181612968444824 0.4899756908416748 0.010197550058364868 0.012335747480392456
0 0.9328776001930237 0.4927387833595276 0.06052720546722412 0.03305980563163757
0 0.15263426303863525 0.5131669044494629 0.024506881833076477 0.030962646007537842
1 0.8700810074806213 0.48306766152381897 0.008552789688110352 0.01924377679824829
0 0.4177704453468323 0.48553481698036194 0.0055921971797943115 0.003947436809539795
0 0.39252299070358276 0.4971303641796112 0.019654899835586548 0.022204339504241943
0 0.35230880975723267 0.5047785639762878 0.02861890196800232 0.027632087469100952
0 0.41974419355392456 0.4884953796863556 0.0055921971797943115 0.003947436809539795
0 0.900344729423523 0.5590558052062988 0.1881611943244934 0.11052829027175903
0 0.9704117178916931 0.5062588453292847 0.05888259410858154 0.030592650175094604
0 0.4115203619003296 0.47023850679397583 0.005592226982116699 0.006908029317855835
0 0.9905513525009155 0.4746793508529663 0.018897294998168945 0.04835611581802368
0 0.7381708025932312 0.4924428462982178 0.009210705757141113 0.015296339988708496
0 0.12730485200881958 0.5159159898757935 0.03571488708257675 0.03454005718231201
0 0.261846661567688 0.4954034090042114 0.01842138171195984 0.010855436325073242
0 0.8773180246353149 0.5023114085197449 0.07565921545028687 0.03454005718231201
0 0.16875295341014862 0.5131669044494629 0.04144808650016785 0.03602033853530884
0 0.8496859073638916 0.4993508458137512 0.02598726749420166 0.017763495445251465
0 0.9544486999511719 0.5950762033462524 0.09110254049301147 0.12434422969818115
0 0.8190932273864746 0.4954034090042114 0.04046124219894409 0.03157949447631836
1 0.6936957836151123 0.5209620594978333 0.02184271812438965 0.05121693015098572
0 0.22401708364486694 0.5259960293769836 0.0480271577835083 0.05526411533355713
0 0.19474025070667267 0.5077391266822815 0.030592650175094604 0.036020368337631226
0 0.34309810400009155 0.5452398061752319 0.06447482109069824 0.06908011436462402
0 0.5533649325370789 0.5281671285629272 0.27020207047462463 0.42869171500205994
0 0.02154642902314663 0.8482056260108948 0.04309285804629326 0.2151353359222412
0 0.26842573285102844 0.5338909029960632 0.06447480618953705 0.07056042551994324
1 0.7365260124206543 0.5950762033462524 0.04243499040603638 0.16825950145721436
0 0.2289513647556305 0.497870534658432 0.019408240914344788 0.006907999515533447
1 0.7187625765800476 0.56843101978302 0.019408226013183594 0.1401340365409851
0 0.415138840675354 0.488495409488678 0.009210705757141113 0.006908029317855835
1 0.6978030204772949 0.6138261556625366 0.02824300527572632 0.17100822925567627
0 0.4059281647205353 0.4954034090042114 0.012829184532165527 0.015296339988708496
0 0.3674403429031372 0.4988575577735901 0.01447400450706482 0.018256813287734985
0 0.24539902806282043 0.4993508458137512 0.01743452250957489 0.013816028833389282
