0 0.22006964683532715 0.5467200875282288 0.012500211596488953 0.010855436325073242
0 0.15000377595424652 0.544253945350647 0.014970004558563232 0.010362327098846436
0 0.3500061333179474 0.5457332134246826 0.007236957550048828 0.0049343109130859375
0 0.18684537708759308 0.5536280870437622 0.003947436809539795 0.006907999515533447
0 0.8796206712722778 0.5506675243377686 0.06381690502166748 0.03996777534484863
0 0.5029693245887756 0.5526412725448608 0.022039860486984253 0.018750369548797607
0 0.7046176195144653 0.537838339805603 0.018092453479766846 0.019737184047698975
0 0.320895254611969 0.5427730083465576 0.009868592023849487 0.005921125411987305
0 0.4437577724456787 0.5388252139091492 0.007236957550048828 0.00789487361907959
0 0.9713985919952393 0.5457332134246826 0.035855889320373535 0.03602033853530884
0 0.6766566038131714 0.5329040884971619 0.014473974704742432 0.00789487361907959
0 0.1710556149482727 0.5506675243377686 0.015460804104804993 0.014802932739257812
0 0.6865251660346985 0.5457332134246826 0.03388214111328125 0.025164902210235596
0 0.40461236238479614 0.5477069616317749 0.013816028833389282 0.013815999031066895
0 0.7171177864074707 0.5486937761306763 0.04046124219894409 0.0310860276222229
0 0.7671186923980713 0.5407989025115967 0.011842310428619385 0.030099213123321533
0 0.8036324977874756 0.5368515253067017 0.00789487361907959 0.00789487361907959
