0 0.4657976031303406 0.5185946226119995 0.006579071283340454 0.00789487361907959
0 0.6312610507011414 0.5368515253067017 0.07105386257171631 0.03898090124130249
0 0.3733617663383484 0.533890962600708 0.017763495445251465 0.021217525005340576
0 0.3095448911190033 0.5329040288925171 0.00789487361907959 0.006907999515533447
0 0.4417840242385864 0.5225419998168945 0.006579071283340454 0.0098685622215271
0 0.34934818744659424 0.5358646512031555 0.022697776556015015 0.028125524520874023
0 0.9931007623672485 0.5348777770996094 0.013798534870147705 0.012829184532165527
1 0.12566009163856506 0.5664572715759277 0.010197550058364868 0.03404664993286133
0 0.4036254286766052 0.5289566516876221 0.013816028833389282 0.016776621341705322
0 0.8460675477981567 0.5116865634918213 0.11875206232070923 0.06167870759963989
0 0.4131649434566498 0.5860303044319153 0.06491357088088989 0.08355414867401123
0 0.27780085802078247 0.5457332134246826 0.030592620372772217 0.031086087226867676
0 0.9067597389221191 0.5099597573280334 0.04802745580673218 0.039227843284606934
0 0.25428077578544617 0.5595492720603943 0.034540072083473206 0.03602039813995361
0 0.9825829863548279 0.500831127166748 0.03388214111328125 0.03799411654472351
0 0.17039772868156433 0.5546149611473083 0.011184409260749817 0.012829184532165527
0 0.16447655856609344 0.7554408311843872 0.31809768080711365 0.3330650329589844
0 0.4865216612815857 0.5195814371109009 0.003947436809539795 0.0098685622215271
0 0.33947962522506714 0.5368515253067017 0.01381605863571167 0.011842310428619385
0 0.4793943166732788 0.5236934423446655 0.013816028833389282 0.016776621341705322
0 0.38279181718826294 0.5282989144325256 0.00910148024559021 0.010526537895202637
0 0.7138282656669617 0.5126734375953674 0.020724058151245117 0.009868621826171875
0 0.3059263825416565 0.5447463989257812 0.0289478600025177 0.022451043128967285
0 0.32665038108825684 0.5404701232910156 0.025987297296524048 0.02911233901977539
0 0.3175487220287323 0.6411300897598267 0.14397253096103668 0.1766485571861267
0 0.5088905096054077 0.5195814371109009 0.01644766330718994 0.010362029075622559
0 0.6871830821037292 0.5329040288925171 0.08651471138000488 0.04588896036148071
0 0.43915241956710815 0.5225419998168945 0.005263268947601318 0.0098685622215271
0 0.42237579822540283 0.5250091552734375 0.02861890196800232 0.019737184047698975
0 0.7871848344802856 0.5225419998168945 0.03848755359649658 0.04292839765548706
0 0.3922211527824402 0.6020669341087341 0.06968393921852112 0.1020582914352417
