0 0.5628387928009033 0.5116865634918213 0.019408226013183594 0.011842310428619385
0 0.7079071402549744 0.5047785639762878 0.014473915100097656 0.024178028106689453
0 0.8144879341125488 0.5047785639762878 0.018750309944152832 0.021710872650146484
0 0.8210669755935669 0.500831127166748 0.01611870527267456 0.027138620615005493
0 0.6006684303283691 0.5097128748893738 0.00592118501663208 0.00789487361907959
0 0.7605396509170532 0.5047785639762878 0.01940828561782837 0.027138590812683105
0 0.6174449920654297 0.5116865634918213 0.022039830684661865 0.012829184532165527
0 0.6904726028442383 0.5028048753738403 0.013158082962036133 0.02417805790901184
0 0.7911322712898254 0.5028048753738403 0.014473915100097656 0.021710902452468872
0 0.5822470188140869 0.5106997489929199 0.007236957550048828 0.00789487361907959
0 0.7681044340133667 0.5052748918533325 0.015296876430511475 0.028125494718551636
0 0.5727074146270752 0.5116865634918213 0.014473974704742432 0.010855495929718018
0 0.7477104663848877 0.500831127166748 0.014473915100097656 0.027138620615005493
