0 0.35230880975723267 0.4786267876625061 0.03782960772514343 0.02911236882209778
0 0.5059298872947693 0.5324106216430664 0.016447633504867554 0.03996777534484863
0 0.5539571046829224 0.5447463989257812 0.05329042673110962 0.06463927030563354
0 0.5023114085197449 0.5353711843490601 0.009210675954818726 0.03454011678695679
0 0.45823168754577637 0.48553481698036194 0.06611958146095276 0.04292839765548706
0 0.9143986701965332 0.7359827756881714 0.17120260000228882 0.528034508228302
0 0.41415199637413025 0.5102063417434692 0.035855889320373535 0.05082327127456665
0 0.7230389714241028 0.5753390192985535 0.22171437740325928 0.3227030038833618
0 0.5049430131912231 0.4954034090042114 0.03486901521682739 0.030592650175094604
0 0.591457724571228 0.56843101978302 0.06546163558959961 0.08536332845687866
0 0.5309303402900696 0.5407989025115967 0.023026704788208008 0.04835611581802368
0 0.5253381729125977 0.5353711843490601 0.03684276342391968 0.05082327127456665
0 0.3579009771347046 0.5023114085197449 0.03388217091560364 0.02615177631378174
0 0.5049430131912231 0.5324106216430664 0.014802873134613037 0.041448116302490234
0 0.2227012664079666 0.5363580584526062 0.01644766330718994 0.03996777534484863
0 0.5050020217895508 0.5277709364891052 0.015789419412612915 0.04026329517364502
0 0.30263686180114746 0.5299434661865234 0.16020016372203827 0.0976991057395935
