1 0.8427778482437134 0.5388252139091492 0.01611870527267456 0.07648158073425293
0 0.4095466136932373 0.5327396392822266 0.03337046504020691 0.030592620372772217
1 0.6708176136016846 0.5219255685806274 0.00904625654220581 0.0379946231842041
1 0.673038125038147 0.5195814371109009 0.007565915584564209 0.033059775829315186
1 0.1095413863658905 0.5477069616317749 0.022039853036403656 0.05230355262756348
0 0.4977060854434967 0.4954034090042114 0.00822359323501587 0.016036272048950195
0 0.4250074326992035 0.572378396987915 0.07171177864074707 0.08832389116287231
0 0.5759968757629395 0.52303546667099 0.011842310428619385 0.03157949447631836
1 0.5600968599319458 0.5121800303459167 0.010197579860687256 0.024178028106689453
1 0.9588160514831543 0.5752773284912109 0.02884507179260254 0.1129336953163147
0 0.6082342863082886 0.5083264708518982 0.058271706104278564 0.08071088790893555
1 0.6634984612464905 0.5250091552734375 0.012829184532165527 0.037007272243499756
0 0.46619758009910583 0.5496021509170532 0.026903152465820312 0.057159364223480225
1 0.6855382919311523 0.5299434661865234 0.013487040996551514 0.04835611581802368
1 0.14868681132793427 0.5516543388366699 0.02138194441795349 0.033059775829315186
1 0.7917901277542114 0.5171142816543579 0.02631622552871704 0.043421804904937744
1 0.34024327993392944 0.5420854091644287 0.01611870527267456 0.04895526170730591
1 0.6898146867752075 0.5195814371109009 0.01019752025604248 0.03873413801193237
1 0.02039509452879429 0.7967979907989502 0.04079018905758858 0.4064040780067444
1 0.5819181203842163 0.7899808883666992 0.11217302083969116 0.3937569260597229
1 0.16052912175655365 0.5516543388366699 0.014473944902420044 0.05625098943710327
1 0.7655563950538635 0.5345077514648438 0.015131831169128418 0.06266552209854126
1 0.9115291237831116 0.7134993076324463 0.10954141616821289 0.28914982080459595
1 0.7909131050109863 0.5322461724281311 0.026974141597747803 0.08059355616569519
1 0.7342233657836914 0.579779863357544 0.037500619888305664 0.11348885297775269
1 0.3739466071128845 0.5338909029960632 0.010197550058364868 0.03947436809539795
1 0.86481773853302 0.5541215538978577 0.028947889804840088 0.09177792072296143
1 0.6773145198822021 0.5250091552734375 0.010197579860687256 0.039474427700042725
0 0.47928470373153687 0.5059627890586853 0.029079437255859375 0.04144808650016785
1 0.07565921545028687 0.5516543984413147 0.02730310708284378 0.057237863540649414
1 0.7144861817359924 0.512179970741272 0.011184453964233398 0.022697746753692627
1 0.4765654504299164 0.512179970741272 0.24945610761642456 0.08151465654373169
1 0.7342233657836914 0.5250091552734375 0.01611870527267456 0.04835611581802368
0 0.18125316500663757 0.6567549109458923 0.32007139921188354 0.19293105602264404
1 0.702643871307373 0.5259960889816284 0.014473915100097656 0.05625098943710327
1 0.6401427984237671 0.514795184135437 0.010033071041107178 0.0333065390586853
1 0.6553843021392822 0.5171142816543579 0.009210705757141113 0.03273087739944458
1 0.6404716968536377 0.5293184518814087 0.009210646152496338 0.037007272243499756
0 0.2555965781211853 0.5422792434692383 0.12960754334926605 0.14358800649642944
