0 0.503298282623291 0.4954034090042114 0.015295743942260742 0.018502742052078247
0 0.48948225378990173 0.4939231276512146 0.012829184532165527 0.017763495445251465
1 0.9700827598571777 0.5590558052062988 0.022368788719177246 0.09325820207595825
1 0.09621924161911011 0.5047785639762878 0.022368811070919037 0.05575752258300781
1 0.7605396509170532 0.5028048753738403 0.018890678882598877 0.07056048512458801
1 0.18289870023727417 0.5136610865592957 0.02510915696620941 0.05345466732978821
1 0.43356022238731384 0.4924428164958954 0.009210705757141113 0.019737184047698975
0 0.5891554355621338 0.49573269486427307 0.019737541675567627 0.04424554109573364
1 0.46777135133743286 0.4944165349006653 0.015131831169128418 0.05378386378288269
1 0.707578182220459 0.49737709760665894 0.015131831169128418 0.06266555190086365
0 0.2924393117427826 0.602971076965332 0.1480288952589035 0.15789806842803955
1 0.5213906764984131 0.4944165349006653 0.015131890773773193 0.05279695987701416
0 0.49310073256492615 0.5566757917404175 0.10493606328964233 0.048704445362091064
1 0.5751721858978271 0.5181041359901428 0.01710587739944458 0.06735897064208984
1 0.937023937702179 0.5588915348052979 0.013761281967163086 0.10115307569503784
0 0.48380792140960693 0.47546085715293884 0.014720767736434937 0.032854437828063965
1 0.5685213804244995 0.5386139750480652 0.026739537715911865 0.1114441454410553
0 0.5125089883804321 0.47566622495651245 0.007236957550048828 0.009868592023849487
1 0.3615194857120514 0.5343843698501587 0.02631622552871704 0.10115307569503784
1 0.5141514539718628 0.4944165349006653 0.005263268947601318 0.01578974723815918
0 0.5391541719436646 0.46851062774658203 0.011018991470336914 0.01085546612739563
0 0.6204056143760681 0.5023114085197449 0.04790377616882324 0.048171043395996094
0 0.46254289150238037 0.4822368025779724 0.03654858469963074 0.06398987770080566
1 0.5003377199172974 0.4822469651699066 0.005263239145278931 0.00789487361907959
1 0.9252139329910278 0.5590558052062988 0.021053016185760498 0.10115307569503784
1 0.5322461128234863 0.48750853538513184 0.005263268947601318 0.020724058151245117
1 0.56843101978302 0.49145597219467163 0.005263268947601318 0.012829184532165527
1 0.16217389702796936 0.5097128748893738 0.024342522025108337 0.046875834465026855
1 0.16480551660060883 0.48750853538513184 0.01315811276435852 0.022697746753692627
1 0.15625274181365967 0.48948225378990173 0.015225693583488464 0.014802873134613037
1 0.5266539454460144 0.5245157480239868 0.02434253692626953 0.0824027955532074
1 0.13513383269309998 0.5035943388938904 0.022763565182685852 0.05102062225341797
1 0.2830679416656494 0.5023118853569031 0.01463887095451355 0.04490116238594055
0 0.4934595823287964 0.5320069789886475 0.07739374041557312 0.03494375944137573
1 0.7253416776657104 0.5521478652954102 0.03190845251083374 0.11102169752120972
1 0.512230634689331 0.47118741273880005 0.0029352307319641113 0.009261280298233032
0 0.4523109793663025 0.7276451587677002 0.26414939761161804 0.36513859033584595
1 0.1953987181186676 0.498660683631897 0.020395100116729736 0.054969459772109985
1 0.43158650398254395 0.4845479726791382 0.005263268947601318 0.01282915472984314
0 0.6073023676872253 0.4940054416656494 0.03678786754608154 0.04983639717102051
1 0.34167492389678955 0.47961366176605225 0.013816028833389282 0.031250208616256714
0 0.5105352401733398 0.4939231276512146 0.007236957550048828 0.017763495445251465
0 0.553093671798706 0.49133291840553284 0.02203989028930664 0.027632057666778564
1 0.6036289930343628 0.5028048753738403 0.021053016185760498 0.03355318307876587
1 0.523363471031189 0.48750853538513184 0.005263268947601318 0.014802873134613037
1 0.2648072838783264 0.47961366176605225 0.005263239145278931 0.008881747722625732
1 0.4931029975414276 0.48158738017082214 0.005263268947601318 0.012829184532165527
1 0.4269811511039734 0.5245157480239868 0.03125053644180298 0.06167873740196228
1 0.8121852874755859 0.5482003688812256 0.02434253692626953 0.09819251298904419
0 0.5345488786697388 0.488495409488678 0.011842310428619385 0.012335747480392456
1 0.44342881441116333 0.49145597219467163 0.005921155214309692 0.022697776556015015
0 0.530171275138855 0.4831056296825409 0.011842310428619385 0.015296339988708496
1 0.272877037525177 0.5167369842529297 0.02074339985847473 0.06063348054885864
1 0.5205128192901611 0.49194902181625366 0.008552789688110352 0.020724058151245117
1 0.43515801429748535 0.48282796144485474 0.005263239145278931 0.013816028833389282
1 0.1805952787399292 0.48750853538513184 0.015131846070289612 0.02368462085723877
1 0.6736960411071777 0.4924428164958954 0.0098685622215271 0.035526931285858154
0 0.5417858362197876 0.4924428462982178 0.010197579860687256 0.023684650659561157
0 0.5309303998947144 0.46629106998443604 0.02401357889175415 0.015296310186386108
0 0.6085628867149353 0.5676916837692261 0.09013426303863525 0.1033748984336853
1 0.7776451706886292 0.5028048753738403 0.01644766330718994 0.07154729962348938
0 0.5049430131912231 0.4648107588291168 0.033224284648895264 0.020724058151245117
0 0.49112701416015625 0.47435057163238525 0.004605352878570557 0.009868592023849487
0 0.13073137402534485 0.6841405630111694 0.2614627480506897 0.3695788085460663
1 0.20987209677696228 0.5245157480239868 0.03125055134296417 0.10115310549736023
1 0.943108856678009 0.5580691695213318 0.022368788719177246 0.09917974472045898
1 0.0026316249277442694 0.5028048753738403 0.005263249855488539 0.030592620372772217
0 0.5279697775840759 0.4771465063095093 0.006579041481018066 0.008388280868530273
0 0.3890109658241272 0.508162260055542 0.12960752844810486 0.06069183349609375
0 0.5006668567657471 0.4771465063095093 0.00822383165359497 0.010855436325073242
