0 0.9013315439224243 0.48701512813568115 0.10625189542770386 0.049836426973342896
0 0.32928210496902466 0.4771465063095093 0.06184318661689758 0.059704989194869995
0 0.06842225044965744 0.4786267876625061 0.04440866783261299 0.05378386378288269
0 0.19506916403770447 0.41768836975097656 0.02072395384311676 0.0352802574634552
0 0.25460973381996155 0.4495144486427307 0.011184409260749817 0.010855436325073242
0 0.6486955881118774 0.4939231276512146 0.08947521448135376 0.05279698967933655
0 0.4473762512207031 0.4440867304801941 0.059869468212127686 0.02911236882209778
0 0.5220485925674438 0.43717870116233826 0.051645636558532715 0.02911233901977539
1 0.01611870341002941 0.48948222398757935 0.008552782237529755 0.04144808650016785
0 0.30822908878326416 0.5047785639762878 0.065461665391922 0.0636523962020874
0 0.4049413204193115 0.4401392936706543 0.057237833738327026 0.02911236882209778
0 0.3062553405761719 0.4440867304801941 0.01118442416191101 0.022204339504241943
0 0.0940805971622467 0.4480341672897339 0.022039853036403656 0.030592650175094604
0 0.7740265130996704 0.4909626543521881 0.10065960884094238 0.054277241230010986
0 0.04342181235551834 0.457902729511261 0.025987297296524048 0.036020368337631226
0 0.28125491738319397 0.44260644912719727 0.05888259410858154 0.0345400869846344
0 0.17459189891815186 0.42829713225364685 0.05526413023471832 0.022574305534362793
0 0.21842487156391144 0.4998442530632019 0.17763468623161316 0.11546251177787781
2 0.12631800770759583 0.48701512813568115 0.00657905638217926 0.03996780514717102
