0 0.6210634708404541 0.5669506788253784 0.026645243167877197 0.04539555311203003
0 0.8321604132652283 0.7144861817359924 0.33567917346954346 0.45642244815826416
0 0.56843101978302 0.5393186807632446 0.017434537410736084 0.033059775829315186
0 0.4552711248397827 0.52303546667099 0.01578974723815918 0.019243717193603516
0 0.5463911294937134 0.5215551853179932 0.011842310428619385 0.008388280868530273
0 0.5704047083854675 0.5407989025115967 0.012829184532165527 0.033059775829315186
0 0.48750853538513184 0.4993508458137512 0.0026316046714782715 0.005427718162536621
0 0.5381673574447632 0.5062588453292847 0.011842310428619385 0.017763465642929077
0 0.5509964823722839 0.5284631848335266 0.01578974723815918 0.017763495445251465
1 0.39112526178359985 0.5240223407745361 0.007565915584564209 0.022697746753692627
0 0.4727056622505188 0.5353711843490601 0.022039860486984253 0.02615177631378174
1 0.5697468519210815 0.5195814371109009 0.006579101085662842 0.012829124927520752
0 0.43323126435279846 0.5630033016204834 0.04506659507751465 0.060691893100738525
0 0.6128396987915039 0.5585623979568481 0.03223741054534912 0.0439152717590332
1 0.012171265669167042 0.6148133873939514 0.024342531338334084 0.136680006980896
0 0.47928470373153687 0.4978705644607544 0.00822383165359497 0.01085546612739563
0 0.503298282623291 0.5185946226119995 0.038487523794174194 0.07056048512458801
0 0.5447463989257812 0.5161274671554565 0.019408226013183594 0.017763495445251465
0 0.4727056324481964 0.500831127166748 0.012829184532165527 0.012335747480392456
0 0.5621808767318726 0.537838339805603 0.011842310428619385 0.02615177631378174
1 0.4212244153022766 0.5282157063484192 0.010526508092880249 0.019243955612182617
0 0.40099385380744934 0.5200748443603516 0.02401357889175415 0.027632057666778564
0 0.4838900566101074 0.4993508458137512 0.004605352878570557 0.008388280868530273
0 0.5069167613983154 0.5407989025115967 0.03684273362159729 0.03848749399185181
0 0.4746793508529663 0.4993508458137512 0.011184394359588623 0.012335747480392456
0 0.4177704453468323 0.5822470188140869 0.06250110268592834 0.07056045532226562
0 0.43323126435279846 0.5324106216430664 0.026645183563232422 0.017763495445251465
0 0.5049430131912231 0.6014907956123352 0.07730397582054138 0.09671223163604736
0 0.41579675674438477 0.525502622127533 0.022039860486984253 0.019243717193603516
0 0.5960630178451538 0.5477069616317749 0.03684276342391968 0.0439152717590332
0 0.47369250655174255 0.52303546667099 0.03125053644180298 0.03157949447631836
0 0.5407989025115967 0.5393186807632446 0.026645243167877197 0.031579554080963135
0 0.4674423933029175 0.5102062821388245 0.017434537410736084 0.02072402834892273
0 0.43783658742904663 0.5324106216430664 0.025000423192977905 0.033059775829315186
1 0.07894875109195709 0.6093856692314148 0.026645198464393616 0.14506828784942627
0 0.47204774618148804 0.5047785639762878 0.01118442416191101 0.005427718162536621
0 0.6569193601608276 0.572378396987915 0.07533031702041626 0.0828961730003357
0 0.3615194857120514 0.5669506788253784 0.06151425838470459 0.0690801739692688
0 0.2980315387248993 0.5491872429847717 0.09276479482650757 0.0577312707901001
0 0.5852075815200806 0.5432660579681396 0.033224284648895264 0.04292839765548706
0 0.40033596754074097 0.5491872429847717 0.02861890196800232 0.03602039813995361
0 0.45987647771835327 0.5185946226119995 0.013816028833389282 0.01776343584060669
