0 0.5812602043151855 0.49491000175476074 0.010526478290557861 0.03157952427864075
0 0.5486937761306763 0.4806005358695984 0.012500226497650146 0.021710902452468872
0 0.44079720973968506 0.4904690980911255 0.017434507608413696 0.023191183805465698
0 0.5486937761306763 0.4845479726791382 0.006579101085662842 0.01875033974647522
0 0.3917831778526306 0.5121800303459167 0.017434507608413696 0.041570454835891724
0 0.47533726692199707 0.4672779142856598 0.010526478290557861 0.012829184532165527
1 0.6404716968536377 0.5111931562423706 0.017105519771575928 0.06315898895263672
1 0.7731709480285645 0.524910569190979 0.023026764392852783 0.0513167679309845
1 0.038327328860759735 0.566949725151062 0.02631625160574913 0.09128248691558838
0 0.5138248205184937 0.4731990694999695 0.007565915584564209 0.009868621826171875
0 0.3937568664550781 0.5023114085197449 0.038487523794174194 0.05032980442047119
0 0.5592203140258789 0.48750853538513184 0.01644766330718994 0.02615177631378174
0 0.47369247674942017 0.4791202247142792 0.009539633989334106 0.011348903179168701
0 0.7681055665016174 0.5758324265480042 0.2674388885498047 0.14161431789398193
1 0.7177737951278687 0.5010318756103516 0.010526478290557861 0.04677838087081909
0 0.4128361940383911 0.4993508458137512 0.01842138171195984 0.04194152355194092
0 0.48717957735061646 0.4806005358695984 0.014473915100097656 0.01875033974647522
0 0.5781888961791992 0.4899759888648987 0.020394861698150635 0.030592292547225952
1 0.3079001307487488 0.49639028310775757 0.00822383165359497 0.023684650659561157
1 0.8447515964508057 0.5269829034805298 0.02401357889175415 0.04490208625793457
0 0.5042851567268372 0.47023850679397583 0.0049343109130859375 0.004440873861312866
0 0.5042831897735596 0.479861855506897 0.014473944902420044 0.014309465885162354
1 0.30806756019592285 0.4993497133255005 0.014884918928146362 0.05588042736053467
1 0.21260009706020355 0.5435565710067749 0.02049177885055542 0.08820798993110657
1 0.34309810400009155 0.4919494092464447 0.010526508092880249 0.016776621341705322
1 0.6551104784011841 0.507245659828186 0.012664854526519775 0.049342960119247437
1 0.8898181915283203 0.5516543984413147 0.027632057666778564 0.10707426071166992
0 0.4417840242385864 0.48898881673812866 0.01842138171195984 0.027632087469100952
0 0.36924949288368225 0.5136603116989136 0.03898054361343384 0.05329039692878723
0 0.42237579822540283 0.4993508458137512 0.010526508092880249 0.030099183320999146
1 0.32401856780052185 0.49984505772590637 0.011679291725158691 0.044409096240997314
1 0.727642297744751 0.5000420212745667 0.015394866466522217 0.03424489498138428
0 0.4358628988265991 0.4919494092464447 0.01644766330718994 0.024671494960784912
1 0.7289601564407349 0.5067523121833801 0.013487040996551514 0.015789777040481567
0 0.4207310676574707 0.5023114681243896 0.006579071283340454 0.024671494960784912
1 0.6929936408996582 0.526490330696106 0.010745704174041748 0.04111933708190918
0 0.5776417255401611 0.49342966079711914 0.009539663791656494 0.02615174651145935
0 0.34836137294769287 0.5264894962310791 0.05789574980735779 0.05625098943710327
0 0.4611922800540924 0.4820808172225952 0.007565915584564209 0.02615177631378174
1 0.29342618584632874 0.5077391266822815 0.011184394359588623 0.049342960119247437
0 0.5532991886138916 0.4845479726791382 0.007565915584564209 0.021710902452468872
0 0.43323126435279846 0.49491000175476074 0.014473915100097656 0.026151806116104126
1 0.8463391065597534 0.511440634727478 0.014144957065582275 0.03904443979263306
0 0.4476102590560913 0.4748914837837219 0.023026704788208008 0.039403676986694336
0 0.8368460536003113 0.7853742837905884 0.32630789279937744 0.36546462774276733
0 0.5986946821212769 0.49342969059944153 0.035526931285858154 0.043421804904937744
0 0.5746811628341675 0.48898881673812866 0.02401357889175415 0.03157949447631836
1 0.6014354228973389 0.499515563249588 0.011184394359588623 0.04046124219894409
1 0.693479061126709 0.4940643012523651 0.013487100601196289 0.027772724628448486
0 0.5381673574447632 0.4845479726791382 0.01842135190963745 0.023191183805465698
1 0.13059598207473755 0.5383318066596985 0.021710902452468872 0.08092248439788818
1 0.08602449297904968 0.5516543984413147 0.023190543055534363 0.1031264066696167
0 0.4878374934196472 0.47171878814697266 0.007565915584564209 0.008881747722625732
1 0.31974244117736816 0.5042850971221924 0.00822383165359497 0.03848749399185181
0 0.4513236880302429 0.48750853538513184 0.007565915584564209 0.02615177631378174
0 0.5486937761306763 0.4820808172225952 0.009539663791656494 0.021710902452468872
0 0.4243495464324951 0.49490997195243835 0.017434507608413696 0.030099213123321533
1 0.21942754089832306 0.5437605381011963 0.02682781219482422 0.08514481782913208
