1 0.3266504406929016 0.4840545058250427 0.00822383165359497 0.036020368337631226
1 0.5813696384429932 0.4837256073951721 0.012500286102294922 0.04194223880767822
1 0.1674371361732483 0.5077391862869263 0.01578974723815918 0.07450789213180542
0 0.5236111283302307 0.46666109561920166 0.011184453964233398 0.009868592023849487
1 0.34309810400009155 0.4840545058250427 0.00822383165359497 0.03947436809539795
0 0.48934125900268555 0.4786267876625061 0.011842310428619385 0.012335747480392456
0 0.49310073256492615 0.4746793508529663 0.003618478775024414 0.01085546612739563
0 0.5343210697174072 0.5073975324630737 0.05918622016906738 0.07712686061859131
1 0.6088922023773193 0.4789968729019165 0.00822383165359497 0.016899943351745605
1 0.3559272885322571 0.4840545058250427 0.004605352878570557 0.025658339262008667
1 0.5426994562149048 0.46634554862976074 0.003691375255584717 0.012335717678070068
0 0.5648125410079956 0.47023850679397583 0.004605352878570557 0.013816028833389282
1 0.14752830564975739 0.5084899663925171 0.013487070798873901 0.05719488859176636
1 0.08010007441043854 0.5120155811309814 0.020175807178020477 0.06414586305618286
1 0.4861927032470703 0.4672779440879822 0.004605323076248169 0.012335747480392456
1 0.33553218841552734 0.4840545356273651 0.007565915584564209 0.0325663685798645
1 0.5661283731460571 0.5026129484176636 0.015990793704986572 0.06414583325386047
1 0.36250633001327515 0.48138999938964844 0.00822383165359497 0.03217160701751709
1 0.3325716257095337 0.48750853538513184 0.010526508092880249 0.0439152717590332
1 0.1378319263458252 0.5115878582000732 0.015789762139320374 0.06730324029922485
0 0.5233644247055054 0.4706907868385315 0.01019752025604248 0.009868621826171875
1 0.3513219356536865 0.4840545058250427 0.010526478290557861 0.036020368337631226
1 0.30855804681777954 0.4863101840019226 0.010714501142501831 0.0424349308013916
1 0.1500026285648346 0.5088605880737305 0.01845128834247589 0.06069186329841614
1 0.15243688225746155 0.5130681991577148 0.01578974723815918 0.06503403186798096
1 0.3753355145454407 0.47961366176605225 0.00822383165359497 0.0325663685798645
1 0.5960630178451538 0.4771465063095093 0.004605352878570557 0.016776621341705322
1 0.38631606101989746 0.47986382246017456 0.00822383165359497 0.02919575572013855
1 0.2828996777534485 0.4954034090042114 0.013487070798873901 0.05526411533355713
2 0.45052480697631836 0.4764416217803955 0.004605352878570557 0.020230621099472046
1 0.48882433772087097 0.46629106998443604 0.0029605627059936523 0.012335747480392456
1 0.4944987893104553 0.46826475858688354 0.004605323076248169 0.011225491762161255
1 0.5661283135414124 0.5034744739532471 0.01578974723815918 0.06414586305618286
0 0.5134958028793335 0.4648107588291168 0.006579101085662842 0.006907999515533447
0 0.488495409488678 0.460863322019577 0.010197550058364868 0.016776621341705322
1 0.6406071782112122 0.5020501613616943 0.013080716133117676 0.06986385583877563
1 0.38273680210113525 0.4840545058250427 0.012253433465957642 0.03762388229370117
1 0.6674458980560303 0.5111931562423706 0.021710872650146484 0.0789487361907959
1 0.5985850095748901 0.5130019187927246 0.013487040996551514 0.07894876599311829
1 0.5746810436248779 0.48750853538513184 0.010526478290557861 0.03996792435646057
1 0.008223827928304672 0.5235289335250854 0.015789750963449478 0.0843765139579773
1 0.5878392457962036 0.47171878814697266 0.004605352878570557 0.019243746995925903
1 0.34309810400009155 0.48750853538513184 0.010526508092880249 0.03602039813995361
