0 0.3348742723464966 0.5131669044494629 0.04506656527519226 0.02911236882209778
0 0.3131631016731262 0.5035444498062134 0.024342238903045654 0.018009930849075317
0 0.47928470373153687 0.5491872429847717 0.05065879225730896 0.05526411533355713
0 0.2631624937057495 0.5047785639762878 0.014802902936935425 0.02368462085723877
0 0.0865146666765213 0.6661300659179688 0.032237403094768524 0.08141589164733887
0 0.44342881441116333 0.5215551853179932 0.01644766330718994 0.03700721263885498
0 0.4654686748981476 0.5324106216430664 0.03223741054534912 0.03996777534484863
0 0.06784658133983612 0.6123462319374084 0.13569316267967224 0.11990344524383545
0 0.22171440720558167 0.5491872429847717 0.13881821930408478 0.06611955165863037
0 0.31086069345474243 0.5171142816543579 0.08815944194793701 0.06365245580673218
0 0.21447744965553284 0.5531346797943115 0.10296232998371124 0.07154726982116699
0 0.3602036237716675 0.5250084400177002 0.00773051381111145 0.006907999515533447
0 0.42763906717300415 0.5215551853179932 0.02401357889175415 0.022204339504241943
0 0.042599428445100784 0.6898146867752075 0.08519885689020157 0.16825950145721436
0 0.3532956540584564 0.5047785639762878 0.007236957550048828 0.006908059120178223
0 0.31086069345474243 0.5023114085197449 0.022039860486984253 0.010855436325073242
0 0.2555965781211853 0.5353711843490601 0.08914630115032196 0.05082327127456665
0 0.4552711248397827 0.52303546667099 0.02927684783935547 0.03848755359649658
0 0.6641563177108765 0.7021504640579224 0.22631973028182983 0.2304316759109497
0 0.16381865739822388 0.572378396987915 0.14079192280769348 0.0843765139579773
0 0.29342618584632874 0.5240223407745361 0.06250107288360596 0.04292839765548706
0 0.3552693724632263 0.5131669044494629 0.012829184532165527 0.026151716709136963
0 0.12237056344747543 0.5985301733016968 0.15263424813747406 0.11052829027175903
