1 0.7955316305160522 0.5127972364425659 0.009662628173828125 0.024178028106689453
0 0.40884166955947876 0.5324106216430664 0.03341218829154968 0.030592620372772217
0 0.503298282623291 0.4954034090042114 0.017434507608413696 0.022204309701919556
0 0.4242836833000183 0.5687598586082458 0.07730397582054138 0.08575797080993652
0 0.5767405033111572 0.5223662853240967 0.011842310428619385 0.03046417236328125
1 0.8661637306213379 0.5593611001968384 0.022039830684661865 0.09025043249130249
0 0.5187590718269348 0.5062588453292847 0.009210705757141113 0.015296310186386108
0 0.6088922023773193 0.5116865634918213 0.06250113248825073 0.08684366941452026
0 0.46773481369018555 0.5486608743667603 0.025000452995300293 0.055702805519104004
1 0.6651179790496826 0.5242500305175781 0.012323081493377686 0.04220712184906006
1 0.2131616175174713 0.5950762033462524 0.03815855085849762 0.11348879337310791
1 0.3347167670726776 0.5375378727912903 0.01611870527267456 0.03780078887939453
0 0.6518208384513855 0.5116859674453735 0.009210705757141113 0.01998358964920044
1 0.7046177983283997 0.5108633637428284 0.009648919105529785 0.028122931718826294
1 0.8056062459945679 0.7554408311843872 0.13585764169692993 0.3286241888999939
1 0.7268216013908386 0.533890962600708 0.011513471603393555 0.05970495939254761
0 0.47566622495651245 0.5092194080352783 0.006579071283340454 0.01776343584060669
1 0.7365260124206543 0.531423807144165 0.021381914615631104 0.07154732942581177
1 0.37249964475631714 0.5338909029960632 0.010197550058364868 0.03768777847290039
1 0.8690941333770752 0.7514933943748474 0.0976991057395935 0.4164546728134155
1 0.7875137329101562 0.5259960889816284 0.01611870527267456 0.028125464916229248
1 0.6693097352981567 0.5235289335250854 0.009539484977722168 0.03898113965988159
0 0.4848769009113312 0.5023114085197449 0.021053016185760498 0.03305980563163757
1 0.16392943263053894 0.5595495700836182 0.02105279266834259 0.08108675479888916
1 0.46976691484451294 0.5121800303459167 0.2505526542663574 0.07559338212013245
1 0.7016570568084717 0.5259960293769836 0.011184394359588623 0.05230352282524109
1 0.2608598470687866 0.5911287665367126 0.03750064969062805 0.11348879337310791
1 0.678301215171814 0.5250091552734375 0.013487040996551514 0.047369301319122314
1 0.6431033611297607 0.5171142816543579 0.012829184532165527 0.03207296133041382
1 0.6355374455451965 0.5274763107299805 0.009210705757141113 0.037007272243499756
0 0.25493866205215454 0.5491872429847717 0.1325681060552597 0.1574040651321411
