1 0.5269829034805298 0.41842836141586304 0.008552789688110352 0.02417805790901184
0 0.3031306862831116 0.4241029918193817 0.06579029560089111 0.0446552038192749
0 0.772710919380188 0.6592220664024353 0.22171443700790405 0.2304316759109497
0 0.019079281017184258 0.5531346797943115 0.038158562034368515 0.08141589164733887
0 0.6636080741882324 0.5917866826057434 0.08958488702774048 0.11069273948669434
0 0.0759059339761734 0.5200749039649963 0.1518118679523468 0.11990344524383545
0 0.49793776869773865 0.43427687883377075 0.13264447450637817 0.08060264587402344
0 0.3727039098739624 0.49096253514289856 0.09276476502418518 0.13223916292190552
0 0.5950762033462524 0.45642244815826416 0.07829082012176514 0.06611958146095276
0 0.22730660438537598 0.4149743914604187 0.04967193305492401 0.03996780514717102
0 0.20526674389839172 0.4840545058250427 0.16020016372203827 0.08684360980987549
0 0.6779723763465881 0.6153068542480469 0.09671223163604736 0.13914722204208374
0 0.8867666721343994 0.8038293123245239 0.22646671533584595 0.3923413157463074
0 0.05394831299781799 0.5393186211585999 0.10789662599563599 0.12286397814750671
