2 0.32566359639167786 0.5343843698501587 0.0049343109130859375 0.01924377679824829
0 0.6473797559738159 0.5506675243377686 0.09967279434204102 0.0577312707901001
0 0.4000070095062256 0.5269829034805298 0.013816028833389282 0.018750309944152832
0 0.20822733640670776 0.5368515253067017 0.012500211596488953 0.012829124927520752
0 0.2542807459831238 0.5348777770996094 0.02072402834892273 0.012829184532165527
0 0.2667809724807739 0.533890962600708 0.025329381227493286 0.016776621341705322
0 0.24342530965805054 0.5358646512031555 0.011184409260749817 0.012829184532165527
2 0.27171528339385986 0.5383317470550537 0.006907999515533447 0.022204339504241943
0 0.4996798038482666 0.5358646512031555 0.09046211838722229 0.15987122058868408
0 0.30033421516418457 0.5284631848335266 0.009210675954818726 0.0049343109130859375
2 0.2845444679260254 0.5363580584526062 0.0055921971797943115 0.0212174654006958
2 0.292439341545105 0.5383317470550537 0.0055921971797943115 0.016776621341705322
0 0.29145246744155884 0.5343843698501587 0.016776621341705322 0.011842310428619385
0 0.21612221002578735 0.5358646512031555 0.003947436809539795 0.012829184532165527
0 0.2289513647556305 0.5368515253067017 0.02269776165485382 0.012829124927520752
0 0.42796802520751953 0.5195814371109009 0.003947436809539795 0.00789487361907959
