1 0.5932904481887817 0.508232593536377 0.012829184532165527 0.046311914920806885
1 0.8207380771636963 0.49639028310775757 0.01217120885848999 0.04736927151679993
0 0.07467235624790192 0.503298282623291 0.021052993834018707 0.010855436325073242
1 0.49704816937446594 0.4973771274089813 0.007565915584564209 0.03503352403640747
0 0.26414936780929565 0.5422792434692383 0.15822644531726837 0.0828961730003357
0 0.1996745467185974 0.49096253514289856 0.23355673253536224 0.1559237837791443
0 0.05625098571181297 0.5023114085197449 0.02861892431974411 0.02072402834892273
1 0.7627600431442261 0.5121800303459167 0.01862698793411255 0.065132737159729
1 0.5050747394561768 0.4965875744819641 0.010526478290557861 0.036020368337631226
0 0.35441529750823975 0.46421879529953003 0.03572365641593933 0.0537838339805603
0 0.9447534084320068 0.4993508458137512 0.08190935850143433 0.05674442648887634
0 0.7325782775878906 0.5151405930519104 0.11776524782180786 0.06069183349609375
1 0.0825672298669815 0.48158738017082214 0.005263246595859528 0.02368462085723877
0 0.07006701827049255 0.4939231276512146 0.0230267234146595 0.01085546612739563
0 0.10416406393051147 0.7495560646057129 0.20832812786102295 0.500887930393219
1 0.7726211547851562 0.5087260007858276 0.015131831169128418 0.07154726982116699
0 0.4628370404243469 0.7924164533615112 0.2977513074874878 0.41516709327697754
0 0.32566359639167786 0.48701509833335876 0.028618931770324707 0.04292839765548706
0 0.6990253925323486 0.4882485866546631 0.02352011203765869 0.028865545988082886
1 0.08486990630626678 0.4919493794441223 0.007565915584564209 0.013322621583938599
1 0.8776469230651855 0.5975433588027954 0.0690801739692688 0.19934558868408203
1 0.4698272943496704 0.49453988671302795 0.01101994514465332 0.03503352403640747
1 0.8513306379318237 0.5087260007858276 0.011184394359588623 0.025658339262008667
1 0.9121869802474976 0.5161274671554565 0.021381914615631104 0.08684360980987549
1 0.802152156829834 0.5166208744049072 0.019408226013183594 0.06883344054222107
