0 0.29539990425109863 0.4593830406665802 0.007236957550048828 0.005729258060455322
0 0.2944130301475525 0.45247501134872437 0.0074014365673065186 0.01085546612739563
0 0.8454095125198364 0.4993508458137512 0.10493606328964233 0.06069183349609375
1 0.596392035484314 0.4880019426345825 0.009210705757141113 0.011348873376846313
1 0.9315952658653259 0.48504137992858887 0.003618478775024414 0.005427718162536621
0 0.07829084247350693 0.503298282623291 0.03125055134296417 0.012335747480392456
0 0.23372116684913635 0.4671052098274231 0.004884973168373108 0.01166960597038269
0 0.19145071506500244 0.4771465063095093 0.007236972451210022 0.015296339988708496
0 0.09934384375810623 0.4993508458137512 0.0250004380941391 0.016776591539382935
0 0.14531368017196655 0.5329041481018066 0.12459060549736023 0.11842310428619385
0 0.055362798273563385 0.5023114085197449 0.031250547617673874 0.01909574866294861
0 0.2309250831604004 0.46036988496780396 0.00921069085597992 0.009210675954818726
0 0.29478102922439575 0.47023850679397583 0.013816028833389282 0.019243746995925903
0 0.10041293501853943 0.48907098174095154 0.02763206511735916 0.01620084047317505
0 0.22730660438537598 0.46688318252563477 0.013223901391029358 0.018355578184127808
0 0.5677984952926636 0.5137307047843933 0.11311286687850952 0.05484116077423096
0 0.22470873594284058 0.4710735082626343 0.012120649218559265 0.014233559370040894
1 0.7620198726654053 0.5121800303459167 0.015296339988708496 0.065132737159729
0 0.2114400714635849 0.4755840003490448 0.015405982732772827 0.017681241035461426
0 0.3901018798351288 0.47232186794281006 0.05782270431518555 0.09221658110618591
0 0.18306243419647217 0.4759129583835602 0.013322606682777405 0.023437917232513428
0 0.19145071506500244 0.4746793508529663 0.011842310428619385 0.016776621341705322
0 0.20526674389839172 0.5102062821388245 0.003618493676185608 0.015296339988708496
0 0.2354481816291809 0.46592098474502563 0.00402967631816864 0.00863504409790039
0 0.17927944660186768 0.4771465063095093 0.011842325329780579 0.016776621341705322
0 0.07006701827049255 0.4939231276512146 0.0230267234146595 0.01085546612739563
0 0.10491445660591125 0.752661943435669 0.2098289132118225 0.4946761727333069
0 0.12960752844810486 0.4851376414299011 0.014802895486354828 0.012335747480392456
1 0.7710661292076111 0.5087260007858276 0.014473915100097656 0.06957361102104187
0 0.46511849761009216 0.792353093624115 0.2977450489997864 0.41529381275177
0 0.5381672978401184 0.4978705644607544 0.1075676679611206 0.07056045532226562
0 0.24276739358901978 0.46777135133743286 0.012829169631004333 0.016776621341705322
0 0.6995187997817993 0.4924428164958954 0.022039711475372314 0.030592620372772217
0 0.2878339886665344 0.46777135133743286 0.009210705757141113 0.012335747480392456
1 0.08322514593601227 0.49282020330429077 0.008456043899059296 0.011348873376846313
0 0.11118616163730621 0.488495409488678 0.016447655856609344 0.016776591539382935
1 0.49474549293518066 0.48750853538513184 0.010526508092880249 0.020230621099472046
0 0.16283178329467773 0.4786267876625061 0.0250004380941391 0.020724058151245117
0 0.24671484529972076 0.46629106998443604 0.01118442416191101 0.015296310186386108
0 0.11875207722187042 0.48701509833335876 0.018421374261379242 0.015296339988708496
1 0.7240258455276489 0.5018180012702942 0.013487100601196289 0.043421775102615356
1 0.7129513025283813 0.5102062821388245 0.012390613555908203 0.026809781789779663
1 0.9112507104873657 0.5147989988327026 0.02160966396331787 0.08684363961219788
0 0.28322863578796387 0.47171878814697266 0.004605352878570557 0.013816028833389282
1 0.9565956592559814 0.540305495262146 0.022039830684661865 0.08141589164733887
