0 0.49277177453041077 0.45642244815826416 0.012829184532165527 0.005427747964859009
0 0.42171791195869446 0.457902729511261 0.012829184532165527 0.022159487009048462
0 0.5931024551391602 0.49549591541290283 0.02960580587387085 0.036020368337631226
0 0.5878303050994873 0.48553481698036194 0.025987327098846436 0.030592620372772217
0 0.5690889358520508 0.4682196378707886 0.020395100116729736 0.027632057666778564
0 0.6758339405059814 0.5782996416091919 0.05805981159210205 0.058719098567962646
0 0.5138248205184937 0.4539552927017212 0.007565915584564209 0.006908029317855835
0 0.37747371196746826 0.4852880835533142 0.033224254846572876 0.038980960845947266
0 0.4171125590801239 0.4603700041770935 0.01578974723815918 0.022204339504241943
0 0.42994171380996704 0.45099472999572754 0.014802902936935425 0.020724058151245117
0 0.40033596754074097 0.47379136085510254 0.02039507031440735 0.027632057666778564
1 0.5871813297271729 0.4559290409088135 0.002631664276123047 0.020230621099472046
1 0.756263256072998 0.6498469114303589 0.0365138053894043 0.08684360980987549
0 0.29578864574432373 0.5990236401557922 0.07467234134674072 0.07962167263031006
0 0.9268167018890381 0.6434323191642761 0.1463666558265686 0.1657923460006714
0 0.41846948862075806 0.5871196389198303 0.06842222809791565 0.09128451347351074
0 0.6503403186798096 0.557575523853302 0.046053409576416016 0.04440867900848389
1 0.5937603712081909 0.461850106716156 0.00592118501663208 0.02294442057609558
0 0.40855979919433594 0.46645551919937134 0.016447633504867554 0.024671465158462524
1 0.1384892612695694 0.5911287665367126 0.022039860486984253 0.0789487361907959
0 0.34671658277511597 0.5047785639762878 0.03684273362159729 0.04440867900848389
0 0.3348742723464966 0.5176077485084534 0.03980332612991333 0.04292836785316467
1 0.16645027697086334 0.5605361461639404 0.01611870527267456 0.05625098943710327
1 0.1309233456850052 0.5516543388366699 0.01611870527267456 0.033059775829315186
0 0.3174397647380829 0.527427077293396 0.04506659507751465 0.04687577486038208
1 0.7628422975540161 0.5590558052062988 0.016118645668029785 0.033059775829315186
0 0.19177967309951782 0.6128396987915039 0.10329127311706543 0.09128445386886597
0 0.3655295968055725 0.5021703839302063 0.019408226013183594 0.03898093104362488
1 0.11888890713453293 0.5876749753952026 0.025219783186912537 0.08704930543899536
1 0.7977113723754883 0.6508337259292603 0.051974594593048096 0.10065966844558716
1 0.6467218399047852 0.6153068542480469 0.027303099632263184 0.10312682390213013
1 0.12566009163856506 0.6143200397491455 0.025247246026992798 0.09362834692001343
2 0.518539547920227 0.4534618854522705 0.004934251308441162 0.007401466369628906
0 0.6083608865737915 0.5100165009498596 0.030592679977416992 0.02911236882209778
0 0.5782996416091919 0.48338598012924194 0.011842310428619385 0.02615177631378174
1 0.5776416659355164 0.45247501134872437 0.0049343109130859375 0.011348873376846313
1 0.787513792514801 0.6523140668869019 0.026316285133361816 0.09177792072296143
0 0.4374253749847412 0.4489593207836151 0.009950846433639526 0.016776621341705322
0 0.6319189667701721 0.533890962600708 0.04625082015991211 0.04559284448623657
0 0.5642741918563843 0.4648107886314392 0.02008110284805298 0.023998647928237915
0 0.9580672383308411 0.8965425491333008 0.08386552333831787 0.20691490173339844
0 0.7048995494842529 0.6045218706130981 0.07927769422531128 0.07189977169036865
0 0.5582334995269775 0.45885783433914185 0.017434537410736084 0.022204339504241943
0 0.6161291599273682 0.5200749039649963 0.037829577922821045 0.041448116302490234
0 0.2713863253593445 0.5605361461639404 0.06644852459430695 0.06365245580673218
0 0.39309900999069214 0.4771465063095093 0.017434507608413696 0.030592620372772217
1 0.234543576836586 0.5250091552734375 0.011184394359588623 0.04835611581802368
