1 0.664740264415741 0.5235288739204407 0.012829184532165527 0.08042904734611511
0 0.26480725407600403 0.5753390192985535 0.20033244788646698 0.30592644214630127
1 0.6644853353500366 0.540305495262146 0.012829184532165527 0.0750012993812561
1 0.6754224300384521 0.5362343192100525 0.010855257511138916 0.0812923014163971
1 0.656151294708252 0.5340551137924194 0.012829184532165527 0.0675998330116272
1 0.10252416133880615 0.5621796250343323 0.01282917708158493 0.0636523962020874
1 0.654725193977356 0.49934980273246765 0.00910121202468872 0.01924377679824829
1 0.1674371361732483 0.5516543984413147 0.012829169631004333 0.057237863540649414
0 0.5036272406578064 0.5269829034805298 0.292439341545105 0.4771465063095093
0 0.8375146389007568 0.6784982085227966 0.3246767520904541 0.6430035829544067
1 0.6764088869094849 0.541168749332428 0.01430898904800415 0.08894038200378418
