0 0.153621107339859 0.6083987951278687 0.18388479948043823 0.18750327825546265
1 0.3289531469345093 0.4445801377296448 0.010526508092880249 0.043915241956710815
0 0.3092159330844879 0.5131669044494629 0.0845409631729126 0.10362023115158081
0 0.021793143823742867 0.7736977338790894 0.04358628764748573 0.20427989959716797
0 0.3615194857120514 0.4110269248485565 0.01842135190963745 0.024671494960784912
0 0.39474374055862427 0.44260644912719727 0.02401357889175415 0.038487523794174194
0 0.3865199089050293 0.41398751735687256 0.03486904501914978 0.02368462085723877
0 0.7352102398872375 0.638498067855835 0.20691156387329102 0.23191195726394653
0 0.36974331736564636 0.4593830406665802 0.051645636558532715 0.0730276107788086
0 0.35888785123825073 0.4855348467826843 0.04769819974899292 0.06069186329841614
1 0.33717697858810425 0.4445801377296448 0.009868592023849487 0.03700724244117737
0 0.24474114179611206 0.570898175239563 0.08750154078006744 0.11595600843429565
0 0.3973753750324249 0.4539552927017212 0.019408226013183594 0.04292836785316467
0 0.35066401958465576 0.5047785639762878 0.023026734590530396 0.0636523962020874
