0 0.44112613797187805 0.5067522525787354 0.00789487361907959 0.0098685622215271
0 0.5769838094711304 0.5215551853179932 0.03519803285598755 0.045888930559158325
0 0.5503385663032532 0.5126734972000122 0.009868621826171875 0.011842310428619385
0 0.4190862774848938 0.5106997489929199 0.024671494960784912 0.011842310428619385
0 0.4924428462982178 0.509712815284729 0.007236987352371216 0.008881747722625732
0 0.446389377117157 0.5037916898727417 0.005921155214309692 0.006414473056793213
0 0.12368637323379517 0.5338909029960632 0.011184416711330414 0.01578974723815918
0 0.5444173812866211 0.5398120880126953 0.04243499040603638 0.046875834465026855
0 0.5184301137924194 0.509712815284729 0.00789487361907959 0.008881747722625732
0 0.46974506974220276 0.5595492720603943 0.06250113248825073 0.06908011436462402
0 0.4611923098564148 0.5047785639762878 0.009868592023849487 0.011842340230941772
0 0.5394831299781799 0.5106997489929199 0.020066142082214355 0.01381605863571167
0 0.4996798038482666 0.5018180012702942 0.005921155214309692 0.005921155214309692
0 0.14704203605651855 0.5319172143936157 0.04309286177158356 0.028125524520874023
0 0.6447480916976929 0.5018179416656494 0.0072370171546936035 0.003947466611862183
0 0.8151458501815796 0.5067523121833801 0.04046124219894409 0.015789777040481567
0 0.6922273635864258 0.5034627914428711 0.010307252407073975 0.010197460651397705
