0 0.8335672616958618 0.5279697775840759 0.051316678524017334 0.03404664993286133
0 0.45296844840049744 0.5240223407745361 0.020724058151245117 0.018750309944152832
1 0.9371874332427979 0.533890962600708 0.00822383165359497 0.01776343584060669
0 0.8092246651649475 0.5136603116989136 0.020066142082214355 0.009868621826171875
0 0.028967224061489105 0.5648318529129028 0.05673474818468094 0.02835768461227417
0 0.7625133395195007 0.5259960889816284 0.026645183563232422 0.033059775829315186
1 0.011724871583282948 0.5599721670150757 0.023449743166565895 0.040249764919281006
0 0.7325786352157593 0.5087260007858276 0.12434428930282593 0.04884955286979675
0 0.8881734609603882 0.533890962600708 0.07105386257171631 0.04391521215438843
0 0.730604887008667 0.5259960293769836 0.03980332612991333 0.03700721263885498
0 0.39112526178359985 0.5486937761306763 0.0500008761882782 0.06167870759963989
1 0.488495409488678 0.7899808883666992 0.13783136010169983 0.349348247051239
0 0.34266793727874756 0.5518819689750671 0.04056248068809509 0.04884958267211914
0 0.9240293502807617 0.5037916898727417 0.08519881963729858 0.05575758218765259
0 0.29539990425109863 0.5329040288925171 0.05065876245498657 0.016776621341705322
0 0.6174449920654297 0.5259960889816284 0.06250113248825073 0.03207296133041382
1 0.9937586784362793 0.5176077485084534 0.012482702732086182 0.015296339988708496
0 0.29474198818206787 0.5575755834579468 0.06184318661689758 0.06661301851272583
0 0.3825724720954895 0.5312827229499817 0.025329381227493286 0.022556662559509277
0 0.06044511869549751 0.6315900087356567 0.12089023739099503 0.1437854766845703
0 0.7891585826873779 0.5205683708190918 0.04605346918106079 0.030099213123321533
0 0.9855347871780396 0.5171135663986206 0.028930366039276123 0.03848639130592346
1 0.9727144241333008 0.5457332134246826 0.013487040996551514 0.06611961126327515
0 0.19638501107692719 0.5486937761306763 0.10987034440040588 0.056744396686553955
0 0.7917901873588562 0.5447463989257812 0.05526411533355713 0.048849523067474365
0 0.5470490455627441 0.5126734375953674 0.012500166893005371 0.012829184532165527
0 0.3095448911190033 0.5259960293769836 0.04868507385253906 0.018750309944152832
0 0.3552693724632263 0.5279697179794312 0.0325663685798645 0.030099213123321533
1 0.9460691809654236 0.5457332134246826 0.01644766330718994 0.06463927030563354
0 0.47040295600891113 0.5240223407745361 0.010526508092880249 0.012829184532165527
