0 0.41836249828338623 0.5621151924133301 0.04572448134422302 0.05477064847946167
0 0.5026403665542603 0.5322132110595703 0.01276347041130066 0.013618946075439453
0 0.4983639717102051 0.524762749671936 0.006579041481018066 0.008388340473175049
0 0.2898089587688446 0.6228725910186768 0.12094520032405853 0.13125228881835938
0 0.05534636229276657 0.6735315322875977 0.11069272458553314 0.16628581285476685
0 0.4789557456970215 0.5970499515533447 0.08026456832885742 0.10806113481521606
0 0.46461209654808044 0.5254037380218506 0.005592226982116699 0.005131363868713379
0 0.4631659984588623 0.5259960889816284 0.005592226982116699 0.006414592266082764
0 0.3924410939216614 0.5536280870437622 0.025658339262008667 0.03503352403640747
0 0.45740944147109985 0.5323047041893005 0.01492038369178772 0.019701838493347168
0 0.4718504250049591 0.5310286283493042 0.009210705757141113 0.010362029075622559
0 0.426652193069458 0.5294500589370728 0.00822383165359497 0.006414592266082764
0 0.4993508458137512 0.5580690503120422 0.033224254846572876 0.03740215301513672
0 0.4822452664375305 0.5250091552734375 0.003289550542831421 0.00592118501663208
0 0.4896465539932251 0.5221720933914185 0.01381632685661316 0.028989315032958984
0 0.4822452664375305 0.5250091552734375 0.0023026764392852783 0.003947436809539795
