0 0.6990253925323486 0.5161274671554565 0.002631664276123047 0.0049343109130859375
0 0.28882086277008057 0.5343843698501587 0.032566338777542114 0.03602033853530884
0 0.35099297761917114 0.5324106216430664 0.020066142082214355 0.024178028106689453
0 0.35066401958465576 0.5250091552734375 0.016776591539382935 0.0098685622215271
0 0.4204021096229553 0.520568311214447 0.007236987352371216 0.010855436325073242
0 0.38158562779426575 0.5452398061752319 0.03454005718231201 0.03700721263885498
0 0.4128361940383911 0.5215551853179932 0.009868592023849487 0.010855436325073242
0 0.15625274181365967 0.5324106216430664 0.021381959319114685 0.023191213607788086
0 0.2404647320508957 0.5171142816543579 0.030592650175094604 0.06463927030563354
0 0.17598992586135864 0.5102063417434692 0.013487085700035095 0.01924377679824829
0 0.5931024551391602 0.5565887093544006 0.04605346918106079 0.04983639717102051
0 0.37171703577041626 0.5324106216430664 0.020724058151245117 0.025164902210235596
0 0.491784930229187 0.5363580584526062 0.02138197422027588 0.023191213607788086
0 0.2174380123615265 0.5432660579681396 0.029276832938194275 0.04292839765548706
0 0.44704729318618774 0.5353711843490601 0.029934734106063843 0.037007272243499756
0 0.4723767042160034 0.5171142816543579 0.005263239145278931 0.00592118501663208
0 0.1861874759197235 0.5486937761306763 0.06184320151805878 0.06463927030563354
0 0.2516491413116455 0.5452398061752319 0.04144810140132904 0.042928338050842285
0 0.30855804681777954 0.5250091552734375 0.024671465158462524 0.037007272243499756
1 0.23289881646633148 0.5309303998947144 0.007565915584564209 0.019737184047698975
0 0.39507269859313965 0.525502622127533 0.012171268463134766 0.013815999031066895
1 0.2730311155319214 0.5309303402900696 0.006579071283340454 0.023191213607788086
0 0.2638204097747803 0.5309303402900696 0.029605761170387268 0.03305983543395996
0 0.38553306460380554 0.5264894962310791 0.010526478290557861 0.0049343109130859375
