1 0.19375339150428772 0.5264894962310791 0.02368462085723877 0.07746845483779907
0 0.5036272406578064 0.48158735036849976 0.008223801851272583 0.009868592023849487
0 0.44474461674690247 0.48282086849212646 0.003618478775024414 0.009868592023849487
1 0.18125316500663757 0.5235288739204407 0.0230267196893692 0.08042904734611511
0 0.26645204424858093 0.5299434661865234 0.10329128801822662 0.10510051250457764
0 0.7167888879776001 0.5866879224777222 0.1226995587348938 0.1174362301826477
1 0.5174432992935181 0.48356109857559204 0.00592118501663208 0.017763465642929077
1 0.1210547536611557 0.5363580584526062 0.022368818521499634 0.05970501899719238
0 0.47796887159347534 0.4793669581413269 0.009210675954818726 0.01085546612739563
0 0.03059264086186886 0.5077391862869263 0.06085633113980293 0.03996783494949341
0 0.34869030117988586 0.500831127166748 0.01578974723815918 0.02911233901977539
0 0.11612045019865036 0.5062588453292847 0.07664607465267181 0.04144808650016785
0 0.4401392936706543 0.4840545058250427 0.01118442416191101 0.015296310186386108
0 0.523775577545166 0.48639822006225586 0.012829184532165527 0.017763465642929077
0 0.9018162488937378 0.7485328912734985 0.19636750221252441 0.3000052571296692
0 0.5506675243377686 0.5077391862869263 0.02401357889175415 0.027632057666778564
0 0.457573801279068 0.48010703921318054 0.012500226497650146 0.016776621341705322
1 0.8940945863723755 0.5570821166038513 0.0424349308013916 0.11003482341766357
0 0.38191455602645874 0.4899756908416748 0.02138194441795349 0.02615177631378174
0 0.4261588156223297 0.48430120944976807 0.011842310428619385 0.016776591539382935
1 0.33684802055358887 0.520568311214447 0.02631625533103943 0.07450792193412781
1 0.10921243578195572 0.5393186807632446 0.015131846070289612 0.047862708568573
1 0.011842312291264534 0.525502622127533 0.019079282879829407 0.07352101802825928
0 0.48882433772087097 0.4768174886703491 0.012829184532165527 0.019243746995925903
0 0.41415199637413025 0.4884953498840332 0.01578974723815918 0.016776591539382935
0 0.6319189667701721 0.5452398061752319 0.057237863540649414 0.06217217445373535
0 0.3463876247406006 0.5077389478683472 0.012829214334487915 0.017270028591156006
1 0.45165273547172546 0.5000908970832825 0.011184334754943848 0.037253886461257935
0 0.36491867899894714 0.49721261858940125 0.011842310428619385 0.022204339504241943
