0 0.38191458582878113 0.5171142816543579 0.05230355262756348 0.059211552143096924
0 0.36809855699539185 0.48553478717803955 0.035855889320373535 0.013816028833389282
0 0.7526447772979736 0.670570969581604 0.2134905457496643 0.20822733640670776
0 0.24934646487236023 0.4939231276512146 0.026645183563232422 0.02911236882209778
0 0.5049430727958679 0.5215551853179932 0.010197550058364868 0.010855436325073242
0 0.5667862296104431 0.5146471261978149 0.046053409576416016 0.062172114849090576
0 0.6369210481643677 0.5689256191253662 0.09217411279678345 0.0980953574180603
0 0.2365172952413559 0.537838339805603 0.2805970013141632 0.15296322107315063
0 0.4230337142944336 0.5200749039649963 0.025658339262008667 0.015296339988708496
0 0.5309303402900696 0.5116865634918213 0.0424349308013916 0.03454011678695679
0 0.39112526178359985 0.488495409488678 0.051645636558532715 0.012335747480392456
0 0.024178054183721542 0.7159664630889893 0.048356108367443085 0.1406274437904358
0 0.5852075815200806 0.525502622127533 0.061514198780059814 0.07598817348480225
0 0.219082772731781 0.5491872429847717 0.15098947286605835 0.08980417251586914
0 0.39342817664146423 0.5084793567657471 0.058389127254486084 0.04835611581802368
