1 0.8674494028091431 0.5412923693656921 0.018750309944152832 0.0804290771484375
0 0.4095466434955597 0.532948911190033 0.03451019525527954 0.031220674514770508
1 0.2269776612520218 0.8044461011886597 0.17763468623161316 0.3911077380180359
1 0.6710643768310547 0.5220485925674438 0.010000228881835938 0.04105335474014282
1 0.679617166519165 0.5274763107299805 0.011842310428619385 0.04588896036148071
1 0.07565921545028687 0.579779863357544 0.02730310708284378 0.10460710525512695
0 0.49430689215660095 0.5009956359863281 0.005592226982116699 0.03492385149002075
0 0.4250074326992035 0.5696645975112915 0.07631713151931763 0.08832401037216187
0 0.5759968757629395 0.52303546667099 0.011842310428619385 0.03157949447631836
1 0.5309303402900696 0.5146471261978149 0.01019752025604248 0.02417808771133423
1 0.9805150032043457 0.5837273597717285 0.028196096420288086 0.11807042360305786
0 0.6072474718093872 0.5087040066719055 0.05690884590148926 0.0821395218372345
1 0.6613602638244629 0.5255025625228882 0.012829184532165527 0.03873413801193237
0 0.4655247628688812 0.549826443195343 0.027575969696044922 0.05738365650177002
1 0.6961901187896729 0.5299434661865234 0.014426946640014648 0.050705790519714355
1 0.12401533126831055 0.5758324265480042 0.01611870527267456 0.0789487361907959
1 0.8164616823196411 0.542772650718689 0.028947889804840088 0.09671223163604736
1 0.3425145447254181 0.5426727533340454 0.01611870527267456 0.05013006925582886
1 0.6848803758621216 0.5171142816543579 0.007565915584564209 0.040954649448394775
1 0.056415461003780365 0.7988626956939697 0.11283092200756073 0.4001714587211609
1 0.13519972562789917 0.5644835233688354 0.018750324845314026 0.0764816403388977
1 0.7778096795082092 0.5363580584526062 0.00937509536743164 0.065132737159729
1 0.3167818784713745 0.7312628030776978 0.09013316035270691 0.3172752857208252
1 0.8131721019744873 0.542772650718689 0.02631622552871704 0.09671223163604736
1 0.5855365991592407 0.5758324861526489 0.03980332612991333 0.11348885297775269
1 0.3746775984764099 0.5338909029960632 0.010197550058364868 0.03947436809539795
1 0.9049500226974487 0.5605361461639404 0.024671494960784912 0.10065966844558716
1 0.6901437044143677 0.5251736640930176 0.012280881404876709 0.042599380016326904
0 0.4782978296279907 0.5047785639762878 0.02927681803703308 0.043915241956710815
1 0.034869030117988586 0.5743521451950073 0.031579501926898956 0.10065966844558716
1 0.7493551969528198 0.533890962600708 0.018750369548797607 0.0675998330116272
1 0.7111966609954834 0.5106997489929199 0.013487100601196289 0.016776621341705322
1 0.6432528495788574 0.5163516998291016 0.008791983127593994 0.035661518573760986
1 0.6575772762298584 0.508232593536377 0.00592118501663208 0.01381605863571167
1 0.6404388546943665 0.5298941135406494 0.009210705757141113 0.037007272243499756
0 0.2539518177509308 0.5504208207130432 0.13519974052906036 0.15937772393226624
