1 0.7595527768135071 0.5259960889816284 0.013487100601196289 0.05625098943710327
0 0.40855979919433594 0.5299434661865234 0.030263692140579224 0.030592620372772217
0 0.08306066691875458 0.6454060077667236 0.16612133383750916 0.14901572465896606
0 0.5108640789985657 0.4939231276512146 0.013486981391906738 0.019737273454666138
0 0.42599427700042725 0.5654704570770264 0.06611958146095276 0.08536332845687866
1 0.01611870341002941 0.5644835233688354 0.018750328570604324 0.02417808771133423
0 0.5776417255401611 0.5215551853179932 0.011842310428619385 0.02911233901977539
1 0.21250371634960175 0.579779863357544 0.03223741054534912 0.11102169752120972
1 0.8036324977874756 0.5171142816543579 0.014473915100097656 0.020230591297149658
1 0.64244544506073 0.5195814371109009 0.009210705757141113 0.03454011678695679
1 0.11118615418672562 0.7159664630889893 0.07829083502292633 0.2674388885498047
0 0.6098791360855103 0.5102062821388245 0.059869468212127686 0.08684360980987549
0 0.46645569801330566 0.5469666719436646 0.027138561010360718 0.05921131372451782
1 0.19638502597808838 0.7781709432601929 0.16743715107440948 0.4436580538749695
1 0.6675738096237183 0.5204038619995117 0.011184394359588623 0.03947436809539795
1 0.4171125888824463 0.5758324861526489 0.038158565759658813 0.11348885297775269
1 0.32248377799987793 0.5270815491676331 0.008793830871582031 0.021283388137817383
0 0.6472148299217224 0.5124268531799316 0.015296339988708496 0.026892006397247314
1 0.7204073667526245 0.5042851567268372 0.011184394359588623 0.018010377883911133
1 0.03289531171321869 0.7732043266296387 0.06579062342643738 0.3172752857208252
1 0.7009991407394409 0.5235288739204407 0.008552730083465576 0.04736921191215515
0 0.3881646990776062 0.5077391266822815 0.02861890196800232 0.017763465642929077
0 0.47928470373153687 0.5062588453292847 0.01578974723815918 0.02072402834892273
1 0.7085649967193604 0.503298282623291 0.01611870527267456 0.024178028106689453
1 0.3727039694786072 0.5329039692878723 0.010197550058364868 0.03700721263885498
1 0.7493551969528198 0.533890962600708 0.018750369548797607 0.06365245580673218
1 0.15625274181365967 0.5960630774497986 0.029605790972709656 0.10460710525512695
0 0.49507445096969604 0.4993508458137512 0.019408226013183594 0.03305980563163757
1 0.46757224202156067 0.5108165740966797 0.24429959058761597 0.07045650482177734
1 0.6779723763465881 0.5225419998168945 0.013487100601196289 0.04835611581802368
1 0.46217912435531616 0.5758324861526489 0.02631625533103943 0.11102169752120972
1 0.6677748560905457 0.5171142816543579 0.008552789688110352 0.043421804904937744
1 0.6516561508178711 0.5097128748893738 0.007565915584564209 0.031579405069351196
0 0.2575702965259552 0.5462266206741333 0.12796276807785034 0.1613515019416809
