0 0.6082343459129333 0.5240223407745361 0.019408226013183594 0.04539555311203003
0 0.9549509286880493 0.5407989025115967 0.04769819974899292 0.010855495929718018
0 0.11916326731443405 0.7835663557052612 0.2383265346288681 0.36957883834838867
1 0.42731010913848877 0.500831127166748 0.00822383165359497 0.022697776556015015
1 0.805496335029602 0.5282986760139465 0.008004486560821533 0.012006759643554688
1 0.4128361642360687 0.48948222398757935 0.00822383165359497 0.012335747480392456
0 0.6411296129226685 0.5338909029960632 0.04769819974899292 0.05230355262756348
1 0.31612396240234375 0.5166208744049072 0.020395100116729736 0.08437645435333252
0 0.9183461666107178 0.6774789690971375 0.16330772638320923 0.2827352285385132
1 0.2980315089225769 0.5166208744049072 0.021710902452468872 0.0824027955532074
1 0.7019859552383423 0.540305495262146 0.007565915584564209 0.0325663685798645
1 0.8125791549682617 0.5273776054382324 0.008486926555633545 0.015592336654663086
1 0.8016587495803833 0.5269829034805298 0.005263268947601318 0.012335777282714844
0 0.5556018352508545 0.5284631848335266 0.009210705757141113 0.02368462085723877
0 0.8169541358947754 0.5723784565925598 0.09424477815628052 0.08610355854034424
0 0.4111914038658142 0.5353711843490601 0.04967191815376282 0.08536332845687866
1 0.5222131013870239 0.517361044883728 0.007565915584564209 0.0325663685798645
1 0.7411314249038696 0.5200749039649963 0.007565915584564209 0.00789487361907959
1 0.34901928901672363 0.4963902533054352 0.014144986867904663 0.05625098943710327
1 0.7605396509170532 0.5279697179794312 0.006907999515533447 0.011348903179168701
1 0.526324987411499 0.5042851567268372 0.004605352878570557 0.00789487361907959
0 0.4848769009113312 0.5171142816543579 0.054277241230010986 0.0690801739692688
0 0.511028528213501 0.5153873562812805 0.010032951831817627 0.03305980563163757
1 0.2432064414024353 0.521226167678833 0.02500040829181671 0.10526472330093384
0 0.5423613786697388 0.5269829034805298 0.014062702655792236 0.017516732215881348
0 0.5804377794265747 0.5269829034805298 0.057895779609680176 0.07154726982116699
0 0.7414603233337402 0.5546149611473083 0.06710642576217651 0.06463932991027832
0 0.43520498275756836 0.5338909029960632 0.025000452995300293 0.05526411533355713
1 0.6832356452941895 0.5324106216430664 0.004605352878570557 0.014802873134613037
1 0.6975212097167969 0.537697434425354 0.006908059120178223 0.03186136484146118
0 0.6697485446929932 0.5353711843490601 0.02401357889175415 0.03848749399185181
1 0.5322461128234863 0.5166208744049072 0.005263268947601318 0.028125524520874023
0 0.37961190938949585 0.5477069616317749 0.0924358069896698 0.10707420110702515
1 0.19737187027931213 0.5393186807632446 0.03519798815250397 0.13421288132667542
