0 0.7957377433776855 0.5205683708190918 0.04364120960235596 0.03174394369125366
0 0.45494216680526733 0.5166208744049072 0.016776621341705322 0.01578974723815918
1 0.1575685441493988 0.705111026763916 0.03519798815250397 0.11250197887420654
1 0.9953211545944214 0.5447463989257812 0.009357690811157227 0.04983639717102051
0 0.7825794219970703 0.5087260007858276 0.011184334754943848 0.005921125411987305
1 0.2907945513725281 0.6764920949935913 0.06940910220146179 0.17418068647384644
1 0.05032982677221298 0.6133331060409546 0.025658339262008667 0.07352101802825928
0 0.06916239112615585 0.5565886497497559 0.1383247822523117 0.10362023115158081
0 0.9972126483917236 0.5106997489929199 0.005574703216552734 0.018750369548797607
0 0.7353419065475464 0.513463020324707 0.01993459463119507 0.028520286083221436
1 0.03468097746372223 0.5873223543167114 0.03157952055335045 0.11764776706695557
0 0.7125124931335449 0.500831127166748 0.11776524782180786 0.0458889901638031
0 0.8394123315811157 0.519505500793457 0.05602318048477173 0.026303589344024658
0 0.7631712555885315 0.5136603116989136 0.04111909866333008 0.02911233901977539
0 0.44112613797187805 0.5240223407745361 0.025329411029815674 0.03207290172576904
1 0.32233309745788574 0.6320216655731201 0.0539071261882782 0.17714107036590576
0 0.35697996616363525 0.5388252139091492 0.03250053524971008 0.045691609382629395
0 0.8902860879898071 0.4985456168651581 0.07467246055603027 0.041058361530303955
0 0.3194134831428528 0.5205683708190918 0.020066142082214355 0.006907999515533447
0 0.6823583841323853 0.5172788500785828 0.029276788234710693 0.03602030873298645
1 0.1746741086244583 0.6774789094924927 0.03947436809539795 0.16381865739822388
0 0.3216402530670166 0.5457332134246826 0.05040577054023743 0.056744396686553955
0 0.3924410939216614 0.5269829034805298 0.030592650175094604 0.03700721263885498
0 0.153621107339859 0.5945827960968018 0.11579149961471558 0.11052829027175903
0 0.776724100112915 0.5020153522491455 0.005526423454284668 0.0063159167766571045
0 0.9539640545845032 0.5106997489929199 0.05526411533355713 0.04292839765548706
0 0.2332277148962021 0.5405522584915161 0.0924358069896698 0.04736924171447754
0 0.7483683824539185 0.5348777770996094 0.041777074337005615 0.042928338050842285
0 0.5414568185806274 0.5097128748893738 0.012500226497650146 0.012829184532165527
0 0.32993996143341064 0.5166208744049072 0.03782960772514343 0.013815999031066895
1 0.13585764169692993 0.6651432514190674 0.0750013068318367 0.2052667737007141
1 0.980938196182251 0.5111931562423706 0.006907999515533447 0.033553242683410645
0 0.36291757225990295 0.5227270722389221 0.03190845251083374 0.028002142906188965
0 0.4684292674064636 0.5185946226119995 0.012500196695327759 0.012829184532165527
1 0.8115273714065552 0.5087260007858276 0.005592226982116699 0.003947436809539795
