0 0.6006684303283691 0.5284631848335266 0.05822473764419556 0.0636523962020874
0 0.3884936571121216 0.4939231276512146 0.025000423192977905 0.04440867900848389
0 0.03478679433465004 0.6197476387023926 0.06957358866930008 0.17171353101730347
0 0.698367714881897 0.5852080583572388 0.13421297073364258 0.13149911165237427
1 0.3194134831428528 0.49688369035720825 0.006907999515533447 0.02911233901977539
0 0.2638204097747803 0.5422792434692383 0.049671903252601624 0.07204073667526245
0 0.37007227540016174 0.4993508458137512 0.03223741054534912 0.04440867900848389
0 0.1539500653743744 0.5837273597717285 0.12993648648262024 0.1174362301826477
0 0.5585624575614929 0.4993511438369751 0.03322434425354004 0.042928457260131836
0 0.9556822776794434 0.8121852874755859 0.0886353850364685 0.29901838302612305
0 0.42648768424987793 0.4947129487991333 0.007533043622970581 0.020724058151245117
0 0.5700757503509521 0.5037916898727417 0.04046124219894409 0.04983636736869812
0 0.4131651222705841 0.49096253514289856 0.03125053644180298 0.03602033853530884
1 0.3322426676750183 0.4919493794441223 0.006908029317855835 0.028125494718551636
0 0.22648406028747559 0.5546152591705322 0.07006706297397614 0.09054452180862427
0 0.5332329869270325 0.49046945571899414 0.023026704788208008 0.02911236882209778
0 0.3569141626358032 0.5106997489929199 0.04243496060371399 0.04144805669784546
0 0.5220485925674438 0.48701509833335876 0.011184394359588623 0.020724058151245117
