1 0.3960595726966858 0.5235288739204407 0.01282915472984314 0.04983636736869812
0 0.6062605977058411 0.5546150207519531 0.07401442527770996 0.08240276575088501
1 0.6740248799324036 0.5333974957466125 0.027961015701293945 0.08519884943962097
0 0.5483648777008057 0.5106997489929199 0.011513352394104004 0.017270028591156006
1 0.17700059711933136 0.5612635612487793 0.2494654357433319 0.11620980501174927
0 0.58487868309021 0.5131669044494629 0.01940828561782837 0.01924377679824829
0 0.5368515253067017 0.5062588453292847 0.007565915584564209 0.014309465885162354
0 0.469416081905365 0.5092194080352783 0.010197550058364868 0.012335717678070068
1 0.3924410939216614 0.5235289335250854 0.011842340230941772 0.035526931285858154
0 0.5434305667877197 0.5092194080352783 0.01019752025604248 0.016776621341705322
0 0.6641563177108765 0.47369247674942017 0.051316678524017334 0.07549473643302917
1 0.0654616728425026 0.542772650718689 0.011842314153909683 0.04736924171447754
0 0.5759969353675842 0.5116865634918213 0.017105579376220703 0.02417808771133423
0 0.5046141147613525 0.5161274671554565 0.07401445508003235 0.03700724244117737
1 0.7960665225982666 0.540305495262146 0.028947889804840088 0.12237057089805603
0 0.22599080204963684 0.5644835233688354 0.07006700336933136 0.06661301851272583
0 0.3282952308654785 0.520568311214447 0.09473851323127747 0.04983639717102051
1 0.3263215124607086 0.531423807144165 0.01611870527267456 0.05625098943710327
0 0.46020543575286865 0.5146471858024597 0.01940825581550598 0.020724058151245117
0 0.5250091552734375 0.5047785639762878 0.02861887216567993 0.01677665114402771
0 0.6042869091033936 0.5092194080352783 0.01578974723815918 0.012335717678070068
0 0.26579412817955017 0.5472135543823242 0.04638238251209259 0.05970495939254761
0 0.5615229606628418 0.5116865634918213 0.02171093225479126 0.017270028591156006
0 0.6207345724105835 0.5077391862869263 0.026645243167877197 0.016776621341705322
0 0.4413454532623291 0.5153050422668457 0.01578974723815918 0.016776621341705322
1 0.2421095073223114 0.5235289335250854 0.008552774786949158 0.01924377679824829
0 0.04983639717102051 0.6241885423660278 0.09967279434204102 0.11792969703674316
0 0.23717519640922546 0.5245157480239868 0.0674353837966919 0.03996777534484863
