0 0.5036272406578064 0.531423807144165 0.00789487361907959 0.010855495929718018
0 0.5151407122612 0.5279697179794312 0.005263209342956543 0.00592118501663208
0 0.4210599958896637 0.5363580584526062 0.018750309944152832 0.031086087226867676
0 0.3901383876800537 0.5491872429847717 0.022697776556015015 0.02516496181488037
0 0.49204811453819275 0.5757337808609009 0.05065876245498657 0.05664569139480591
0 0.49441689252853394 0.5379362106323242 0.02085554599761963 0.01578974723815918
0 0.4707319736480713 0.536604642868042 0.013487070798873901 0.014802932739257812
0 0.5075746774673462 0.5245157480239868 0.00789487361907959 0.005921125411987305
0 0.43454688787460327 0.5333973169326782 0.0105266273021698 0.02565842866897583
0 0.4421128034591675 0.5353710651397705 0.009210675954818726 0.011842668056488037
0 0.5463911294937134 0.531423807144165 0.00789487361907959 0.0098685622215271
