0 0.8690941333770752 0.5664572715759277 0.10921245813369751 0.07993561029434204
0 0.11184406280517578 0.542772650718689 0.02631625533103943 0.016776561737060547
0 0.19342443346977234 0.6380045413970947 0.11644940078258514 0.13174575567245483
0 0.48356109857559204 0.5817536115646362 0.08783045411109924 0.07401442527770996
0 0.08930949121713638 0.5521430969238281 0.04177704453468323 0.03010004758834839
0 0.3233609199523926 0.5580689907073975 0.05855363607406616 0.04440867900848389
0 0.9553533792495728 0.5477069616317749 0.08929330110549927 0.06562614440917969
0 0.13717344403266907 0.5526412725448608 0.050658777356147766 0.03799408674240112
0 0.5996814966201782 0.5279697179794312 0.05625098943710327 0.025164902210235596
0 0.4595475196838379 0.5412923693656921 0.08750152587890625 0.05181014537811279
0 0.33684802055358887 0.537838339805603 0.025329381227493286 0.014309465885162354
0 0.10526499897241592 0.5343843698501587 0.04309286177158356 0.014309465885162354
