0 0.26974156498908997 0.5324106216430664 0.07796187698841095 0.05427730083465576
0 0.14144983887672424 0.4983639717102051 0.03618483990430832 0.017270058393478394
1 0.48031845688819885 0.5037916898727417 0.013158142566680908 0.019737184047698975
0 0.22138544917106628 0.5338909029960632 0.059869468212127686 0.0212174654006958
1 0.16037780046463013 0.4941205382347107 0.005592212080955505 0.022269338369369507
0 0.21381953358650208 0.4766530692577362 0.01611870527267456 0.019737184047698975
0 0.5289566516876221 0.5250091552734375 0.04473763704299927 0.030099213123321533
0 0.5556018352508545 0.5309303402900696 0.022697806358337402 0.041448116302490234
0 0.05131668597459793 0.500831127166748 0.030263688415288925 0.0212174654006958
0 0.06743539124727249 0.5980367660522461 0.13388390839099884 0.11940997838973999
0 0.2667809724807739 0.5067522525787354 0.0190792977809906 0.008388340473175049
0 0.1500026285648346 0.4939231276512146 0.03782960772514343 0.02417805790901184
0 0.25460970401763916 0.47566622495651245 0.009539633989334106 0.011348873376846313
0 0.7368550300598145 0.5111931562423706 0.006579101085662842 0.014309406280517578
0 0.3684275150299072 0.5891550779342651 0.08158037066459656 0.08980423212051392
1 0.37994086742401123 0.5210617780685425 0.015131831169128418 0.030099213123321533
0 0.146384134888649 0.5778061747550964 0.07204072922468185 0.08092248439788818
0 0.8736994862556458 0.5250092148780823 0.04572451114654541 0.05822470784187317
0 0.650669276714325 0.5166208744049072 0.1746741533279419 0.09967279434204102
0 0.19506970047950745 0.508232593536377 0.04375053942203522 0.02417805790901184
1 0.1309233456850052 0.5037916898727417 0.006579071283340454 0.019737184047698975
0 0.009786355309188366 0.6518206000328064 0.019572710618376732 0.08092248439788818
0 0.48717957735061646 0.5738587379455566 0.08750152587890625 0.046875834465026855
0 0.20181293785572052 0.48183417320251465 0.011513352394104004 0.008388310670852661
0 0.2250039279460907 0.5906352996826172 0.11217300593852997 0.11398226022720337
0 0.8460674285888672 0.5136603116989136 0.024671494960784912 0.025658369064331055
0 0.2289513647556305 0.4766530990600586 0.007565930485725403 0.01282915472984314
0 0.8042904138565063 0.6034644842147827 0.18125313520431519 0.1421077847480774
0 0.1404629945755005 0.5338909029960632 0.11677835881710052 0.046875834465026855
0 0.12927858531475067 0.4840545058250427 0.0115133598446846 0.017270058393478394
0 0.07796189188957214 0.4939230978488922 0.0115133598446846 0.022697746753692627
1 0.35625624656677246 0.48109495639801025 0.005098432302474976 0.019244104623794556
0 0.2828996777534485 0.5778061747550964 0.05032983422279358 0.07549476623535156
0 0.2230302095413208 0.4766530692577362 0.005592212080955505 0.01578974723815918
1 0.1746741086244583 0.48948222398757935 0.006579071283340454 0.025658339262008667
1 0.9013315439224243 0.5264894962310791 0.017105579376220703 0.06266558170318604
0 0.29901838302612305 0.47566622495651245 0.003947436809539795 0.014309465885162354
0 0.303952693939209 0.4766530692577362 0.011513352394104004 0.01578974723815918
0 0.15671351552009583 0.4864230751991272 0.03822432458400726 0.018256813287734985
0 0.7483683824539185 0.5136603116989136 0.026645243167877197 0.0212174654006958
0 0.06842225044965744 0.49688369035720825 0.019079282879829407 0.024178028106689453
0 0.27171528339385986 0.4954034090042114 0.051316678524017334 0.05427730083465576
0 0.23553043603897095 0.4766530692577362 0.011513352394104004 0.014309465885162354
0 0.08815944194793701 0.49096253514289856 0.0115133598446846 0.01578974723815918
0 0.9183461666107178 0.6592220067977905 0.16330772638320923 0.16381865739822388
0 0.38191455602645874 0.5610295534133911 0.054277271032333374 0.05970501899719238
0 0.48158738017082214 0.6547812223434448 0.13881820440292358 0.16233831644058228
0 0.0921068787574768 0.4810939431190491 0.022697769105434418 0.012829184532165527
0 0.4766530990600586 0.5422792434692383 0.08552780747413635 0.08240276575088501
0 0.3134923279285431 0.4781333804130554 0.015131831169128418 0.017270058393478394
0 0.09112001955509186 0.48701509833335876 0.02006613463163376 0.01578974723815918
0 0.10789675265550613 0.48306748270988464 0.015131846070289612 0.014309465885162354
