0 0.5296145677566528 0.5279697775840759 0.018750369548797607 0.017763495445251465
0 0.6253398656845093 0.5259960889816284 0.033882200717926025 0.01776343584060669
0 0.029852496460080147 0.6005039215087891 0.059704992920160294 0.08684360980987549
0 0.5075746774673462 0.5259960293769836 0.025329381227493286 0.038980960845947266
0 0.6161291599273682 0.5185946226119995 0.012500226497650146 0.010855436325073242
0 0.5394831299781799 0.5269829034805298 0.013815999031066895 0.017763495445251465
0 0.5210617780685425 0.5309303998947144 0.00789487361907959 0.019737184047698975
0 0.6773145198822021 0.5368515253067017 0.04934293031692505 0.03799408674240112
0 0.48717957735061646 0.5338909029960632 0.02401357889175415 0.03404664993286133
0 0.12237056344747543 0.5728718638420105 0.1631607562303543 0.08092248439788818
0 0.4457314908504486 0.5299434661865234 0.0480271577835083 0.025164902210235596
0 0.46250808238983154 0.5279697775840759 0.02861890196800232 0.023191213607788086
0 0.5927735567092896 0.5437594652175903 0.03454011678695679 0.03799408674240112
0 0.6940910816192627 0.5457332134246826 0.06710642576217651 0.04490208625793457
0 0.32993999123573303 0.5457332134246826 0.07664608955383301 0.03602033853530884
0 0.5516543388366699 0.5215551853179932 0.03914541006088257 0.019737184047698975
