0 0.45505183935165405 0.5118510723114014 0.007675588130950928 0.00789487361907959
0 0.4365208148956299 0.5477069616317749 0.041119128465652466 0.04588896036148071
0 0.32401883602142334 0.5329040288925171 0.022697776556015015 0.029112398624420166
0 0.275202214717865 0.526193380355835 0.017960846424102783 0.011842310428619385
0 0.4090861678123474 0.5185946226119995 0.013816028833389282 0.012829184532165527
0 0.2960578203201294 0.5358645915985107 0.029934734106063843 0.035033464431762695
1 0.14901576936244965 0.5393186807632446 0.011513352394104004 0.02565830945968628
0 0.334545373916626 0.5289566516876221 0.014144957065582275 0.02861887216567993
0 0.8236986398696899 0.5477069616317749 0.17763471603393555 0.1075676679611206
0 0.1996745467185974 0.5847141742706299 0.23224091529846191 0.11891651153564453
0 0.057402320206165314 0.9412494897842407 0.11480464041233063 0.11750102043151855
0 0.035592757165431976 0.5441542863845825 0.014342352747917175 0.00592118501663208
0 0.14572623372077942 0.5457332134246826 0.03717169165611267 0.03404664993286133
0 0.5628387928009033 0.5664572715759277 0.15625274181365967 0.0828961730003357
0 0.10658080875873566 0.5575755834579468 0.0500008687376976 0.02171093225479126
0 0.23026718199253082 0.5329040288925171 0.01611870527267456 0.012829124927520752
0 0.07284319400787354 0.5450111627578735 0.01118440181016922 0.0098685622215271
0 0.0026316249277442694 0.5565886497497559 0.003947437275201082 0.00592118501663208
0 0.01940823346376419 0.5477069616317749 0.007894875481724739 0.003947436809539795
0 0.12605486810207367 0.5449436902999878 0.01868462562561035 0.011447608470916748
0 0.4819163382053375 0.5126734375953674 0.003947436809539795 0.009868621826171875
0 0.2786232829093933 0.5398120880126953 0.022697776556015015 0.02911233901977539
0 0.4750083088874817 0.5126734972000122 0.011184394359588623 0.011842310428619385
0 0.3687564730644226 0.5250091552734375 0.017434507608413696 0.020723998546600342
0 0.0557575561106205 0.5965564846992493 0.111515112221241 0.0789487361907959
0 0.23553043603897095 0.5457332134246826 0.00789487361907959 0.02417808771133423
0 0.8925232887268066 0.5625098943710327 0.21495336294174194 0.10362023115158081
0 0.26085996627807617 0.5412923097610474 0.029934406280517578 0.03157949447631836
0 0.04868508130311966 0.5437595248222351 0.008552782237529755 0.009868621826171875
0 0.5065878033638 0.512179970741272 0.019737213850021362 0.011842310428619385
0 0.3917831778526306 0.5195814371109009 0.013816028833389282 0.016776621341705322
0 0.6213924884796143 0.5526412725448608 0.08651465177536011 0.06167870759963989
