0 0.45263949036598206 0.6236951351165771 0.10954135656356812 0.11052823066711426
0 0.2687547206878662 0.5822470188140869 0.07072493433952332 0.05526411533355713
0 0.04243495315313339 0.5931024551391602 0.060856327414512634 0.07746845483779907
0 0.3789539933204651 0.5960630774497986 0.08914628624916077 0.08141589164733887
0 0.22533288598060608 0.5699112415313721 0.03223741054534912 0.033059775829315186
0 0.02500043623149395 0.5669506788253784 0.049671921879053116 0.033059775829315186
0 0.029852496460080147 0.6384980082511902 0.059704992920160294 0.11743628978729248
0 0.17763468623161316 0.5570821166038513 0.028618931770324707 0.022204279899597168
0 0.1884901523590088 0.571719765663147 0.06447480618953705 0.04358643293380737
0 0.31842660903930664 0.5891550779342651 0.07368549704551697 0.060691893100738525
