0 0.12039684504270554 0.5462266206741333 0.020724043250083923 0.014309465885162354
2 0.05493517220020294 0.5625098347663879 0.014144986867904663 0.045395493507385254
0 0.02828996814787388 0.542772650718689 0.039145421236753464 0.019243717193603516
0 0.5585623979568481 0.6212279796600342 0.14177879691123962 0.12237060070037842
0 0.09737012535333633 0.5575755834579468 0.044737622141838074 0.0325663685798645
0 0.0007401445182040334 0.5644835233688354 0.0014802890364080667 0.0098685622215271
0 0.3480324149131775 0.5664572715759277 0.0730275809764862 0.05871814489364624
0 0.14375251531600952 0.5560952425003052 0.05592203140258789 0.04490208625793457
0 0.7171177864074707 0.5156340599060059 0.07204073667526245 0.025164902210235596
0 0.5236933827400208 0.5467200875282288 0.11842313408851624 0.07006704807281494
0 0.3631642460823059 0.5393186807632446 0.03750064969062805 0.022204339504241943
0 0.13519974052906036 0.5398120880126953 0.07171178609132767 0.022697746753692627
