0 0.16579237580299377 0.538825273513794 0.011184394359588623 0.011842310428619385
0 0.685585618019104 0.5509498119354248 0.01828056573867798 0.021500051021575928
0 0.5921156406402588 0.5388252139091492 0.010526478290557861 0.010855436325073242
0 0.34342706203460693 0.5447463989257812 0.027961015701293945 0.012829124927520752
0 0.32204511761665344 0.5437595248222351 0.02335566282272339 0.013815999031066895
0 0.1769767701625824 0.5398120880126953 0.019408240914344788 0.011842310428619385
0 0.58487868309021 0.5457332134246826 0.009210646152496338 0.011842310428619385
0 0.6671169996261597 0.5462268590927124 0.008552730083465576 0.012829184532165527
0 0.7717240452766418 0.5664572715759277 0.020066142082214355 0.0049343109130859375
0 0.9648195505142212 0.5565887093544006 0.020723998546600342 0.01578974723815918
0 0.6559325456619263 0.5437594652175903 0.008552789688110352 0.011842310428619385
0 0.622050404548645 0.5728718638420105 0.01611870527267456 0.038980960845947266
0 0.15625274181365967 0.5486937761306763 0.03256635367870331 0.011842310428619385
0 0.6753407716751099 0.5457332134246826 0.011184394359588623 0.01578974723815918
0 0.30066317319869995 0.5426849722862244 0.017434507608413696 0.014890551567077637
0 0.5921740531921387 0.6354497671127319 0.09644168615341187 0.13668006658554077
1 0.10329154133796692 0.5585625171661377 0.011678054928779602 0.013322889804840088
0 0.5925543308258057 0.5431015491485596 0.011184394359588623 0.0029606223106384277
0 0.5954051613807678 0.5561938285827637 0.056185245513916016 0.030691206455230713
0 0.6042869091033936 0.5847141742706299 0.0480271577835083 0.04884958267211914
0 0.07401445508003235 0.5467200875282288 0.035855893045663834 0.014802932739257812
0 0.12763381004333496 0.5457332134246826 0.05587717145681381 0.01578974723815918
0 0.6947489976882935 0.5477069616317749 0.00789487361907959 0.012829184532165527
0 0.6036289930343628 0.5417857766151428 0.010526537895202637 0.0049343109130859375
0 0.7950797080993652 0.707578182220459 0.280925989151001 0.3004986643791199
0 0.8158037662506104 0.5674441456794739 0.0424349308013916 0.02516496181488037
0 0.42796802520751953 0.5447463989257812 0.02138194441795349 0.010855495929718018
0 0.491784930229187 0.574845552444458 0.03848755359649658 0.040954649448394775
0 0.5536282658576965 0.599187970161438 0.01831197738647461 0.05444234609603882
