0 0.9398925304412842 0.5975433588027954 0.12021487951278687 0.11200857162475586
0 0.531259298324585 0.4978705644607544 0.006579041481018066 0.005427718162536621
0 0.6661300659179688 0.5161274671554565 0.014802873134613037 0.03602039813995361
0 0.5138248205184937 0.4978705644607544 0.017434537410736084 0.02368462085723877
0 0.34145334362983704 0.5245157480239868 0.04901403188705444 0.05674442648887634
0 0.5764570236206055 0.5089236497879028 0.033224284648895264 0.03750067949295044
0 0.415138840675354 0.5037916898727417 0.02138197422027588 0.030592650175094604
0 0.5572465658187866 0.500831127166748 0.02401357889175415 0.03157949447631836
0 0.29704469442367554 0.5245157480239868 0.04243496060371399 0.059704989194869995
0 0.45099472999572754 0.48553478717803955 0.03881645202636719 0.06513270735740662
0 0.5812602043151855 0.49096256494522095 0.016447603702545166 0.009868592023849487
0 0.5184301137924194 0.5037916898727417 0.025000452995300293 0.030592650175094604
1 0.8161327242851257 0.5131669044494629 0.015131831169128418 0.03848749399185181
0 0.32204508781433105 0.5353711843490601 0.033224254846572876 0.0537838339805603
0 0.3634932041168213 0.5215551853179932 0.022039860486984253 0.04440867900848389
0 0.684551477432251 0.5215551853179932 0.04243499040603638 0.046875834465026855
0 0.7342233657836914 0.5146471858024597 0.06381690502166748 0.03157952427864075
0 0.07459012418985367 0.6182674169540405 0.14918024837970734 0.14506834745407104
0 0.7760003805160522 0.5245157480239868 0.059869468212127686 0.013815999031066895
0 0.5968852043151855 0.5084795355796814 0.00822383165359497 0.022944241762161255
0 0.6988599300384521 0.5222960710525513 0.034210801124572754 0.029606878757476807
0 0.46777135133743286 0.49688369035720825 0.009210675954818726 0.010855436325073242
0 0.6289581060409546 0.5194187164306641 0.06644850969314575 0.0784548819065094
0 0.5434305667877197 0.49688369035720825 0.01644766330718994 0.02911233901977539
0 0.7664607763290405 0.6626760959625244 0.28520238399505615 0.2921103835105896
0 0.14671309292316437 0.5852075815200806 0.07204073667526245 0.10213989019393921
0 0.5019824504852295 0.4954034090042114 0.011842310428619385 0.015296339988708496
1 0.20724046230316162 0.5042851567268372 0.015789762139320374 0.025658369064331055
0 0.37928295135498047 0.4978705644607544 0.05625098943710327 0.07746842503547668
0 0.4723767042160034 0.49688369035720825 0.009210675954818726 0.010855436325073242
0 0.4825742244720459 0.49688369035720825 0.01842138171195984 0.024671465158462524
0 0.5644835829734802 0.48701509833335876 0.019408226013183594 0.015296339988708496
0 0.24737274646759033 0.5812602043151855 0.15855538845062256 0.1618449091911316
1 0.1572422832250595 0.5262422561645508 0.021710902452468872 0.0347864031791687
0 0.4079018831253052 0.5116865634918213 0.00822383165359497 0.024671494960784912
0 0.45658695697784424 0.5269829034805298 0.049014002084732056 0.05526411533355713
0 0.42857134342193604 0.4993508458137512 0.009539783000946045 0.020724058151245117
