0 0.5369945168495178 0.539673924446106 0.02584707736968994 0.03595024347305298
0 0.635147213935852 0.5911315679550171 0.08263641595840454 0.11901813745498657
0 0.5261631608009338 0.5273575782775879 0.03626751899719238 0.043421804904937744
0 0.5819180607795715 0.5565886497497559 0.07039594650268555 0.0750012993812561
0 0.33125415444374084 0.540508508682251 0.034870684146881104 0.04737168550491333
0 0.49277177453041077 0.5289566516876221 0.020395100116729736 0.026645243167877197
0 0.7969268560409546 0.6845389604568481 0.21315091848373413 0.20048916339874268
0 0.7306182384490967 0.6160901784896851 0.20715898275375366 0.1915319561958313
1 0.6056026816368103 0.5245157480239868 0.008552789688110352 0.020724058151245117
0 0.5467722415924072 0.5489101409912109 0.044645607471466064 0.05794411897659302
0 0.35428252816200256 0.537838339805603 0.01611870527267456 0.030592620372772217
0 0.5039561986923218 0.5324106216430664 0.01875033974647522 0.017763495445251465
1 0.184871643781662 0.5610295534133911 0.010855451226234436 0.02911233901977539
0 0.4572448432445526 0.5299434661865234 0.024671494960784912 0.01776343584060669
0 0.21579909324645996 0.5734435319900513 0.07954961061477661 0.07672661542892456
0 0.29057711362838745 0.5554345846176147 0.048683613538742065 0.04572349786758423
0 0.3194134831428528 0.5477069616317749 0.0365138053894043 0.040954649448394775
