0 0.03881647065281868 0.47171878814697266 0.06447481364011765 0.0345400869846344
0 0.12537166476249695 0.7973846197128296 0.2507433295249939 0.3608230948448181
1 0.7938297390937805 0.5340883731842041 0.01690816879272461 0.033750832080841064
1 0.2667809724807739 0.508232593536377 0.010526508092880249 0.05970501899719238
1 0.16266697645187378 0.4667844772338867 0.01266467571258545 0.023437798023223877
0 0.2592150568962097 0.6626760959625244 0.19835874438285828 0.201812744140625
1 0.2848733961582184 0.49096253514289856 0.011513352394104004 0.04391521215438843
1 0.272702157497406 0.48948222398757935 0.011513382196426392 0.04687580466270447
1 0.22599080204963684 0.5037916898727417 0.01611870527267456 0.07697504758834839
0 0.7872945070266724 0.5692534446716309 0.05690890550613403 0.0649682879447937
1 0.8006719350814819 0.533890962600708 0.012500226497650146 0.030099213123321533
1 0.6539586782455444 0.5163740515708923 0.005427658557891846 0.029399991035461426
0 0.17434516549110413 0.4939231276512146 0.08750154078006744 0.045888930559158325
1 0.6794529557228088 0.5218023061752319 0.011513352394104004 0.03922802209854126
1 0.7890270352363586 0.5321146845817566 0.01289510726928711 0.04036271572113037
0 0.8081284761428833 0.5773128271102905 0.07774251699447632 0.06546199321746826
0 0.3579009771347046 0.5084793567657471 0.05033060908317566 0.047122687101364136
1 0.8279750347137451 0.5279697775840759 0.004605352878570557 0.012829184532165527
0 0.6125107407569885 0.5161274671554565 0.023026704788208008 0.0345400869846344
0 0.7683252096176147 0.5649770498275757 0.04144805669784546 0.05871826410293579
0 0.7776452302932739 0.533890962600708 0.017434537410736084 0.01924377679824829
0 0.8343901634216309 0.5852077603340149 0.05263262987136841 0.057238221168518066
0 0.32368987798690796 0.6074119806289673 0.11908102035522461 0.13964062929153442
0 0.8819893598556519 0.607313334941864 0.05236935615539551 0.07687640190124512
1 0.3019789755344391 0.4954034090042114 0.011513352394104004 0.03700721263885498
0 0.493100643157959 0.5353714227676392 0.2282935082912445 0.3880825638771057
0 0.7350223064422607 0.539036750793457 0.09229487180709839 0.04927253723144531
0 0.08865334093570709 0.4840545058250427 0.08536230772733688 0.049096107482910156
1 0.645077109336853 0.5195814371109009 0.008552730083465576 0.037500739097595215
0 0.7814047932624817 0.5226125717163086 0.02692723274230957 0.028477966785430908
1 0.234543576836586 0.5250091552734375 0.028618931770324707 0.07993561029434204
0 0.9481989145278931 0.6224617958068848 0.10360223054885864 0.13680356740951538
0 0.007894874550402164 0.47171878814697266 0.01578974910080433 0.04144808650016785
1 0.3344354033470154 0.5139893889427185 0.019956618547439575 0.06233692169189453
0 0.8476303219795227 0.5805201530456543 0.08322525024414062 0.08918750286102295
1 0.6562615036964417 0.5173614025115967 0.007566094398498535 0.02935922145843506
1 0.6628405451774597 0.5120155811309814 0.00789487361907959 0.030099213123321533
