0 0.5796153545379639 0.6937621831893921 0.04769819974899292 0.033059775829315186
0 0.5539570450782776 0.7036307454109192 0.01644766330718994 0.017763495445251465
0 0.9043656587600708 0.7815016508102417 0.19126874208450317 0.4369966983795166
0 0.2944130301475525 0.6814264059066772 0.0809224545955658 0.05674445629119873
0 0.488495409488678 0.6982029676437378 0.03684273362159729 0.024671494960784912
0 0.3210582435131073 0.6898146867752075 0.05888259410858154 0.03848749399185181
0 0.08330737799406052 0.6567549109458923 0.16661475598812103 0.10460710525512695
0 0.6743539571762085 0.7090584635734558 0.011842310428619385 0.006908059120178223
0 0.3532956540584564 0.707578182220459 0.017434537410736084 0.006907999515533447
0 0.8940945863723755 0.6607023477554321 0.025000452995300293 0.024671435356140137
0 0.25082701444625854 0.677232027053833 0.06661275029182434 0.06488591432571411
0 0.18684537708759308 0.6661300659179688 0.08750152587890625 0.08832389116287231
