0 0.6115238666534424 0.5368515253067017 0.07533025741577148 0.03404664993286133
0 0.5134958028793335 0.5358646512031555 0.04046124219894409 0.03602039813995361
0 0.5654704570770264 0.5407989025115967 0.021381914615631104 0.030099213123321533
0 0.9581494331359863 0.9247195720672607 0.08370107412338257 0.15056079626083374
0 0.3539535701274872 0.5817536115646362 0.06052738428115845 0.06759989261627197
0 0.49112701416015625 0.5240223407745361 0.03454005718231201 0.019737184047698975
0 0.6954069137573242 0.5605361461639404 0.08190929889678955 0.0730276107788086
0 0.40658605098724365 0.5437595248222351 0.05065879225730896 0.02615177631378174
0 0.40395456552505493 0.5620163679122925 0.04391518235206604 0.05427718162536621
0 0.46382397413253784 0.5398119688034058 0.026974111795425415 0.026645123958587646
0 0.1210547462105751 0.579779863357544 0.23289881646633148 0.1268114447593689
0 0.3227030038833618 0.5486937761306763 0.07993561029434204 0.03898090124130249
0 0.4878374934196472 0.5368515253067017 0.030592679977416992 0.030099213123321533
0 0.6161291599273682 0.5457332134246826 0.06973809003829956 0.038980960845947266
0 0.5477069616317749 0.5368515253067017 0.03388214111328125 0.030099213123321533
0 0.34474289417266846 0.5299434661865234 0.016776591539382935 0.012829184532165527
