0 0.40636056661605835 0.5004247426986694 0.00783035159111023 0.003947436809539795
0 0.5322461128234863 0.4978705644607544 0.004605352878570557 0.009868621826171875
0 0.35658517479896545 0.49885737895965576 0.011842310428619385 0.00493428111076355
0 0.5359405279159546 0.4867874085903168 0.006857395172119141 0.004744529724121094
0 0.3786250352859497 0.4978705644607544 0.010526508092880249 0.009868621826171875
0 0.4977060854434967 0.5319161415100098 0.04539555311203003 0.04885059595108032
0 0.2884918451309204 0.4978705644607544 0.014638394117355347 0.013816028833389282
0 0.47145551443099976 0.49560022354125977 0.0076315999031066895 0.007697433233261108
0 0.5401409864425659 0.49885743856430054 0.011842310428619385 0.013816028833389282
0 0.5539574027061462 0.4978705644607544 0.012500166893005371 0.011842280626296997
0 0.3338874280452728 0.4998442530632019 0.012500226497650146 0.010855436325073242
0 0.24934646487236023 0.5037916898727417 0.01611870527267456 0.00592118501663208
0 0.280762255191803 0.5314236283302307 0.08684316277503967 0.08240208029747009
0 0.30658429861068726 0.4899756908416748 0.032566338777542114 0.030099183320999146
0 0.3852009177207947 0.4952397346496582 0.014475136995315552 0.009868621826171875
0 0.49902188777923584 0.4963902533054352 0.029605746269226074 0.04391521215438843
0 0.5523123145103455 0.5156340599060059 0.02927684783935547 0.03207296133041382
0 0.4572448432445526 0.500831127166748 0.011184394359588623 0.011842340230941772
0 0.5243512392044067 0.49688369035720825 0.017434537410736084 0.027138620615005493
0 0.08914629369974136 0.7949151992797852 0.17829258739948273 0.3271438479423523
0 0.47040295600891113 0.4840545058250427 0.006579071283340454 0.005921155214309692
0 0.36524346470832825 0.48964715003967285 0.017215490341186523 0.023849517107009888
