0 0.42171791195869446 0.457902729511261 0.012829184532165527 0.02072402834892273
0 0.5921156406402588 0.4939231276512146 0.03223741054534912 0.03750064969062805
0 0.588470458984375 0.48553481698036194 0.02598726749420166 0.030592620372772217
0 0.56843101978302 0.46962040662765503 0.020395100116729736 0.027632057666778564
0 0.6779724359512329 0.579779863357544 0.054277241230010986 0.05526411533355713
0 0.514811635017395 0.4554356038570404 0.007631778717041016 0.006907999515533447
0 0.37730923295021057 0.48553478717803955 0.033224284648895264 0.03898093104362488
0 0.41612571477890015 0.460863322019577 0.016447633504867554 0.022204339504241943
0 0.42994171380996704 0.45217815041542053 0.014802902936935425 0.01924377679824829
0 0.40033596754074097 0.4746793508529663 0.01842138171195984 0.02615177631378174
1 0.6006684303283691 0.46382391452789307 0.004934251308441162 0.021710902452468872
0 0.2947556972503662 0.5990236401557922 0.07623487710952759 0.08141589164733887
0 0.41833436489105225 0.5875337719917297 0.0711948573589325 0.09276473522186279
0 0.6503403186798096 0.5575755834579468 0.046053409576416016 0.051316678524017334
0 0.40855979919433594 0.46629106998443604 0.016447633504867554 0.024671465158462524
1 0.25658342242240906 0.5274763107299805 0.016118690371513367 0.040954649448394775
0 0.34671658277511597 0.5047785639762878 0.03684273362159729 0.04440867900848389
0 0.3338874280452728 0.5176077485084534 0.03980332612991333 0.04292836785316467
1 0.9796224236488342 0.6434323191642761 0.014473915100097656 0.09671223163604736
0 0.3174397647380829 0.5284631848335266 0.04440867900848389 0.046875834465026855
1 0.7039597034454346 0.5360620021820068 0.01611870527267456 0.04954028129577637
0 0.19177967309951782 0.6128396987915039 0.10427814722061157 0.09276479482650757
1 0.5126765966415405 0.4497593641281128 0.00592118501663208 0.016776621341705322
0 0.3654669225215912 0.5023114085197449 0.019408226013183594 0.03898093104362488
1 0.24167068302631378 0.531752347946167 0.01611870527267456 0.05625098943710327
1 0.7654739618301392 0.5605361461639404 0.01611870527267456 0.06118530035018921
2 0.6500152349472046 0.5931053161621094 0.020395100116729736 0.07697790861129761
1 0.9626796245574951 0.6636629104614258 0.028947889804840088 0.09819251298904419
0 0.608694314956665 0.5104028582572937 0.031250596046447754 0.030592650175094604
0 0.5782996416091919 0.48402267694473267 0.011842310428619385 0.02615177631378174
1 0.5039561986923218 0.45099472999572754 0.007565915584564209 0.017763465642929077
1 0.5936664342880249 0.4604402184486389 0.005921125411987305 0.021710902452468872
0 0.437191903591156 0.4480539560317993 0.009210675954818726 0.016776621341705322
0 0.6319189071655273 0.531423807144165 0.04704028367996216 0.04588896036148071
0 0.5638726949691772 0.46343618631362915 0.020395100116729736 0.023578912019729614
0 0.9750170707702637 0.8689296841621399 0.04704028367996216 0.21020102500915527
0 0.7049626111984253 0.6059316396713257 0.08028870820999146 0.07348483800888062
0 0.4861927032470703 0.4554356038570404 0.025987297296524048 0.006907999515533447
0 0.5582334995269775 0.45801958441734314 0.017434537410736084 0.022204339504241943
0 0.6171160936355591 0.5200749039649963 0.03881651163101196 0.04292836785316467
0 0.2708936333656311 0.5605361461639404 0.06743539869785309 0.06513267755508423
0 0.39309900999069214 0.4786267876625061 0.01842138171195984 0.030592650175094604
1 0.10296232998371124 0.5871813297271729 0.022039860486984253 0.07648158073425293
