0 0.41053348779678345 0.5358645915985107 0.022697776556015015 0.02713865041732788
0 0.4138230085372925 0.5195814371109009 0.013816028833389282 0.00789487361907959
0 0.5023114085197449 0.5146471261978149 0.007236957550048828 0.011842310428619385
0 0.22237232327461243 0.5634967088699341 0.04671134054660797 0.05970501899719238
0 0.4957323670387268 0.5215551853179932 0.01875033974647522 0.010855436325073242
0 0.015049605630338192 0.674518346786499 0.030099211260676384 0.11052829027175903
0 0.1996745467185974 0.5728718638420105 0.054606229066848755 0.05674445629119873
0 0.4769819974899292 0.574845552444458 0.057237833738327026 0.06365245580673218
0 0.15230529010295868 0.5926090478897095 0.07039596885442734 0.08684360980987549
0 0.4477052092552185 0.5156340599060059 0.005921155214309692 0.0029606223106384277
0 0.07555966079235077 0.5332342386245728 0.04539762809872627 0.021876394748687744
0 0.4286259114742279 0.5486937761306763 0.019408226013183594 0.03799408674240112
0 0.33388739824295044 0.5279697775840759 0.018092423677444458 0.01578974723815918
0 0.491784930229187 0.5116865634918213 0.007236957550048828 0.010855495929718018
0 0.24145159125328064 0.5575755834579468 0.03190845251083374 0.047862708568573
0 0.4444156885147095 0.5516543984413147 0.0345400869846344 0.046875834465026855
0 0.06513271480798721 0.6123462915420532 0.1289496272802353 0.13766688108444214
1 0.4480341672897339 0.5269829034805298 0.006579071283340454 0.005921125411987305
