0 0.39671748876571655 0.4978705644607544 0.04144808650016785 0.0345400869846344
0 0.4263232350349426 0.5131668448448181 0.07006701827049255 0.04144808650016785
0 0.33388739824295044 0.4924428462982178 0.014802902936935425 0.023684650659561157
0 0.5916768312454224 0.510373055934906 0.0631595253944397 0.02664482593536377
0 0.4667844772338867 0.48306766152381897 0.03980332612991333 0.022204339504241943
0 0.5179363489151001 0.4801080524921417 0.04095500707626343 0.01924377679824829
0 0.43356022238731384 0.531423807144165 0.04440867900848389 0.05970495939254761
0 0.432244211435318 0.4814237058162689 0.04046124219894409 0.020724058151245117
0 0.34770259261131287 0.48097243905067444 0.039310336112976074 0.01924377679824829
0 0.28322863578796387 0.5852075815200806 0.1671081781387329 0.17418068647384644
0 0.6462288498878479 0.5100839138031006 0.023438096046447754 0.024178028106689453
1 0.14342164993286133 0.5225430130958557 0.021053001284599304 0.08684268593788147
