0 0.4016517698764801 0.5240223407745361 0.00822383165359497 0.007401466369628906
0 0.40839600563049316 0.5230352878570557 0.0049343109130859375 0.007894814014434814
0 0.4860289692878723 0.5146467685699463 0.01085546612739563 0.013322591781616211
0 0.42763906717300415 0.5220485925674438 0.00822383165359497 0.012335717678070068
0 0.11390002071857452 0.7125124931335449 0.22780004143714905 0.31086069345474243
0 0.46185019612312317 0.52303546667099 0.00822383165359497 0.010362029075622559
0 0.4682108759880066 0.5281334519386292 0.012500226497650146 0.012993812561035156
2 0.5134958028793335 0.5220485925674438 0.005592167377471924 0.008388280868530273
0 0.42007315158843994 0.52303546667099 0.006908029317855835 0.007401466369628906
0 0.38158562779426575 0.52303546667099 0.009539663791656494 0.012335777282714844
0 0.5717204809188843 0.5353711843490601 0.05559307336807251 0.03404664993286133
0 0.41250723600387573 0.5240223407745361 0.008881717920303345 0.010362029075622559
0 0.47961366176605225 0.5279697775840759 0.010855436325073242 0.013322591781616211
0 0.5070821046829224 0.541538417339325 0.029605776071548462 0.03207290172576904
0 0.5003377199172974 0.5220485925674438 0.00822383165359497 0.011348903179168701
0 0.4713898301124573 0.5176077485084534 0.006907999515533447 0.0049343109130859375
0 0.48043811321258545 0.528215765953064 0.010197162628173828 0.015296638011932373
0 0.449678897857666 0.5250091552734375 0.010197550058364868 0.014309465885162354
0 0.43833068013191223 0.5287091732025146 0.020066142082214355 0.024671494960784912
0 0.45494216680526733 0.5240223407745361 0.010197550058364868 0.014309465885162354
0 0.6141555309295654 0.5269829034805298 0.012500226497650146 0.011348843574523926
0 0.4906342923641205 0.5311765670776367 0.017105579376220703 0.018750369548797607
0 0.5208433866500854 0.5263947248458862 0.008185207843780518 0.007060587406158447
0 0.36645376682281494 0.52303546667099 0.008223801851272583 0.012335777282714844
0 0.47204774618148804 0.5220485925674438 0.00822383165359497 0.006414592266082764
0 0.6671169400215149 0.5200748443603516 0.018421411514282227 0.017270028591156006
