0 0.5204038619995117 0.8106893301010132 0.35388949513435364 0.3786213994026184
1 0.3401375412940979 0.5718849897384644 0.010526508092880249 0.05361980199813843
0 0.5259960293769836 0.5309303402900696 0.011513352394104004 0.01727008819580078
0 0.09506745636463165 0.5694178342819214 0.015131838619709015 0.017270028591156006
1 0.7283022403717041 0.542772650718689 0.011184394359588623 0.04736924171447754
0 0.5021653175354004 0.5264346599578857 0.005226790904998779 0.008388280868530273
1 0.8433887958526611 0.5142242908477783 0.00592118501663208 0.03157952427864075
0 0.5345488786697388 0.5324106216430664 0.01611870527267456 0.019737184047698975
1 0.8121852874755859 0.6651432514190674 0.04046124219894409 0.1825689673423767
0 0.6250109672546387 0.5407989621162415 0.026645243167877197 0.028618931770324707
1 0.3348742723464966 0.5491872429847717 0.01282915472984314 0.019243717193603516
1 0.3618484437465668 0.6044514179229736 0.03223741054534912 0.09572535753250122
1 0.9866861701011658 0.6328235864639282 0.026627659797668457 0.11373555660247803
1 0.5173347592353821 0.5842206478118896 0.027851343154907227 0.08519881963729858
1 0.9366940259933472 0.5541215538978577 0.01578974723815918 0.06380045413970947
1 0.372374951839447 0.5609651803970337 0.01619020104408264 0.06457489728927612
0 0.5279697775840759 0.5151405930519104 0.01414501667022705 0.018256783485412598
0 0.17171353101730347 0.5560952425003052 0.01842138171195984 0.022204339504241943
1 0.7927770614624023 0.5190880298614502 0.010526478290557861 0.03256630897521973
0 0.15329214930534363 0.5590558052062988 0.02203984558582306 0.020723998546600342
1 0.915805459022522 0.5516543984413147 0.02171093225479126 0.06858670711517334
1 0.9888330698013306 0.5743521451950073 0.020395100116729736 0.09671223163604736
1 0.7871848940849304 0.6552746295928955 0.05625104904174805 0.1870098114013672
0 0.3322414755821228 0.541292667388916 0.028837919235229492 0.022204339504241943
0 0.4735828638076782 0.5398120880126953 0.007894903421401978 0.0212174654006958
1 0.35945600271224976 0.540305495262146 0.010526508092880249 0.01578974723815918
0 0.47204774618148804 0.5199514627456665 0.02154645323753357 0.024548113346099854
0 0.5034393072128296 0.5264894962310791 0.007565915584564209 0.011348903179168701
1 0.3500061333179474 0.5666143894195557 0.019408226013183594 0.06250852346420288
1 0.6704064607620239 0.5245157480239868 0.010526537895202637 0.03157949447631836
0 0.534672200679779 0.5214318037033081 0.009662985801696777 0.009128391742706299
1 0.802119255065918 0.5446147918701172 0.01133793592453003 0.05204033851623535
0 0.4937586486339569 0.5407989025115967 0.021053016185760498 0.02417808771133423
1 0.16612134873867035 0.6012440919876099 0.02450701594352722 0.07771515846252441
0 0.5204038619995117 0.5294500589370728 0.006579041481018066 0.014309465885162354
1 0.6644853353500366 0.5274763107299805 0.004605352878570557 0.019737184047698975
0 0.3097190260887146 0.5422792434692383 0.014783531427383423 0.016747593879699707
1 0.7944217920303345 0.5447463989257812 0.010526537895202637 0.05181008577346802
1 0.3829014301300049 0.5560952425003052 0.010526508092880249 0.03157949447631836
0 0.4436473846435547 0.5353711843490601 0.03388276696205139 0.019737184047698975
1 0.13914692401885986 0.6236951351165771 0.03125080466270447 0.15296322107315063
0 0.041448093950748444 0.5743521451950073 0.031250543892383575 0.027632057666778564
1 0.3408452272415161 0.6371585130691528 0.03980317711830139 0.13649171590805054
0 0.2944130301475525 0.5434634685516357 0.021710902452468872 0.0212174654006958
0 0.4654686450958252 0.5407989025115967 0.018092423677444458 0.02565830945968628
1 0.40099385380744934 0.6394848823547363 0.03157949447631836 0.1228640079498291
1 0.3032947778701782 0.6394848823547363 0.04276388883590698 0.16776609420776367
0 0.5138247609138489 0.5250091552734375 0.008552789688110352 0.012829124927520752
1 0.9914647340774536 0.6019842624664307 0.01644766330718994 0.05575758218765259
1 0.33974963426589966 0.6549606323242188 0.046501874923706055 0.19934558868408203
0 0.491784930229187 0.5264894962310791 0.011513352394104004 0.01332247257232666
1 0.5164289474487305 0.5863231420516968 0.028947770595550537 0.08330374956130981
1 0.39342793822288513 0.636030912399292 0.05329042673110962 0.14309459924697876
1 0.36053261160850525 0.5491872429847717 0.011842310428619385 0.033553242683410645
0 0.5090550184249878 0.5317445397377014 0.014243721961975098 0.01580214500427246
0 0.11612045764923096 0.565963864326477 0.02203986793756485 0.020724058151245117
0 0.878131628036499 0.8397263288497925 0.24373674392700195 0.32054734230041504
1 0.12763381004333496 0.6108659505844116 0.03125055134296417 0.1154625415802002
1 0.7342233657836914 0.540305495262146 0.010526537895202637 0.0439152717590332
0 0.4595475196838379 0.5264894962310791 0.009539633989334106 0.008388340473175049
0 0.47615963220596313 0.5361113548278809 0.01611870527267456 0.018503665924072266
0 0.27763643860816956 0.5471147298812866 0.02138197422027588 0.01924377679824829
1 0.28195154666900635 0.6630746126174927 0.047824740409851074 0.14485955238342285
