1 0.056250981986522675 0.5251972079277039 0.012829169631004333 0.04732239246368408
1 0.9635047912597656 0.47455650568008423 0.013404369354248047 0.04317489266395569
1 0.5682660341262817 0.49639081954956055 0.015791356563568115 0.05180957913398743
2 0.44145509600639343 0.5210617780685425 0.02401357889175415 0.06069186329841614
0 0.62285977602005 0.6294645667076111 0.45071670413017273 0.28277167677879333
0 0.8950814604759216 0.4771465063095093 0.041448116302490234 0.024671494960784912
1 0.4336695075035095 0.4960615932941437 0.01578974723815918 0.01924377679824829
0 0.8914629220962524 0.5047785639762878 0.0828961730003357 0.04983639717102051
1 0.976003885269165 0.4628370404243469 0.007565915584564209 0.022697776556015015
1 0.46020543575286865 0.5333974957466125 0.02697417140007019 0.08783045411109924
1 0.9240293502807617 0.47961366176605225 0.00822383165359497 0.030592650175094604
1 0.684551477432251 0.4727056622505188 0.004605352878570557 0.006908029317855835
0 0.6911273002624512 0.4907512664794922 0.08464151620864868 0.04723039269447327
1 0.3174397647380829 0.5166208744049072 0.01578974723815918 0.05625101923942566
0 0.983569860458374 0.47566622495651245 0.03223741054534912 0.04292839765548706
0 0.4618501663208008 0.5240223407745361 0.08071097731590271 0.04867330193519592
0 0.35888785123825073 0.5305191278457642 0.08914628624916077 0.0537838339805603
1 0.9871883392333984 0.5131669044494629 0.021710872650146484 0.08437648415565491
1 0.8671203851699829 0.5190880298614502 0.02401357889175415 0.08092248439788818
0 0.16020016372203827 0.6062571406364441 0.2636873424053192 0.30193689465522766
1 0.3401375412940979 0.5042851567268372 0.01578974723815918 0.032566338777542114
1 0.684551477432251 0.4741859436035156 0.005263268947601318 0.005427747964859009
1 0.37599343061447144 0.4954034090042114 0.012171268463134766 0.022697776556015015
0 0.6225614547729492 0.6328653693199158 0.44704732298851013 0.2842154800891876
0 0.8556070923805237 0.4786267876625061 0.04506659507751465 0.05526411533355713
2 0.9309373497962952 0.4806005358695984 0.012171268463134766 0.03700724244117737
1 0.3401375412940979 0.500831127166748 0.00822383165359497 0.019243717193603516
1 0.38355934619903564 0.49885740876197815 0.012829184532165527 0.01924377679824829
1 0.026128144934773445 0.5250799059867859 0.012829173356294632 0.031650543212890625
1 0.476323664188385 0.4941701292991638 0.009540259838104248 0.018750429153442383
1 0.5046141147613525 0.5166208744049072 0.012829184532165527 0.05279695987701416
1 0.5509961247444153 0.49145376682281494 0.012829184532165527 0.031081408262252808
1 0.06241282448172569 0.5159710645675659 0.00460534542798996 0.00825589895248413
0 0.8904761075973511 0.5062588453292847 0.0845409631729126 0.04835611581802368
1 0.9506750106811523 0.4715544581413269 0.010526478290557861 0.040049582719802856
0 0.02544686384499073 0.5737881660461426 0.05089372768998146 0.08564519882202148
