1 0.05394831299781799 0.5289566516876221 0.012829169631004333 0.05625098943710327
1 0.9444243907928467 0.45691588521003723 0.010526478290557861 0.03700721263885498
1 0.08552780747413635 0.526488184928894 0.015789754688739777 0.059210240840911865
1 0.4858637750148773 0.48750853538513184 0.00822383165359497 0.01578974723815918
1 0.6331406831741333 0.47580695152282715 0.008223772048950195 0.03700682520866394
2 0.8753442764282227 0.46382391452789307 0.015131831169128418 0.028125494718551636
0 0.8505181074142456 0.4793674349784851 0.057567715644836426 0.019983381032943726
1 0.07269863784313202 0.5324106216430664 0.015131838619709015 0.05526411533355713
0 0.7889561653137207 0.6042885184288025 0.4220876097679138 0.260367751121521
0 0.8776469230651855 0.46777135133743286 0.041448116302490234 0.03157949447631836
1 0.864159882068634 0.46826475858688354 0.03223741054534912 0.028125494718551636
1 0.9848856925964355 0.5166208744049072 0.02565830945968628 0.06661304831504822
1 0.9302794337272644 0.4569159150123596 0.004605293273925781 0.028125494718551636
1 0.4309285879135132 0.4919494092464447 0.012171268463134766 0.0325663685798645
0 0.9743591547012329 0.460863322019577 0.05065882205963135 0.04292839765548706
1 0.06414563208818436 0.5289566516876221 0.015131842344999313 0.0614355206489563
0 0.4536263644695282 0.5131668448448181 0.07993561029434204 0.04687580466270447
0 0.3579009771347046 0.5200749039649963 0.07829084992408752 0.048356086015701294
1 0.692611575126648 0.5134144425392151 0.022863030433654785 0.07919430732727051
0 0.0036184843629598618 0.8126786947250366 0.0072369687259197235 0.136680006980896
1 0.6806053519248962 0.5116885900497437 0.020229578018188477 0.09005242586135864
1 0.9240293502807617 0.46036988496780396 0.012829184532165527 0.03947439789772034
0 0.20329302549362183 0.5985301733016968 0.26776784658432007 0.3034592270851135
1 0.3634932041168213 0.48750853538513184 0.010526478290557861 0.01924377679824829
0 0.7885006666183472 0.5960630774497986 0.4223758578300476 0.27730751037597656
0 0.8279750347137451 0.460863322019577 0.05690890550613403 0.04835611581802368
1 0.380598783493042 0.4902242422103882 0.01282915472984314 0.02368462085723877
1 0.02171090617775917 0.5289566516876221 0.012829172424972057 0.04292839765548706
1 0.48586374521255493 0.5102063417434692 0.006908029317855835 0.04835611581802368
1 0.6240240335464478 0.4823293685913086 0.013981282711029053 0.041693925857543945
0 0.01422722265124321 0.5699113011360168 0.02845444530248642 0.1075676679611206
1 0.0654616728425026 0.5333974361419678 0.012829173356294632 0.05625098943710327
0 0.565799355506897 0.5240223407745361 0.10954135656356812 0.06463927030563354
0 0.3513219356536865 0.5669506788253784 0.07006701827049255 0.09523195028305054
1 0.31447917222976685 0.503298282623291 0.01282915472984314 0.03602039813995361
1 0.8963972330093384 0.4534618854522705 0.00822383165359497 0.028125494718551636
