0 0.057238027453422546 0.46900469064712524 0.06463895738124847 0.03528010845184326
0 0.163794606924057 0.7050721645355225 0.27482616901397705 0.2557852864265442
1 0.8052772283554077 0.5279697775840759 0.015131831169128418 0.041448116302490234
1 0.27171528339385986 0.49737703800201416 0.006579041481018066 0.05378377437591553
0 0.06274780631065369 0.8351621031761169 0.12549561262130737 0.3296757936477661
1 0.1826886385679245 0.46691906452178955 0.01674667000770569 0.0336877703666687
0 0.28237318992614746 0.6244844198226929 0.11605370044708252 0.1680619716644287
1 0.25312936305999756 0.4972538352012634 0.012500226497650146 0.06118527054786682
1 0.3190845251083374 0.48553478717803955 0.011513352394104004 0.04687580466270447
1 0.30296581983566284 0.48553481698036194 0.010526508092880249 0.04292839765548706
1 0.24309635162353516 0.49688369035720825 0.019079267978668213 0.07253417372703552
0 0.7636494636535645 0.5550634860992432 0.05299133062362671 0.062172114849090576
1 0.7607039213180542 0.5264893174171448 0.012829124927520752 0.029359102249145508
1 0.6586300134658813 0.5001401305198669 0.006381571292877197 0.015789389610290527
0 0.20329317450523376 0.48972904682159424 0.07467229664325714 0.040707945823669434
1 0.6618536710739136 0.508232593536377 0.012500226497650146 0.032566338777542114
1 0.7700790166854858 0.52535080909729 0.010830104351043701 0.030099213123321533
0 0.7832373976707458 0.5615229606628418 0.07368552684783936 0.05970495939254761
1 0.8093685507774353 0.5138453245162964 0.004605293273925781 0.010053694248199463
0 0.7453417778015137 0.5515556335449219 0.03000056743621826 0.05437594652175903
0 0.771943211555481 0.5245157480239868 0.011403679847717285 0.02368462085723877
0 0.8042080402374268 0.5646069049835205 0.04863017797470093 0.04268163442611694
0 0.31900185346603394 0.5382080674171448 0.043749868869781494 0.027507662773132324
0 0.842777669429779 0.5866881608963013 0.045230865478515625 0.07278072834014893
0 0.48501771688461304 0.5465793609619141 0.30611518025398254 0.5142256021499634
0 0.7190912365913391 0.5269829034805298 0.08286607265472412 0.04306292533874512
0 0.10065965354442596 0.4731990694999695 0.08750152587890625 0.03996780514717102
1 0.6381690502166748 0.508232593536377 0.008552789688110352 0.035526931285858154
0 0.7680231332778931 0.5161274671554565 0.01669412851333618 0.019798696041107178
1 0.2230302095413208 0.5324106216430664 0.028618916869163513 0.10263335704803467
0 0.9166272878646851 0.5990235805511475 0.1264823079109192 0.12163025140762329
0 0.018915262073278427 0.4628371596336365 0.03240154683589935 0.03898093104362488
0 0.815474808216095 0.565963864326477 0.07467234134674072 0.0789487361907959
1 0.650669276714325 0.5037916898727417 0.006579041481018066 0.030099213123321533
1 0.10822558403015137 0.4500078856945038 0.006579063832759857 0.01578974723815918
0 0.9707319140434265 0.6281359791755676 0.05853617191314697 0.11743628978729248
1 0.6648142337799072 0.5077394247055054 0.007368624210357666 0.02901405096054077
