0 0.6026421189308167 0.5284631848335266 0.018421411514282227 0.020724058151245117
0 0.5041763782501221 0.5330692529678345 0.01688644289970398 0.025329649448394775
1 0.2536228597164154 0.5743521451950073 0.028618931770324707 0.12829172611236572
1 0.6628405451774597 0.5324106216430664 0.005263209342956543 0.010362029075622559
0 0.6533008813858032 0.5546149611473083 0.03684276342391968 0.0439152717590332
0 0.7829084396362305 0.5807667374610901 0.1213836669921875 0.11842310428619385
1 0.11414673924446106 0.5753390192985535 0.036184847354888916 0.11348879337310791
1 0.1710556298494339 0.5822470188140869 0.029934734106063843 0.11842310428619385
0 0.5822470188140869 0.5393186807632446 0.02203989028930664 0.027632057666778564
0 0.986028254032135 0.6345505714416504 0.02794349193572998 0.08536332845687866
1 0.7365260124206543 0.540305495262146 0.007565915584564209 0.014802873134613037
1 0.6445841789245605 0.5319176912307739 0.004605352878570557 0.006907999515533447
1 0.5480369329452515 0.5375924110412598 0.011184394359588623 0.054277241230010986
1 0.42566534876823425 0.540305495262146 0.011184394359588623 0.04736924171447754
1 0.5539580583572388 0.5415400266647339 0.010855615139007568 0.05353742837905884
0 0.4958975911140442 0.5358654856681824 0.025000452995300293 0.02368462085723877
0 0.3404664993286133 0.6098790764808655 0.1904638707637787 0.23043164610862732
0 0.5243512988090515 0.5146471858024597 0.019408226013183594 0.03157952427864075
0 0.5243512988090515 0.5393186807632446 0.025000452995300293 0.029112398624420166
0 0.6134976148605347 0.5516543984413147 0.05065876245498657 0.06217217445373535
0 0.49507445096969604 0.5422792434692383 0.025658369064331055 0.01924377679824829
0 0.8444226980209351 0.5906352996826172 0.0578957200050354 0.07450789213180542
1 0.2154642939567566 0.5615229606628418 0.027632057666778564 0.10362023115158081
0 0.5053824186325073 0.5357008576393127 0.010197579860687256 0.020724058151245117
1 0.268232136964798 0.5510737895965576 0.016234755516052246 0.054523766040802
1 0.8243565559387207 0.5482003688812256 0.010526478290557861 0.014802873134613037
1 0.9092264175415039 0.5763258934020996 0.02565830945968628 0.07105386257171631
1 0.26579412817955017 0.5269829034805298 0.01578974723815918 0.04736924171447754
0 0.6909334063529968 0.5566878914833069 0.039869070053100586 0.03907954692840576
1 0.5667862296104431 0.5333974957466125 0.011184453964233398 0.033553242683410645
