0 0.3473745286464691 0.5045318603515625 0.013322591781616211 0.013322591781616211
0 0.49342969059944153 0.503298282623291 0.006907999515533447 0.010362029075622559
0 0.4963902533054352 0.4919493794441223 0.004276394844055176 0.00296059250831604
0 0.15712876617908478 0.5064234733581543 0.014802783727645874 0.01101994514465332
0 0.24572798609733582 0.503298282623291 0.034869030117988586 0.017270058393478394
0 0.5388252139091492 0.5042851567268372 0.008881688117980957 0.010362029075622559
0 0.338492751121521 0.5052720308303833 0.008881717920303345 0.014309465885162354
0 0.2325698584318161 0.503298282623291 0.011513352394104004 0.017270058393478394
0 0.437836617231369 0.4993508458137512 0.004276394844055176 0.0029605627059936523
0 0.48282095789909363 0.5036683678627014 0.0034334659576416016 0.003145575523376465
0 0.030263688415288925 0.8205735683441162 0.05493517220020294 0.3498415946960449
0 0.3633836507797241 0.5023114085197449 0.014473915100097656 0.014309436082839966
0 0.542772650718689 0.503298282623291 0.006908059120178223 0.010362029075622559
0 0.2654651701450348 0.4899756908416748 0.04177705943584442 0.037994056940078735
0 0.48948225378990173 0.5042851567268372 0.011513352394104004 0.010362029075622559
0 0.5256670713424683 0.5067522525787354 0.011513352394104004 0.014309465885162354
0 0.295728862285614 0.503298282623291 0.025329411029815674 0.014309436082839966
0 0.6190897822380066 0.5664572715759277 0.06809329986572266 0.07105386257171631
0 0.43717870116233826 0.5097128748893738 0.017105579376220703 0.024671465158462524
0 0.16677923500537872 0.5052720308303833 0.0460534393787384 0.024671494960784912
0 0.40362548828125 0.5176077485084534 0.027303099632263184 0.03404664993286133
0 0.41250723600387573 0.4919493794441223 0.0190792977809906 0.017270058393478394
0 0.05559307709336281 0.4786267876625061 0.11118615418672562 0.10213994979858398
0 0.5161274671554565 0.5074924230575562 0.001973748207092285 0.0066612958908081055
0 0.4741859436035156 0.4991041123867035 0.01628318428993225 0.017270028591156006
0 0.5059299468994141 0.5042851567268372 0.006907999515533447 0.010362029075622559
