1 0.8028335571289062 0.5125324726104736 0.00939863920211792 0.02417808771133423
0 0.4095466136932373 0.5326493978500366 0.03388217091560364 0.030592679977416992
1 0.1825689822435379 0.5590558648109436 0.020395100116729736 0.08388304710388184
0 0.5028049349784851 0.4939228892326355 0.012829184532165527 0.02146407961845398
0 0.4255995750427246 0.5704047083854675 0.07730397582054138 0.08773183822631836
0 0.5765150785446167 0.5225690603256226 0.011842310428619385 0.03080219030380249
1 0.8860588073730469 0.5633557438850403 0.025094449520111084 0.0924828052520752
0 0.5165503621101379 0.5054129362106323 0.00977468490600586 0.01085546612739563
0 0.6082342863082886 0.5131669044494629 0.0578957200050354 0.08437648415565491
1 0.6345505714416504 0.5259960889816284 0.003289520740509033 0.03207296133041382
0 0.4674423933029175 0.5491872429847717 0.025263607501983643 0.05585622787475586
1 0.6637683510780334 0.5248826742172241 0.012744784355163574 0.04321938753128052
1 0.16052912175655365 0.5975433588027954 0.038158565759658813 0.11348879337310791
1 0.3366738557815552 0.5394057035446167 0.016118675470352173 0.04133188724517822
0 0.6503403186798096 0.5047785639762878 0.011184394359588623 0.009868592023849487
1 0.7000122666358948 0.5210617780685425 0.008552789688110352 0.039474427700042725
1 0.5878392457962036 0.7554408311843872 0.130923330783844 0.3325716257095337
1 0.9510769844055176 0.7732043266296387 0.09784603118896484 0.4075729250907898
1 0.7342233657836914 0.5299434661865234 0.011842310428619385 0.057237863540649414
1 0.7427102327346802 0.5338909029960632 0.020723938941955566 0.07500132918357849
1 0.37306684255599976 0.5338909029960632 0.010197550058364868 0.038538575172424316
1 0.6338926553726196 0.7554408311843872 0.11480462551116943 0.41793495416641235
1 0.7977113127708435 0.5171142816543579 0.018750309944152832 0.02171093225479126
1 0.6704064607620239 0.5210617780685425 0.01019752025604248 0.037007272243499756
0 0.4848769009113312 0.5023114085197449 0.027632057666778564 0.038487523794174194
1 0.1486871838569641 0.5580686330795288 0.024342119693756104 0.0777137279510498
1 0.4711267352104187 0.5121800303459167 0.25033333897590637 0.07677769660949707
1 0.7079070806503296 0.508232593536377 0.011184394359588623 0.016776591539382935
1 0.13026180863380432 0.6008330583572388 0.030153706669807434 0.10806107521057129
1 0.6848803758621216 0.5250091552734375 0.013487040996551514 0.04835611581802368
1 0.6440902352333069 0.5161274671554565 0.008552789688110352 0.03207290172576904
1 0.6385278701782227 0.5288220047950745 0.009210705757141113 0.03700721263885498
0 0.2545000910758972 0.5491872429847717 0.13300670683383942 0.1574040651321411
