0 0.19934558868408203 0.5190880298614502 0.05723784863948822 0.065132737159729
0 0.915138840675354 0.5368515253067017 0.169722318649292 0.1174362301826477
0 0.3993490934371948 0.48010706901550293 0.007236957550048828 0.017763465642929077
1 0.6448599100112915 0.5350432395935059 0.0240134596824646 0.1213846206665039
0 0.7417893409729004 0.47171878814697266 0.06184321641921997 0.0345400869846344
0 0.3753355145454407 0.4731990694999695 0.007236957550048828 0.005427718162536621
1 0.6461596488952637 0.5238826870918274 0.02495342493057251 0.11461809277534485
0 0.3983622193336487 0.47023850679397583 0.010197550058364868 0.024671465158462524
0 0.3440849781036377 0.4840545058250427 0.010197550058364868 0.013816028833389282
0 0.0036184843629598618 0.5092194676399231 0.0072369687259197235 0.02911236882209778
0 0.7975751757621765 0.5260677933692932 0.11917614936828613 0.08804288506507874
0 0.38915154337882996 0.4771465063095093 0.011842310428619385 0.013816028833389282
0 0.2720937430858612 0.5014659762382507 0.02692699432373047 0.03362342715263367
0 0.3753355145454407 0.4924428462982178 0.026645183563232422 0.03157952427864075
0 0.36152184009552 0.4787508249282837 0.011184394359588623 0.013075500726699829
0 0.8635019659996033 0.4648107886314392 0.057237863540649414 0.03750064969062805
0 0.14342355728149414 0.503298282623291 0.019408240914344788 0.02368462085723877
1 0.7825794816017151 0.45987647771835327 0.01019752025604248 0.02417805790901184
0 0.3829014301300049 0.47171878814697266 0.006579071283340454 0.006908029317855835
0 0.35009050369262695 0.4896062910556793 0.02351987361907959 0.026521623134613037
0 0.29901838302612305 0.5037916898727417 0.03684276342391968 0.04144808650016785
0 0.392112135887146 0.4731990694999695 0.006579071283340454 0.010855436325073242
0 0.3865199089050293 0.4840545356273651 0.017434507608413696 0.022204339504241943
0 0.7820258140563965 0.5138226747512817 0.15614157915115356 0.09276476502418518
0 0.7029728293418884 0.5259960889816284 0.013815999031066895 0.027632057666778564
0 0.9023184180259705 0.47023850679397583 0.06644856929779053 0.02911236882209778
0 0.383888304233551 0.4539553225040436 0.004605352878570557 0.005427718162536621
0 0.9585606455802917 0.45247501134872437 0.0828787088394165 0.06759986281394958
0 0.7003412246704102 0.4731990694999695 0.04440867900848389 0.030592620372772217
0 0.12368637323379517 0.5077391266822815 0.03421112149953842 0.03157946467399597
0 0.24441218376159668 0.4939231276512146 0.019408240914344788 0.022204309701919556
0 0.8154747486114502 0.4648107588291168 0.06842225790023804 0.022204339504241943
0 0.1595422625541687 0.5077391862869263 0.035855889320373535 0.03454011678695679
0 0.7858690023422241 0.46629106998443604 0.01644766330718994 0.008388310670852661
0 0.8440936803817749 0.5314237475395203 0.13388389348983765 0.09967276453971863
0 0.761197566986084 0.46333047747612 0.03684276342391968 0.024671494960784912
0 0.022039860486984253 0.5437594652175903 0.04342181235551834 0.0537838339805603
0 0.9767353534698486 0.46629106998443604 0.04652935266494751 0.0345400869846344
1 0.9914647340774536 0.4791202247142792 0.01019752025604248 0.011348903179168701
0 0.1789504885673523 0.4924428462982178 0.019408240914344788 0.019243746995925903
0 0.08322513848543167 0.6888278722763062 0.16645027697086334 0.23536592721939087
0 0.5092194080352783 0.500831127166748 0.22138544917106628 0.361190527677536
0 0.096054308116436 0.5713915824890137 0.14671309292316437 0.1287851333618164
1 0.619418740272522 0.5363580584526062 0.012829184532165527 0.11200854182243347
0 0.219082772731781 0.4963902533054352 0.018421366810798645 0.022204339504241943
0 0.37730923295021057 0.47615963220596313 0.011184394359588623 0.006908029317855835
1 0.6908015608787537 0.4559290409088135 0.004276394844055176 0.006414592266082764
0 0.10131756216287613 0.5037916898727417 0.021381959319114685 0.016776621341705322
1 0.6414586305618286 0.5452398061752319 0.024671494960784912 0.12089025974273682
0 0.36588025093078613 0.4841785728931427 0.013816028833389282 0.017763495445251465
0 0.31382128596305847 0.49096253514289856 0.020395100116729736 0.024671494960784912
0 0.2286224216222763 0.4939231276512146 0.019408226013183594 0.019243746995925903
