0 0.4746793508529663 0.386355459690094 0.010197550058364868 0.012335747480392456
0 0.14342355728149414 0.5699113011360168 0.12796276807785034 0.11842310428619385
0 0.4940876066684723 0.3957306146621704 0.020395100116729736 0.015296310186386108
0 0.4305996298789978 0.5062588453292847 0.010197550058364868 0.16431209444999695
0 0.488495409488678 0.4194152355194092 0.01282915472984314 0.010855436325073242
0 0.4204021096229553 0.45642244815826416 0.009210675954818726 0.012335747480392456
0 0.11776521801948547 0.4593830406665802 0.03223741054534912 0.056744396686553955
0 0.4480341672897339 0.4194152355194092 0.01578974723815918 0.012335717678070068
0 0.3881646990776062 0.46333047747612 0.020395100116729736 0.033059775829315186
0 0.48948225378990173 0.5353711843490601 0.1342129111289978 0.22895139455795288
0 0.4884953796863556 0.3809277415275574 0.01578974723815918 0.01085546612739563
0 0.4674423933029175 0.4055992066860199 0.012829184532165527 0.015296339988708496
0 0.4075729250907898 0.44260644912719727 0.023026704788208008 0.012335747480392456
0 0.5095484256744385 0.4095466136932373 0.011842310428619385 0.012335747480392456
1 0.42533639073371887 0.4268166720867157 0.003947436809539795 0.012829184532165527
0 0.45823168754577637 0.40263861417770386 0.011842340230941772 0.015296310186386108
0 0.5049430131912231 0.39326345920562744 0.009210646152496338 0.010855436325073242
0 0.04597119987010956 0.6138265132904053 0.09194239974021912 0.1574040651321411
0 0.6266556978225708 0.5546150207519531 0.0707249641418457 0.08536332845687866
1 0.20329302549362183 0.47813335061073303 0.023684635758399963 0.06710642576217651
1 0.0865146666765213 0.5294500589370728 0.02763206511735916 0.10411369800567627
0 0.469087153673172 0.4016517698764801 0.011184394359588623 0.010855436325073242
0 0.219082772731781 0.5516543984413147 0.07171177864074707 0.08832395076751709
0 0.5565886497497559 0.4692516326904297 0.010197579860687256 0.03848749399185181
0 0.4075727164745331 0.46135714650154114 0.012829184532165527 0.03157949447631836
0 0.35910680890083313 0.45888975262641907 0.0463826060295105 0.05625110864639282
0 0.4552711248397827 0.4055992066860199 0.01019752025604248 0.010855436325073242
0 0.39638853073120117 0.4440867304801941 0.010197550058364868 0.01085546612739563
0 0.7056044340133667 0.6153067946434021 0.196056067943573 0.17812812328338623
1 0.5993525981903076 0.46382391452789307 0.012500226497650146 0.04835611581802368
0 0.4940875768661499 0.4095466136932373 0.01282915472984314 0.013816028833389282
0 0.4940876066684723 0.40263861417770386 0.011842310428619385 0.01085546612739563
0 0.4552711248397827 0.37944743037223816 0.011842310428619385 0.008388280868530273
0 0.4940875768661499 0.386355459690094 0.007236987352371216 0.008388310670852661
0 0.4782978296279907 0.4055992066860199 0.011842340230941772 0.010855436325073242
0 0.40099385380744934 0.4648107588291168 0.014802873134613037 0.03157949447631836
0 0.4516526460647583 0.4164546728134155 0.010197550058364868 0.012335747480392456
1 0.6684327125549316 0.4954034090042114 0.022697746753692627 0.05674442648887634
0 0.48125842213630676 0.39326345920562744 0.01381605863571167 0.010855436325073242
0 0.5105352401733398 0.39326345920562744 0.009210705757141113 0.012335717678070068
1 0.42171791195869446 0.43244171142578125 0.0029605627059936523 0.014013350009918213
0 0.7342233657836914 0.4954034090042114 0.04506659507751465 0.05230355262756348
0 0.4829031825065613 0.4016517400741577 0.00822383165359497 0.012335747480392456
0 0.38191458582878113 0.47023850679397583 0.007236957550048828 0.02615174651145935
0 0.4111914038658142 0.46333047747612 0.011842310428619385 0.03157949447631836
0 0.45987647771835327 0.423362672328949 0.009210675954818726 0.006907999515533447
0 0.4536263644695282 0.4110269546508789 0.011842310428619385 0.013816028833389282
0 0.46448183059692383 0.386355459690094 0.007236987352371216 0.01085546612739563
0 0.42544567584991455 0.4613566994667053 0.013815909624099731 0.03865215182304382
0 0.946471631526947 0.8605413436889648 0.10705673694610596 0.24424773454666138
1 0.8177775144577026 0.5763258934020996 0.03980332612991333 0.12237054109573364
