0 0.29535290598869324 0.5068932771682739 0.06898617744445801 0.02615177631378174
0 0.5388252139091492 0.5615229606628418 0.08486989140510559 0.09091442823410034
0 0.29920637607574463 0.3976338505744934 0.03519797325134277 0.03996780514717102
0 0.38717779517173767 0.5200749039649963 0.05383867025375366 0.07204070687294006
0 0.47599518299102783 0.489235520362854 0.04440867900848389 0.05600431561470032
0 0.31250545382499695 0.4954034090042114 0.06337833404541016 0.03750064969062805
0 0.480600506067276 0.460863322019577 0.04144805669784546 0.05526411533355713
0 0.5111931562423706 0.5387017726898193 0.06184318661689758 0.0690801739692688
0 0.060856327414512634 0.6281359791755676 0.12171265482902527 0.17566096782684326
0 0.4263232350349426 0.4134940803050995 0.0444086492061615 0.04440867900848389
0 0.2480306625366211 0.5353711843490601 0.11447568237781525 0.08042901754379272
0 0.5792864561080933 0.5906352996826172 0.10329127311706543 0.11496907472610474
0 0.26793232560157776 0.5390719175338745 0.13191021978855133 0.07524800300598145
0 0.3809277415275574 0.40806636214256287 0.04144808650016785 0.04588896036148071
