0 0.5073279738426208 0.47097864747047424 0.014062762260437012 0.017023324966430664
0 0.5355356931686401 0.4648107886314392 0.013815999031066895 0.015296310186386108
0 0.1746741086244583 0.5131669044494629 0.03947436809539795 0.03848749399185181
0 0.050658781081438065 0.5215551853179932 0.046053431928157806 0.06217217445373535
1 0.28931427001953125 0.4931829571723938 0.005098789930343628 0.02861890196800232
0 0.5463911294937134 0.46234363317489624 0.007236957550048828 0.012335747480392456
0 0.23914891481399536 0.4924428462982178 0.018421366810798645 0.019243746995925903
0 0.5832338929176331 0.46333047747612 0.007236957550048828 0.006907999515533447
0 0.2115168571472168 0.48948222398757935 0.012829169631004333 0.013816028833389282
0 0.5217196941375732 0.46333047747612 0.011842310428619385 0.008388280868530273
0 0.48208075761795044 0.4924428164958954 0.02154645323753357 0.022204339504241943
0 0.5202393531799316 0.47517281770706177 0.014802873134613037 0.015296310186386108
0 0.0921068787574768 0.52303546667099 0.04506657272577286 0.0439152717590332
0 0.20230618119239807 0.4963902533054352 0.019408240914344788 0.022204339504241943
0 0.4977060556411743 0.4746793508529663 0.015789717435836792 0.013816028833389282
0 0.5141537189483643 0.5161274671554565 0.048685044050216675 0.06069186329841614
0 0.4977060854434967 0.4939231276512146 0.00822383165359497 0.017763495445251465
1 0.08059351146221161 0.4924428462982178 0.014144979417324066 0.02121749520301819
0 0.5309303402900696 0.47023850679397583 0.012829184532165527 0.016776591539382935
0 0.1325681060552597 0.5116865634918213 0.05065878480672836 0.05230352282524109
