0 0.7496841549873352 0.5185946226119995 0.006579041481018066 0.00592118501663208
0 0.2328988015651703 0.5368515253067017 0.03322426974773407 0.03898090124130249
0 0.3513216972351074 0.5274769067764282 0.019408375024795532 0.020230650901794434
0 0.3907963037490845 0.5452398061752319 0.030592650175094604 0.03305983543395996
0 0.12368637323379517 0.505765438079834 0.02138194441795349 0.014802932739257812
0 0.31086069345474243 0.5333974957466125 0.02664521336555481 0.02615177631378174
0 0.1134888306260109 0.5412923693656921 0.04736925661563873 0.04490208625793457
0 0.7559342384338379 0.5185946226119995 0.004605352878570557 0.00592118501663208
0 0.4809294641017914 0.5363580584526062 0.019408226013183594 0.0212174654006958
0 0.446389377117157 0.5373449325561523 0.025987297296524048 0.03305983543395996
0 0.476982057094574 0.5151405930519104 0.005921155214309692 0.006908059120178223
0 0.040872424840927124 0.5319172143936157 0.08174484968185425 0.11496913433074951
0 0.2044433206319809 0.5467205047607422 0.048356324434280396 0.04539567232131958
0 0.07138282805681229 0.5353711843490601 0.020724043250083923 0.012829124927520752
0 0.0023026717826724052 0.5225419998168945 0.0036184843629598618 0.026645243167877197
0 0.07138282805681229 0.5615229606628418 0.07138283550739288 0.04983639717102051
