0 0.7967244386672974 0.5792864561080933 0.11414676904678345 0.11299538612365723
0 0.526324987411499 0.5023114085197449 0.003618478775024414 0.012335747480392456
1 0.28520238399505615 0.5200748443603516 0.013487070798873901 0.03503352403640747
0 0.2997516989707947 0.5476548671722412 0.054338425397872925 0.06236720085144043
1 0.7102097868919373 0.518101155757904 0.012171268463134766 0.04736924171447754
0 0.4710608720779419 0.4924428164958954 0.013816028833389282 0.01776343584060669
1 0.6072474718093872 0.5023114085197449 0.006908059120178223 0.028125494718551636
0 0.5509964823722839 0.500831127166748 0.019408226013183594 0.02615177631378174
0 0.534548819065094 0.4963902533054352 0.013815999031066895 0.022204339504241943
0 0.5161274671554565 0.4993508458137512 0.009210705757141113 0.017763495445251465
0 0.44902101159095764 0.4954034090042114 0.019408226013183594 0.02615177631378174
1 0.730604887008667 0.5166208744049072 0.018750309944152832 0.05279695987701416
1 0.9496877193450928 0.5516543388366699 0.027632057666778564 0.09572535753250122
0 0.24277693033218384 0.5634931325912476 0.07910864055156708 0.10188889503479004
1 0.6838935613632202 0.5166208744049072 0.014144957065582275 0.05625101923942566
0 0.3322426676750183 0.537838339805603 0.059869468212127686 0.05230355262756348
0 0.8842259645462036 0.6167870759963989 0.1674371361732483 0.13914722204208374
1 0.7500131130218506 0.5146471261978149 0.01414501667022705 0.05723780393600464
0 0.4019806981086731 0.5023114085197449 0.009210675954818726 0.012335747480392456
0 0.07894875109195709 0.5985301733016968 0.15789750218391418 0.2926037907600403
0 0.5279697179794312 0.4939231276512146 0.017434537410736084 0.02911236882209778
0 0.4977060556411743 0.500831127166748 0.022039860486984253 0.03157949447631836
1 0.7431051135063171 0.5279697775840759 0.012171268463134766 0.03602039813995361
1 0.6984719038009644 0.518101155757904 0.01567894220352173 0.051643937826156616
1 0.6102080345153809 0.49737709760665894 0.005921125411987305 0.028125494718551636
1 0.6465023756027222 0.5102062821388245 0.011513292789459229 0.04276379942893982
1 0.5766541361808777 0.4998442828655243 0.00756525993347168 0.026400268077850342
1 0.5745569467544556 0.5004003643989563 0.004605352878570557 0.02423897385597229
0 0.6809329986572266 0.4924428462982178 0.006579101085662842 0.012335747480392456
0 0.46645551919937134 0.4978705644607544 0.016447633504867554 0.017763495445251465
0 0.37994086742401123 0.5146471858024597 0.04046124219894409 0.05526414513587952
0 0.18684537708759308 0.5945827960968018 0.08190932869911194 0.1115151047706604
0 0.5374270677566528 0.5000913739204407 0.012088894844055176 0.018133312463760376
0 0.48750853538513184 0.5299434661865234 0.04967191815376282 0.06611961126327515
