0 0.09506744891405106 0.5634967088699341 0.09671221673488617 0.05427730083465576
1 0.01414498407393694 0.5482003688812256 0.015131844207644463 0.0212174654006958
1 0.6513271927833557 0.5279697179794312 0.009539604187011719 0.014309465885162354
0 0.9873440265655518 0.6518206000328064 0.02531188726425171 0.08684360980987549
0 0.7664607763290405 0.5393186807632446 0.021710872650146484 0.021217525005340576
0 0.17270039021968842 0.5407989025115967 0.051316678524017334 0.02417808771133423
0 0.004358628764748573 0.5551084280014038 0.008717257529497147 0.0098685622215271
0 0.6940910816192627 0.5482003688812256 0.036184847354888916 0.02713865041732788
0 0.7483683824539185 0.5496806502342224 0.027632057666778564 0.028618931770324707
0 0.2631624937057495 0.5166208744049072 0.01611870527267456 0.019737184047698975
0 0.18837402760982513 0.5269827246665955 0.011513352394104004 0.01677680015563965
0 0.3789539933204651 0.5778061747550964 0.07598817348480225 0.08092248439788818
0 0.7995854616165161 0.5518213510513306 0.023685336112976074 0.028125882148742676
0 0.8983709812164307 0.5452398061752319 0.01611870527267456 0.014309406280517578
0 0.5707336664199829 0.5822470188140869 0.05493521690368652 0.06562614440917969
0 0.42171788215637207 0.572378396987915 0.04572448134422302 0.05575758218765259
0 0.9841367602348328 0.5565886497497559 0.03172647953033447 0.051316678524017334
0 0.4786267876625061 0.5324106216430664 0.2516491413116455 0.09967279434204102
0 0.3361901044845581 0.5250091552734375 0.01611870527267456 0.017270028591156006
0 0.8253433704376221 0.5437595248222351 0.03717172145843506 0.03848755359649658
0 0.8822522759437561 0.5393186807632446 0.01809239387512207 0.019737184047698975
0 0.3190845251083374 0.5980367660522461 0.10164651274681091 0.08832389116287231
0 0.6618536710739136 0.574845552444458 0.05032980442047119 0.03848749399185181
0 0.06283004581928253 0.644912600517273 0.12533113360404968 0.17812812328338623
0 0.8052772283554077 0.5264894962310791 0.05592203140258789 0.03700721263885498
0 0.8490279912948608 0.537838339805603 0.014144957065582275 0.012829184532165527
0 0.4766530692577362 0.5778061747550964 0.07204073667526245 0.07401442527770996
0 0.8585676550865173 0.6019842028617859 0.09506750106811523 0.08388304710388184
0 0.3361901044845581 0.500831127166748 0.006579071283340454 0.009868592023849487
0 0.295873761177063 0.5118075609207153 0.010280072689056396 0.019737184047698975
1 0.28586024045944214 0.5407989025115967 0.009539633989334106 0.0325663685798645
0 0.5118510723114014 0.570898175239563 0.030263692140579224 0.06118530035018921
0 0.8490279912948608 0.5264894962310791 0.03223741054534912 0.019737184047698975
0 0.722709596157074 0.558068573474884 0.07253408432006836 0.04416179656982422
0 0.238491028547287 0.5422792434692383 0.04736925661563873 0.0325663685798645
0 0.28882086277008057 0.509712815284729 0.008552759885787964 0.014309465885162354
0 0.8536334037780762 0.5482003688812256 0.02171093225479126 0.024178028106689453
0 0.303952693939209 0.5067522525787354 0.008552789688110352 0.011348903179168701
0 0.21283265948295593 0.6148133873939514 0.13684450089931488 0.12385082244873047
0 0.9371874332427979 0.6236951351165771 0.1253311038017273 0.09819251298904419
0 0.577312707901001 0.5565886497497559 0.03881651163101196 0.02417808771133423
0 0.7796188592910767 0.5536280870437622 0.03980332612991333 0.02713865041732788
0 0.650669276714325 0.6148133873939514 0.08256721496582031 0.09671223163604736
0 0.3059264123439789 0.49836400151252747 0.020066142082214355 0.011348903179168701
0 0.6477087140083313 0.5551084280014038 0.06447482109069824 0.05822473764419556
0 0.3059264123439789 0.5037916898727417 0.01611870527267456 0.015789717435836792
0 0.3171108067035675 0.4998442530632019 0.013158142566680908 0.01282915472984314
