0 0.3437560200691223 0.4983639717102051 0.011513352394104004 0.01282915472984314
0 0.3210582733154297 0.49688369035720825 0.010526508092880249 0.014309495687484741
0 0.16908207535743713 0.550009548664093 0.0748915821313858 0.07105386257171631
0 0.05329040437936783 0.5763258934020996 0.10362023115158081 0.08536332845687866
0 0.38026976585388184 0.5020999312400818 0.008270829916000366 0.015366792678833008
0 0.38750678300857544 0.49688369035720825 0.011513352394104004 0.008388280868530273
0 0.40823084115982056 0.500831127166748 0.01611870527267456 0.017270058393478394
0 0.3884936571121216 0.5097128748893738 0.021710902452468872 0.02417805790901184
0 0.42171794176101685 0.5023114085197449 0.016447633504867554 0.015789777040481567
0 0.7151440382003784 0.5852075815200806 0.11579149961471558 0.10510057210922241
