0 0.4970476031303406 0.5146464705467224 0.026316195726394653 0.03059256076812744
0 0.5329040288925171 0.4919493794441223 0.0019736886024475098 0.00296059250831604
0 0.5523123145103455 0.500831127166748 0.006579041481018066 0.003947466611862183
0 0.4039544463157654 0.500831127166748 0.013816028833389282 0.009868592023849487
0 0.5796154141426086 0.4939231276512146 0.002631664276123047 0.00789487361907959
0 0.5628387928009033 0.5018180012702942 0.014473915100097656 0.016776591539382935
0 0.5835624933242798 0.4963894784450531 0.008223891258239746 0.01233583688735962
0 0.42171791195869446 0.500831127166748 0.008552789688110352 0.003947466611862183
0 0.3572430908679962 0.500831127166748 0.011184394359588623 0.003947466611862183
0 0.4651397466659546 0.505765438079834 0.009868592023849487 0.013816028833389282
0 0.1230284720659256 0.5146471858024597 0.021381951868534088 0.012829184532165527
0 0.37007224559783936 0.5126734375953674 0.0345400869846344 0.03404664993286133
0 0.5549439191818237 0.505765438079834 0.011842310428619385 0.014802932739257812
0 0.4773104786872864 0.49935129284858704 0.013981342315673828 0.0098685622215271
0 0.5210617780685425 0.500831127166748 0.006579101085662842 0.008881717920303345
0 0.17829260230064392 0.5087260007858276 0.03322426974773407 0.023191183805465698
0 0.23684623837471008 0.5250091552734375 0.06052736937999725 0.05181008577346802
0 0.491784930229187 0.4978705644607544 0.006579071283340454 0.003947436809539795
0 0.47763994336128235 0.5116865634918213 0.016776621341705322 0.019737184047698975
0 0.5582334995269775 0.49490997195243835 0.0026316046714782715 0.0029605627059936523
0 0.48997509479522705 0.504778265953064 0.012335866689682007 0.012336164712905884
0 0.4319154620170593 0.5205683708190918 0.027303099632263184 0.02713865041732788
0 0.07228744775056839 0.5457332134246826 0.14457489550113678 0.1189165711402893
0 0.491784930229187 0.49885743856430054 0.006579071283340454 0.00296059250831604
0 0.5641546249389648 0.49490997195243835 0.0026316046714782715 0.0029605627059936523
0 0.4417840540409088 0.500831127166748 0.00789487361907959 0.0029605627059936523
0 0.4196338653564453 0.5120150446891785 0.023136407136917114 0.023849010467529297
0 0.5177721977233887 0.5028048157691956 0.011842310428619385 0.01282915472984314
0 0.5003377199172974 0.4958968460559845 0.0098685622215271 0.003947436809539795
0 0.45231056213378906 0.500831127166748 0.007894903421401978 0.0029605627059936523
0 0.5743521451950073 0.4939231276512146 0.003289520740509033 0.003947436809539795
