0 0.8342251181602478 0.5281790494918823 0.05051922798156738 0.03347843885421753
0 0.45231056213378906 0.5225420594215393 0.02072402834892273 0.018750309944152832
1 0.9049500226974487 0.5333974957466125 0.009210646152496338 0.01727008819580078
0 0.8092247247695923 0.5167570114135742 0.019453585147857666 0.008031010627746582
0 0.026974156498908997 0.5664572715759277 0.05394831299781799 0.033059775829315186
0 0.762663722038269 0.5259960889816284 0.028618931770324707 0.033059775829315186
1 0.041229113936424255 0.5547794103622437 0.020724045112729073 0.030263781547546387
0 0.730604887008667 0.5097128748893738 0.12465596199035645 0.04739522933959961
0 0.8908050656318665 0.533890962600708 0.07171177864074707 0.04391521215438843
0 0.7039597034454346 0.5259960889816284 0.03717172145843506 0.03207296133041382
0 0.38323038816452026 0.5556018352508545 0.05329042673110962 0.06661301851272583
1 0.88126540184021 0.8192490339279175 0.13289707899093628 0.3615019917488098
0 0.3421112298965454 0.5477069616317749 0.04095467925071716 0.048849523067474365
0 0.9240293502807617 0.5097128748893738 0.0845409631729126 0.05970501899719238
0 0.29539990425109863 0.5329040288925171 0.0500008761882782 0.018750369548797607
0 0.5796154141426086 0.5319172143936157 0.06250107288360596 0.033059775829315186
1 0.9554442167282104 0.5457332134246826 0.01858574151992798 0.06611961126327515
0 0.29419851303100586 0.5592060089111328 0.06172877550125122 0.06742823123931885
0 0.38316458463668823 0.5195814371109009 0.021776646375656128 0.00592118501663208
0 0.061020806431770325 0.6306031346321106 0.12204161286354065 0.1426011323928833
0 0.7885006666183472 0.5225419998168945 0.04605346918106079 0.030099213123321533
0 0.9838987588882446 0.5215551853179932 0.03190845251083374 0.04786267876625061
1 0.9365295171737671 0.5324106216430664 0.017434537410736084 0.031086087226867676
0 0.19590255618095398 0.5486937761306763 0.11298443377017975 0.05661278963088989
0 0.7911322712898254 0.5429700613021851 0.05526411533355713 0.04884958267211914
0 0.5463911294937134 0.5166208744049072 0.012500226497650146 0.012829184532165527
0 0.3085351586341858 0.5253763794898987 0.05333617329597473 0.018750309944152832
0 0.35461145639419556 0.5321203470230103 0.031385987997055054 0.030099213123321533
1 0.8944236040115356 0.531423807144165 0.01611870527267456 0.030592620372772217
0 0.4684292674064636 0.5259960293769836 0.012500196695327759 0.012829184532165527
