0 0.5437594652175903 0.5506675243377686 0.01611870527267456 0.020230650901794434
0 0.565799355506897 0.573365330696106 0.015131831169128418 0.033059775829315186
0 0.5365774631500244 0.5444989204406738 0.021491587162017822 0.026645183563232422
0 0.6638259887695312 0.62813401222229 0.1395842432975769 0.1488490104675293
0 0.5582334399223328 0.5630033016204834 0.027961015701293945 0.033059775829315186
0 0.42994174361228943 0.5467200875282288 0.01611870527267456 0.020230650901794434
0 0.5184301137924194 0.5412923693656921 0.011842310428619385 0.017763495445251465
1 0.35263776779174805 0.5644835233688354 0.010197550058364868 0.03454011678695679
0 0.5888261198997498 0.5871813297271729 0.03223741054534912 0.03799408674240112
0 0.5829049348831177 0.5758324265480042 0.04161274433135986 0.04218852519989014
0 0.9592185616493225 0.8370124697685242 0.08156287670135498 0.32597506046295166
1 0.5825759768486023 0.5482003688812256 0.006579041481018066 0.017270028591156006
0 0.5445489883422852 0.5601414442062378 0.020987212657928467 0.028914988040924072
0 0.14276565611362457 0.6177740097045898 0.19441130757331848 0.1618449091911316
0 0.4384945034980774 0.5467200875282288 0.004276394844055176 0.015296339988708496
0 0.522377610206604 0.5437595248222351 0.011184394359588623 0.013815999031066895
1 0.3671116828918457 0.5664572715759277 0.008552789688110352 0.02911233901977539
0 0.7519876956939697 0.6785895228385925 0.22623831033706665 0.1929314136505127
0 0.038158562034368515 0.6103725433349609 0.0654616728425026 0.065132737159729
0 0.5088082551956177 0.5574520826339722 0.024671494960784912 0.030592679977416992
0 0.4111914038658142 0.5669506788253784 0.024671494960784912 0.030592620372772217
0 0.8733705282211304 0.6177740097045898 0.04243499040603638 0.06118530035018921
0 0.42237579822540283 0.5590558052062988 0.017763465642929077 0.02417808771133423
0 0.43874111771583557 0.579163134098053 0.0333065390586853 0.04280507564544678
0 0.4274747967720032 0.5531346797943115 0.014802604913711548 0.018503427505493164
