0 0.6493535041809082 0.5457332134246826 0.12368637323379517 0.06266558170318604
1 0.8230407238006592 0.5546150207519531 0.022697806358337402 0.059211552143096924
1 0.738828718662262 0.5649769902229309 0.01414501667022705 0.02615177631378174
0 0.4983639717102051 0.5398120880126953 0.056579917669296265 0.04588896036148071
0 0.5769838094711304 0.5437595248222351 0.03980332612991333 0.038980960845947266
0 0.04860282316803932 0.7470525503158569 0.09720564633607864 0.24819517135620117
0 0.4651397168636322 0.5250092148780823 0.04736924171447754 0.02615177631378174
0 0.9589718580245972 0.6286294460296631 0.08205628395080566 0.1904638409614563
0 0.35088345408439636 0.5503386855125427 0.06929939985275269 0.03602027893066406
0 0.2713863253593445 0.6074119806289673 0.09901487827301025 0.11496907472610474
0 0.4286259412765503 0.5447463989257812 0.03673306107521057 0.03832298517227173
0 0.1595422625541687 0.579779863357544 0.14704205095767975 0.07204073667526245
0 0.46185019612312317 0.5417857766151428 0.043750762939453125 0.04194152355194092
0 0.6667879819869995 0.5615229606628418 0.12039685249328613 0.056744396686553955
0 0.5434305667877197 0.5457332134246826 0.0480271577835083 0.040954649448394775
0 0.2582281827926636 0.5407989025115967 0.05329039692878723 0.030099213123321533
