1 0.07960665225982666 0.56843101978302 0.008223824203014374 0.05082327127456665
0 0.4750083088874817 0.47615963220596313 0.01842138171195984 0.009868592023849487
0 0.4713898301124573 0.4786267876625061 0.010197550058364868 0.013816028833389282
1 0.18914803862571716 0.540305495262146 0.012829169631004333 0.01924377679824829
0 0.5026403665542603 0.48010706901550293 0.0055921971797943115 0.013816028833389282
0 0.42994171380996704 0.4771465063095093 0.023026734590530396 0.009868592023849487
0 0.4898111820220947 0.47615963220596313 0.009210675954818726 0.012335747480392456
1 0.3153563141822815 0.5116865634918213 0.007017731666564941 0.030263841152191162
0 0.46777135133743286 0.488495409488678 0.004605352878570557 0.015296310186386108
0 0.45494216680526733 0.49096256494522095 0.027632057666778564 0.044408708810806274
1 0.10362023115158081 0.56843101978302 0.01282917708158493 0.04736924171447754
0 0.48882436752319336 0.4840545058250427 0.013816028833389282 0.016776591539382935
0 0.03782960772514343 0.6602089405059814 0.07467235624790192 0.201812744140625
0 0.48882436752319336 0.47615963220596313 0.006579071283340454 0.005427747964859009
1 0.04243495315313339 0.5610295534133911 0.013158127665519714 0.028618931770324707
0 0.4973771274089813 0.5092194080352783 0.033224284648895264 0.03898093104362488
1 0.3996780514717102 0.49639028310775757 0.005921155214309692 0.028618931770324707
0 0.4473762512207031 0.52303546667099 0.03421109914779663 0.037500619888305664
1 0.5162308216094971 0.47785142064094543 0.004276394844055176 0.006414592266082764
1 0.17204248905181885 0.5452398061752319 0.008552774786949158 0.038980960845947266
0 0.5046141147613525 0.48158738017082214 0.006579101085662842 0.016776621341705322
0 0.23618833720684052 0.6404716968536377 0.19375339150428772 0.22401708364486694
0 0.4095466434955597 0.4954034090042114 0.017434537410736084 0.022204309701919556
1 0.1338837742805481 0.5733652114868164 0.018750324845314026 0.06825828552246094
0 0.5526412725448608 0.5630033016204834 0.07829087972640991 0.08585673570632935
1 0.5585623979568481 0.49182581901550293 0.004605352878570557 0.028125524520874023
0 0.5240223407745361 0.4993508458137512 0.019408226013183594 0.02615177631378174
1 0.5845497250556946 0.5146471261978149 0.008552789688110352 0.019737184047698975
1 0.572378396987915 0.49375858902931213 0.00592118501663208 0.030592620372772217
1 0.5480359196662903 0.4865216612815857 0.00789487361907959 0.019737184047698975
1 0.01315812487155199 0.5560952425003052 0.008552780374884605 0.012829184532165527
0 0.37730926275253296 0.5131669044494629 0.025987297296524048 0.024671494960784912
0 0.4187573194503784 0.48158738017082214 0.002631634473800659 0.006907999515533447
1 0.568595290184021 0.4907161593437195 0.007319331169128418 0.03515699505805969
1 0.32763731479644775 0.5146471858024597 0.008552789688110352 0.036513835191726685
0 0.423362672328949 0.488495409488678 0.01578974723815918 0.016776591539382935
0 0.41415196657180786 0.5467200875282288 0.04967191815376282 0.05526411533355713
1 0.33553218841552734 0.500831127166748 0.00789487361907959 0.019737213850021362
1 0.056250981986522675 0.5782996416091919 0.01907927915453911 0.05082327127456665
1 0.508232593536377 0.48586371541023254 0.00592118501663208 0.017105400562286377
1 0.22599080204963684 0.5383317470550537 0.012829169631004333 0.01924377679824829
0 0.4723767042160034 0.4771465063095093 0.010197550058364868 0.015296339988708496
0 0.5424437522888184 0.5176077485084534 0.030592620372772217 0.030592679977416992
0 0.438165545463562 0.4840545058250427 0.006579071283340454 0.013816028833389282
0 0.7876695394515991 0.5699113011360168 0.42466098070144653 0.824521005153656
1 0.11414673179388046 0.56843101978302 0.012829169631004333 0.057237863540649414
0 0.4325733780860901 0.48553478717803955 0.009210675954818726 0.013816028833389282
0 0.5250091552734375 0.4954034090042114 0.023026764392852783 0.02615177631378174
1 0.03273092210292816 0.5634968280792236 0.010855484753847122 0.0357738733291626
1 0.36612483859062195 0.5028048753738403 0.008552789688110352 0.019737184047698975
0 0.5306013822555542 0.5092194676399231 0.02203989028930664 0.02911236882209778
