0 0.48092925548553467 0.3930171728134155 0.019408226013183594 0.027384936809539795
0 0.5321363210678101 0.43487614393234253 0.03454011678695679 0.0684221088886261
0 0.47358328104019165 0.38470953702926636 0.029386550188064575 0.03700724244117737
0 0.5097679495811462 0.4128350615501404 0.04638221859931946 0.05329039692878723
0 0.3118475675582886 0.3898094594478607 0.028947889804840088 0.03700721263885498
0 0.44507357478141785 0.38487517833709717 0.018750309944152832 0.020230621099472046
1 0.08421200513839722 0.4243495464324951 0.01940823346376419 0.07006701827049255
0 0.5861944556236267 0.46777135133743286 0.08322513103485107 0.08783045411109924
0 0.5751742124557495 0.43816637992858887 0.09259998798370361 0.09103849530220032
1 0.5371804237365723 0.38734230399131775 0.008552730083465576 0.02171093225479126
0 0.4842190146446228 0.4063398241996765 0.028783529996871948 0.04588928818702698
0 0.32961103320121765 0.38980942964553833 0.011184394359588623 0.02664521336555481
0 0.4536263346672058 0.3883291482925415 0.017763465642929077 0.015296310186386108
1 0.20230616629123688 0.4070795178413391 0.013816028833389282 0.046382397413253784
0 0.4276389479637146 0.38076210021972656 0.027522355318069458 0.02911236882209778
0 0.25493866205215454 0.41793495416641235 0.0500008761882782 0.05477067828178406
0 0.291781485080719 0.4046129286289215 0.036020427942276 0.03873413801193237
0 0.3067488968372345 0.39869171380996704 0.028454363346099854 0.03305980563163757
