0 0.5485292673110962 0.535223126411438 0.03125053644180298 0.04440867900848389
0 0.24687927961349487 0.5665559768676758 0.05388255417346954 0.08802783489227295
0 0.5347838401794434 0.5312122702598572 0.01842135190963745 0.03369414806365967
1 0.562603771686554 0.5134488344192505 0.0049343109130859375 0.006414592266082764
0 0.35691413283348083 0.533890962600708 0.03125053644180298 0.051316678524017334
0 0.6115238666534424 0.5605361461639404 0.06644856929779053 0.08585673570632935
0 0.3284926414489746 0.5485950708389282 0.041053324937820435 0.056744396686553955
0 0.3809277415275574 0.5284631848335266 0.029605776071548462 0.03996777534484863
0 0.5512596368789673 0.5421311259269714 0.01578974723815918 0.047319889068603516
0 0.28717607259750366 0.5521478652954102 0.05802735686302185 0.07401448488235474
0 0.17240148782730103 0.579779863357544 0.12204155325889587 0.1202622652053833
0 0.5858654975891113 0.5574274659156799 0.02233588695526123 0.05733656883239746
0 0.6543536186218262 0.584911584854126 0.09710699319839478 0.10065972805023193
0 0.5746811032295227 0.5417858362197876 0.0480271577835083 0.059376060962677
1 0.7564127445220947 0.5805873870849609 0.0281105637550354 0.13811546564102173
