0 0.27612271904945374 0.4693506956100464 0.08269898593425751 0.08516624569892883
0 0.0230267196893692 0.43717870116233826 0.025987297296524048 0.038980960845947266
0 0.18552955985069275 0.4480341672897339 0.04243496060371399 0.04440867900848389
0 0.7630077600479126 0.4958975315093994 0.1689184308052063 0.07327523827552795
0 0.45099472999572754 0.4342181086540222 0.07368549704551697 0.03750064969062805
0 0.5452401041984558 0.4275577664375305 0.06875133514404297 0.03380018472671509
0 0.3993490934371948 0.4287903904914856 0.0690801739692688 0.0345400869846344
0 0.2570764720439911 0.43088820576667786 0.06669534742832184 0.033059775829315186
0 0.03519798442721367 0.4495144486427307 0.04243495315313339 0.0537838339805603
0 0.9330767393112183 0.49762460589408875 0.13306021690368652 0.07968932390213013
0 0.14112088084220886 0.4287903904914856 0.05888260900974274 0.03898093104362488
0 0.14671309292316437 0.4134940803050995 0.049014024436473846 0.016776621341705322
