0 0.560865044593811 0.5215551853179932 0.017434537410736084 0.03454005718231201
0 0.607905387878418 0.5644835829734802 0.12072581052780151 0.16480553150177002
0 0.4079018831253052 0.5269829034805298 0.03519797325134277 0.0537838339805603
0 0.4187573194503784 0.52303546667099 0.030592650175094604 0.04983639717102051
0 0.3210582733154297 0.6103725433349609 0.10230442881584167 0.11052823066711426
0 0.34507182240486145 0.5852075815200806 0.07565921545028687 0.08733707666397095
0 0.42796802520751953 0.5023114085197449 0.0055921971797943115 0.009868592023849487
0 0.5516543388366699 0.5131669044494629 0.02401357889175415 0.03602033853530884
0 0.37730923295021057 0.5590558052062988 0.05625098943710327 0.08042901754379272
0 0.13429510593414307 0.6473797559738159 0.26859021186828613 0.21858930587768555
0 0.5286276340484619 0.500831127166748 0.033224284648895264 0.04440867900848389
0 0.43356022238731384 0.5161274671554565 0.009210705757141113 0.017763495445251465
0 0.4023096561431885 0.5383317470550537 0.040461212396621704 0.05822473764419556
