0 0.9894909858703613 0.4954034090042114 0.020066142082214355 0.0439152717590332
0 0.2966499924659729 0.46392256021499634 0.07598814368247986 0.07539603114128113
0 0.0019737188704311848 0.4539552927017212 0.0036184845957905054 0.008388310670852661
0 0.04704029858112335 0.43175098299980164 0.027632061392068863 0.033059775829315186
0 0.18552955985069275 0.4134940803050995 0.0055921971797943115 0.012335717678070068
0 0.20855627954006195 0.44704729318618774 0.04046124219894409 0.03996780514717102
0 0.6631695032119751 0.4993508458137512 0.01743447780609131 0.03996780514717102
0 0.45099472999572754 0.4302706718444824 0.06842225790023804 0.0345400869846344
2 0.03618484362959862 0.46974506974220276 0.0115133598446846 0.06118530035018921
0 0.5404700040817261 0.4248429536819458 0.06085634231567383 0.0318261981010437
0 0.4023096561431885 0.4263232350349426 0.06644853949546814 0.03157952427864075
0 0.2674388885498047 0.4287903904914856 0.06184320151805878 0.030592650175094604
0 0.061349742114543915 0.43989259004592896 0.03634932264685631 0.04292836785316467
0 0.918437123298645 0.48701512813568115 0.08256721496582031 0.0710538923740387
0 0.20296406745910645 0.4263232350349426 0.06447480618953705 0.03750064969062805
0 0.15493690967559814 0.4134940803050995 0.052632495760917664 0.022204339504241943
0 0.7901453971862793 0.4825742244720459 0.25066226720809937 0.1652989387512207
2 0.031250543892383575 0.4954034090042114 0.025658342987298965 0.09128451347351074
