0 0.3707301616668701 0.5106997489929199 0.038816481828689575 0.0345400869846344
0 0.09769907593727112 0.48010706901550293 0.006579063832759857 0.008388310670852661
0 0.4039544463157654 0.5215551853179932 0.04440867900848389 0.03305983543395996
0 0.16875295341014862 0.48010706901550293 0.012829184532165527 0.012335747480392456
0 0.32763731479644775 0.5023114681243896 0.025000452995300293 0.01924377679824829
0 0.25460973381996155 0.4840545058250427 0.011184409260749817 0.017763465642929077
0 0.31447917222976685 0.5491872429847717 0.06085631251335144 0.08289623260498047
0 0.09506745636463165 0.5605361461639404 0.14572623372077942 0.13816028833389282
0 0.31842660903930664 0.5023114085197449 0.02138194441795349 0.017763465642929077
0 0.3514864444732666 0.5116865634918213 0.012335747480392456 0.02615174651145935
0 0.17072667181491852 0.4899756908416748 0.019408226013183594 0.019243746995925903
0 0.5009956359863281 0.5329040288925171 0.027632057666778564 0.03996783494949341
0 0.15691064298152924 0.4978705644607544 0.019408226013183594 0.024671465158462524
0 0.6194186806678772 0.5560952425003052 0.013815999031066895 0.040707945823669434
0 0.8523175716400146 0.6172805428504944 0.1881611943244934 0.1578974723815918
0 0.3118475675582886 0.48306766152381897 0.025987297296524048 0.012335717678070068
0 0.6202955842018127 0.5458974838256836 0.014437079429626465 0.04638218879699707
0 0.12269951403141022 0.48158735036849976 0.01282917708158493 0.013816028833389282
0 0.6486955881118774 0.48306769132614136 0.035855889320373535 0.013816028833389282
0 0.09794579446315765 0.6587285995483398 0.1958915889263153 0.1786215901374817
0 0.5358646512031555 0.5753389596939087 0.08585679531097412 0.09819251298904419
0 0.909382164478302 0.6695840954780579 0.181235671043396 0.16480553150177002
0 0.2786232829093933 0.4993508458137512 0.016447633504867554 0.022204309701919556
0 0.6697485446929932 0.565963864326477 0.07006698846817017 0.07204073667526245
0 0.5342198610305786 0.5176076889038086 0.04506659507751465 0.022204339504241943
0 0.3404664993286133 0.5062588453292847 0.023026734590530396 0.02615174651145935
0 0.607905387878418 0.5407989025115967 0.046053409576416016 0.04687577486038208
0 0.2944130301475525 0.4993508458137512 0.02664521336555481 0.02615177631378174
0 0.6246820092201233 0.48553478717803955 0.028618931770324707 0.012335747480392456
0 0.10065965354442596 0.47023850679397583 0.011842317879199982 0.01085546612739563
0 0.3753355145454407 0.5176077485084534 0.028618931770324707 0.02911233901977539
0 0.9824919700622559 0.7347167730331421 0.035016000270843506 0.2284579873085022
0 0.14112089574337006 0.5062588453292847 0.03322426229715347 0.03454005718231201
0 0.6697485446929932 0.5477069616317749 0.09967279434204102 0.07746845483779907
0 0.985205888748169 0.48701512813568115 0.029588282108306885 0.012335747480392456
0 0.3052684962749481 0.5023114085197449 0.02401357889175415 0.017763465642929077
0 0.7480393648147583 0.6005039215087891 0.07829087972640991 0.10658085346221924
0 0.5700757503509521 0.5353711843490601 0.04704028367996216 0.052797019481658936
0 0.7039597034454346 0.5699113011360168 0.09506744146347046 0.08141589164733887
0 0.10065965354442596 0.4954034090042114 0.01282917708158493 0.024671465158462524
0 0.18717432022094727 0.4840545058250427 0.019408240914344788 0.015296310186386108
0 0.10789662599563599 0.4786267876625061 0.011842310428619385 0.017763465642929077
0 0.24421477317810059 0.49017322063446045 0.03401373326778412 0.031382083892822266
0 0.3266504406929016 0.48306766152381897 0.01842138171195984 0.008388280868530273
0 0.2996762990951538 0.5023114681243896 0.025987297296524048 0.024671494960784912
0 0.22796452045440674 0.48158738017082214 0.013816028833389282 0.006907999515533447
0 0.6523140668869019 0.488495409488678 0.021381914615631104 0.006908029317855835
0 0.1365155577659607 0.47171878814697266 0.004605337977409363 0.0029605627059936523
0 0.5266539454460144 0.46777135133743286 0.013815999031066895 0.006908029317855835
0 0.22237232327461243 0.49096256494522095 0.026645198464393616 0.026151806116104126
0 0.14769995212554932 0.48158735036849976 0.014802902936935425 0.015296310186386108
0 0.12171265482902527 0.5023114085197449 0.01282917708158493 0.017763465642929077
0 0.2750048041343689 0.4924428462982178 0.023026734590530396 0.024671465158462524
0 0.7371839284896851 0.5837273597717285 0.09309369325637817 0.09128445386886597
0 0.11085720360279083 0.4978705644607544 0.020395100116729736 0.022204309701919556
0 0.16052913665771484 0.4786267876625061 0.00657905638217926 0.01085546612739563
