1 0.8717257976531982 0.5393186807632446 0.010526478290557861 0.030592620372772217
1 0.8434357643127441 0.5926090478897095 0.022697746753692627 0.07401442527770996
0 0.1384892612695694 0.5526412725448608 0.1345418393611908 0.08486992120742798
0 0.42731010913848877 0.5279697775840759 0.012500226497650146 0.013815999031066895
1 0.5690889358520508 0.5644835233688354 0.011842310428619385 0.03602033853530884
1 0.8473832607269287 0.5319172143936157 0.013158142566680908 0.03602039813995361
1 0.6159642338752747 0.5575752854347229 0.013158082962036133 0.04884898662567139
1 0.9838988184928894 0.540305495262146 0.012829184532165527 0.0365138053894043
1 0.29441341757774353 0.5671970844268799 0.011513352394104004 0.03305923938751221
0 0.25296494364738464 0.5437594652175903 0.09638325870037079 0.048849523067474365
0 0.8210669755935669 0.500831127166748 0.041119158267974854 0.018750309944152832
1 0.9565956592559814 0.5309303402900696 0.007565915584564209 0.022697806358337402
1 0.9501557350158691 0.5369924306869507 0.00798875093460083 0.032707154750823975
1 0.8799496293067932 0.5541215538978577 0.012171268463134766 0.0365138053894043
1 0.9597182273864746 0.5403052568435669 0.012171268463134766 0.0365138053894043
1 0.28141963481903076 0.558562159538269 0.01875022053718567 0.0515630841255188
1 0.8625150918960571 0.5294500589370728 0.014802932739257812 0.03848755359649658
0 0.622707724571228 0.514646589756012 0.0848698616027832 0.03552624583244324
0 0.6864151954650879 0.5266538858413696 0.043312132358551025 0.02483588457107544
0 0.6674458980560303 0.5240223407745361 0.0325663685798645 0.025164902210235596
0 0.446389377117157 0.5269829034805298 0.01315811276435852 0.014802932739257812
1 0.35230880975723267 0.5610295534133911 0.015131860971450806 0.04983639717102051
1 0.4185927212238312 0.5511606931686401 0.01644766330718994 0.05501735210418701
0 0.3795570135116577 0.5375916957855225 0.018859952688217163 0.028207719326019287
0 0.7421172261238098 0.5116863250732422 0.03815865516662598 0.037994056940078735
1 0.9121869802474976 0.5363580584526062 0.009539663791656494 0.03602039813995361
0 0.8575807809829712 0.5037916898727417 0.03914541006088257 0.04095467925071716
0 0.3421112298965454 0.5348777770996094 0.022697776556015015 0.013815999031066895
0 0.6174449920654297 0.5195814371109009 0.03125053644180298 0.014802873134613037
1 0.5815891027450562 0.5595492720603943 0.011842310428619385 0.042928338050842285
0 0.36250633001327515 0.5437595248222351 0.02730312943458557 0.031086087226867676
0 0.39112526178359985 0.5329040288925171 0.019408226013183594 0.025164902210235596
1 0.9327455759048462 0.5368515253067017 0.009868621826171875 0.033059775829315186
0 0.4710608720779419 0.5250091552734375 0.016776621341705322 0.014802873134613037
0 0.3227854073047638 0.551777720451355 0.03396421670913696 0.04514873027801514
0 0.015543035231530666 0.5916222333908081 0.031086070463061333 0.08585673570632935
1 0.34540170431137085 0.5617692470550537 0.010855287313461304 0.04885047674179077
0 0.7671186923980713 0.520568311214447 0.018750309944152832 0.02911233901977539
1 0.8431055545806885 0.5768183469772339 0.04638093709945679 0.12039577960968018
0 0.8210669755935669 0.5215551853179932 0.07993561029434204 0.04884955286979675
0 0.3065844178199768 0.5368515253067017 0.04802703857421875 0.028125464916229248
0 0.614374577999115 0.5302722454071045 0.00943005084991455 0.023027002811431885
0 0.4996798038482666 0.5225419998168945 0.009868621826171875 0.011842310428619385
0 0.23026719689369202 0.5837273001670837 0.07039596140384674 0.06266558170318604
0 0.3460586965084076 0.5259960889816284 0.03190845251083374 0.0098685622215271
1 0.8880071640014648 0.5363579392433167 0.0098685622215271 0.0365138053894043
1 0.8069868087768555 0.5664572715759277 0.009408116340637207 0.011348843574523926
0 0.14177879691123962 0.6148133873939514 0.10789662599563599 0.09473848342895508
1 0.557575523853302 0.5546150207519531 0.01644766330718994 0.05625098943710327
0 0.22006964683532715 0.5506675243377686 0.03519798815250397 0.03799408674240112
0 0.36053264141082764 0.5259960889816284 0.009210675954818726 0.00592118501663208
1 0.8016587495803833 0.5437595248222351 0.009210705757141113 0.029605746269226074
0 0.4384945034980774 0.5279697775840759 0.006579071283340454 0.010855436325073242
