0 0.29539990425109863 0.4593830406665802 0.007236957550048828 0.006277501583099365
0 0.2944130301475525 0.45247501134872437 0.007604628801345825 0.01085546612739563
0 0.4838881492614746 0.5156341195106506 0.1143113374710083 0.06611976027488708
1 0.5894839763641357 0.505765438079834 0.011842310428619385 0.045888930559158325
1 0.9023184180259705 0.48158738017082214 0.011184453964233398 0.01924377679824829
0 0.07960659265518188 0.503298282623291 0.032237403094768524 0.012335747480392456
0 0.23043164610862732 0.4685855209827423 0.007187649607658386 0.013149917125701904
0 0.9733723402023315 0.4840545058250427 0.027632057666778564 0.07598814368247986
0 0.1904638707637787 0.4771465063095093 0.007236972451210022 0.016776621341705322
0 0.28882086277008057 0.4692516326904297 0.0055921971797943115 0.010855436325073242
0 0.841791033744812 0.5131669044494629 0.11677837371826172 0.056744396686553955
0 0.10033070296049118 0.500831127166748 0.027632057666778564 0.016776591539382935
0 0.055264122784137726 0.5023584365844727 0.03129754588007927 0.019243746995925903
0 0.2309250831604004 0.4593830406665802 0.00921069085597992 0.008388280868530273
0 0.2954500913619995 0.47023850679397583 0.013816028833389282 0.019243746995925903
0 0.28322863578796387 0.46988603472709656 0.002631634473800659 0.010855436325073242
0 0.10018974542617798 0.4954034090042114 0.027115069329738617 0.024671465158462524
0 0.2243461012840271 0.46777135133743286 0.014210820198059082 0.019243746995925903
0 0.1996745467185974 0.5299434661865234 0.13980507850646973 0.06611961126327515
0 0.21998538076877594 0.472591757774353 0.012626737356185913 0.01499265432357788
1 0.7664607763290405 0.5097128748893738 0.023026704788208008 0.06759989261627197
0 0.20775443315505981 0.4773161709308624 0.01654018461704254 0.019413411617279053
1 0.5240223407745361 0.48750853538513184 0.007565915584564209 0.012335747480392456
0 0.3811168670654297 0.46323180198669434 0.045831382274627686 0.07022738456726074
0 0.18388479948043823 0.4756152033805847 0.013816028833389282 0.02314019203186035
0 0.1920427829027176 0.4746793508529663 0.012237071990966797 0.017171382904052734
0 0.13980507850646973 0.5116865634918213 0.04046124219894409 0.05230352282524109
0 0.18585851788520813 0.5077391266822815 0.036842748522758484 0.030592650175094604
0 0.23051393032073975 0.467939555644989 0.006571575999259949 0.011774986982345581
0 0.17763468623161316 0.4786267876625061 0.011842310428619385 0.017763465642929077
0 0.06957368552684784 0.4946631193161011 0.02401357889175415 0.010855436325073242
0 0.10296232998371124 0.7493190765380859 0.204828143119812 0.5013618469238281
0 0.12960752844810486 0.48441556096076965 0.014802895486354828 0.012335717678070068
1 0.7715215682983398 0.5095610618591309 0.014929413795471191 0.07154729962348938
0 0.46448183059692383 0.7910001277923584 0.29901841282844543 0.4179996848106384
0 0.4148098826408386 0.4993508458137512 0.09112000465393066 0.06611958146095276
0 0.24375426769256592 0.4692516326904297 0.012829184532165527 0.016776621341705322
0 0.6985868215560913 0.49096253514289856 0.021710991859436035 0.03042834997177124
1 0.08362213522195816 0.4919493794441223 0.008065029978752136 0.01182529330253601
0 0.11414673924446106 0.4939231276512146 0.017434515058994293 0.02615177631378174
1 0.48125842213630676 0.4860280454158783 0.009210407733917236 0.02023005485534668
0 0.16283178329467773 0.4801070988178253 0.0247429758310318 0.02615177631378174
0 0.24745500087738037 0.4664144515991211 0.011787474155426025 0.016653209924697876
0 0.1188475713133812 0.4924428164958954 0.02020411193370819 0.027632057666778564
1 0.7654739618301392 0.48553481698036194 0.007565915584564209 0.008881747722625732
1 0.7516578435897827 0.5102062821388245 0.011184394359588623 0.025658339262008667
1 0.9071704745292664 0.5137836337089539 0.0212174654006958 0.09313485026359558
1 0.887844443321228 0.5274763107299805 0.02631622552871704 0.0750012993812561
