1 0.21464189887046814 0.5634967088699341 0.009210705757141113 0.03602033853530884
0 0.22204336524009705 0.5590558052062988 0.04638238251209259 0.02417808771133423
1 0.11875207722187042 0.5615229606628418 0.012171268463134766 0.02565830945968628
1 0.24441218376159668 0.5462266206741333 0.005741730332374573 0.011393725872039795
0 0.24474112689495087 0.5585623979568481 0.029934734106063843 0.01825690269470215
1 0.29539990425109863 0.5445818901062012 0.006688714027404785 0.019079387187957764
1 0.2792811989784241 0.5437595248222351 0.0055921971797943115 0.005427718162536621
1 0.27368900179862976 0.5477069616317749 0.004605352878570557 0.01825690269470215
1 0.9044560194015503 0.5595492720603943 0.028125762939453125 0.08437645435333252
0 0.6651427149772644 0.5935959219932556 0.07861971855163574 0.08190929889678955
1 0.25099122524261475 0.5526412725448608 0.007894858717918396 0.030592620372772217
1 0.5881684422492981 0.5383318066596985 0.012171268463134766 0.03922760486602783
1 0.20946069061756134 0.5462266802787781 0.003618478775024414 0.010855436325073242
1 0.20033244788646698 0.5654704570770264 0.00789487361907959 0.03602033853530884
0 0.6869009137153625 0.510347306728363 0.06198430061340332 0.047298699617385864
0 0.5236933827400208 0.536358118057251 0.0253293514251709 0.016776621341705322
0 0.28487342596054077 0.5634967088699341 0.03519800305366516 0.03700721263885498
0 0.1881611943244934 0.5595492720603943 0.015460804104804993 0.012829184532165527
0 0.5384962558746338 0.5472135543823242 0.02401357889175415 0.0310860276222229
0 0.5062588453292847 0.5333974957466125 0.006579041481018066 0.016776561737060547
1 0.27796539664268494 0.5447463989257812 0.003618478775024414 0.006907999515533447
0 0.4128361940383911 0.5264894962310791 0.18881908059120178 0.20427992939949036
1 0.23739467561244965 0.5588912963867188 0.007456272840499878 0.030592620372772217
0 0.6105369925498962 0.5264894962310791 0.118752121925354 0.06118527054786682
0 0.31612396240234375 0.5556018352508545 0.005921155214309692 0.014802932739257812
0 0.12993648648262024 0.5935958623886108 0.06611958146095276 0.05625098943710327
0 0.43997496366500854 0.6568368673324585 0.1287848949432373 0.15271610021591187
1 0.5815891027450562 0.5412923693656921 0.00789487361907959 0.03602039813995361
0 0.5631677508354187 0.5556018352508545 0.04079020023345947 0.05082327127456665
0 0.5414568781852722 0.5516543388366699 0.01644766330718994 0.0325663685798645
