0 0.2901366353034973 0.5195814371109009 0.025987297296524048 0.029112398624420166
0 0.5529701709747314 0.5176076889038086 0.015460789203643799 0.016776621341705322
0 0.031250547617673874 0.5417857766151428 0.03388217091560364 0.054770708084106445
0 0.35658520460128784 0.5496807098388672 0.0460534393787384 0.0537838339805603
0 0.48356109857559204 0.5156340599060059 0.00789487361907959 0.01381605863571167
0 0.1671081781387329 0.5398120880126953 0.029276832938194275 0.031086087226867676
0 0.437763512134552 0.5128927230834961 0.007310062646865845 0.003947436809539795
0 0.508232593536377 0.5126734375953674 0.032566338777542114 0.05871817469596863
0 0.3504447340965271 0.5202393531799316 0.011623024940490723 0.011842310428619385
0 0.21414849162101746 0.5625098943710327 0.06513272225856781 0.0537838339805603
0 0.39507269859313965 0.5146471261978149 0.009210705757141113 0.0098685622215271
0 0.810540497303009 0.5279697179794312 0.057237863540649414 0.03799408674240112
0 0.3805987536907196 0.5156340599060059 0.00789487361907959 0.008881747722625732
0 0.4444156587123871 0.5146471261978149 0.003947436809539795 0.003947436809539795
0 0.4651397168636322 0.505765438079834 0.03848749399185181 0.06562614440917969
0 0.09638326615095139 0.5259960293769836 0.12960754334926605 0.0656261146068573
0 0.4286259412765503 0.5279697775840759 0.017434507608413696 0.020724058151245117
0 0.40417373180389404 0.5139892101287842 0.00789487361907959 0.011842310428619385
0 0.37401968240737915 0.512179970741272 0.005263268947601318 0.0029606223106384277
0 0.48915329575538635 0.5176077485084534 0.004605352878570557 0.010855436325073242
0 0.3365190625190735 0.5225419998168945 0.011842340230941772 0.011842310428619385
0 0.44112613797187805 0.5398120880126953 0.03454005718231201 0.038980960845947266
0 0.2674388885498047 0.5299434661865234 0.025329411029815674 0.01578974723815918
0 0.42731010913848877 0.5156340599060059 0.00789487361907959 0.00592118501663208
0 0.4915875792503357 0.5128707885742188 0.0047369301319122314 0.011941015720367432
0 0.7756714820861816 0.5269829034805298 0.009210705757141113 0.009868621826171875
0 0.41184931993484497 0.5156340599060059 0.00789487361907959 0.003947436809539795
0 0.5368515253067017 0.5146471261978149 0.011184394359588623 0.01381605863571167
0 0.30658429861068726 0.5250091552734375 0.009210675954818726 0.012829124927520752
0 0.5239126682281494 0.5133312940597534 0.004386007785797119 0.012500226497650146
0 0.27730751037597656 0.5250091552734375 0.005921155214309692 0.01381605863571167
0 0.2401357889175415 0.5299434661865234 0.02401357889175415 0.023191213607788086
0 0.31908443570137024 0.5215551853179932 0.01644766330718994 0.01381605863571167
0 0.3286241590976715 0.5225419998168945 0.00789487361907959 0.011842310428619385
0 0.9845566749572754 0.5215551853179932 0.029276788234710693 0.06562614440917969
0 0.18750327825546265 0.533890962600708 0.02401357889175415 0.025164902210235596
0 0.3727039098739624 0.5185946226119995 0.01315811276435852 0.008881747722625732
