0 0.7411314249038696 0.5457332134246826 0.41184931993484497 0.22056305408477783
0 0.5098773241043091 0.5274763107299805 0.015460848808288574 0.016776621341705322
0 0.881040096282959 0.8118475675582886 0.23791974782943726 0.37630486488342285
0 0.3253346383571625 0.5457332134246826 0.05855363607406616 0.06562614440917969
0 0.4636594355106354 0.5514076948165894 0.04194152355194092 0.049342989921569824
0 0.43330442905426025 0.5269829034805298 0.012500196695327759 0.016776561737060547
0 0.44902104139328003 0.5289566516876221 0.018092423677444458 0.01776343584060669
0 0.2210565060377121 0.638498067855835 0.25691238045692444 0.20033246278762817
0 0.3757741451263428 0.545404314994812 0.01721516251564026 0.032401859760284424
0 0.3566509783267975 0.548595130443573 0.022171437740325928 0.04884958267211914
0 0.5401409864425659 0.5368515253067017 0.016776621341705322 0.02713865041732788
0 0.45642244815826416 0.5247624516487122 0.010197550058364868 0.013322591781616211
0 0.4019806981086731 0.548693835735321 0.04243496060371399 0.04983639717102051
0 0.3853868842124939 0.5343295335769653 0.013962239027023315 0.012280941009521484
