0 0.8296197652816772 0.5329040288925171 0.05065876245498657 0.033059775829315186
0 0.45231056213378906 0.5255026817321777 0.02072402834892273 0.018750309944152832
0 0.804619312286377 0.519088089466095 0.012829184532165527 0.005921125411987305
0 0.03256635740399361 0.5778061747550964 0.06052737310528755 0.046875834465026855
1 0.006872762460261583 0.5720260143280029 0.013745524920523167 0.05427730083465576
0 0.7297276854515076 0.5102062821388245 0.1243443489074707 0.04802712798118591
0 0.8860352039337158 0.5361113548278809 0.07039600610733032 0.041448116302490234
0 0.7631712555885315 0.533890962600708 0.04736924171447754 0.04391521215438843
0 0.4059281349182129 0.5486937761306763 0.04243496060371399 0.05575758218765259
1 0.26579439640045166 0.7375129461288452 0.0940805971622467 0.3444139361381531
0 0.344249427318573 0.5484470725059509 0.03963884711265564 0.05032980442047119
0 0.9213976860046387 0.5087260007858276 0.08388304710388184 0.05871817469596863
0 0.29539990425109863 0.5338909029960632 0.0460534393787384 0.01578974723815918
0 0.657577395439148 0.5237756967544556 0.050000786781311035 0.027632176876068115
0 0.29539990425109863 0.5588914155960083 0.06140458583831787 0.0689157247543335
0 0.3828299045562744 0.5377095937728882 0.025615423917770386 0.03799408674240112
0 0.06539243459701538 0.6271750926971436 0.13078486919403076 0.14021193981170654
0 0.7944217920303345 0.5126734972000122 0.024671435356140137 0.011842310428619385
0 0.9824919700622559 0.5126734375953674 0.03501611948013306 0.02911233901977539
0 0.20099034905433655 0.5496807098388672 0.10789661109447479 0.056744396686553955
0 0.7856497168540955 0.545404314994812 0.05416762828826904 0.048849523067474365
0 0.5470490455627441 0.5195814371109009 0.012500166893005371 0.012829124927520752
0 0.31020280718803406 0.5269829034805298 0.051316678524017334 0.016776561737060547
0 0.35658520460128784 0.5329040288925171 0.032566338777542114 0.029112398624420166
1 0.9845566749572754 0.520568311214447 0.008552730083465576 0.012829184532165527
0 0.4684292674064636 0.5279697775840759 0.012500196695327759 0.012829184532165527
