1 0.7037403583526611 0.5054364204406738 0.01611870527267456 0.029770195484161377
0 0.14473937451839447 0.7980315685272217 0.28947874903678894 0.4039369225502014
0 0.5174432992935181 0.4924428462982178 0.00822383165359497 0.01085546612739563
0 0.5730363726615906 0.49342969059944153 0.020066142082214355 0.02713865041732788
1 0.1154625415802002 0.5324106216430664 0.018750332295894623 0.08141589164733887
1 0.5921156406402588 0.4865216612815857 0.004276394844055176 0.019243746995925903
0 0.3388217091560364 0.5106997489929199 0.043750762939453125 0.054277241230010986
1 0.773807168006897 0.5304361581802368 0.021491825580596924 0.07187581062316895
1 0.3411242961883545 0.4810941219329834 0.005921155214309692 0.007648080587387085
1 0.7401444911956787 0.49688369035720825 0.020395100116729736 0.04736924171447754
0 0.5750100612640381 0.48356109857559204 0.02927684783935547 0.022697746753692627
0 0.01825689896941185 0.6083987951278687 0.0365137979388237 0.09523189067840576
0 0.5460622310638428 0.488495409488678 0.00822383165359497 0.012335747480392456
0 0.5148663520812988 0.4952392578125 0.007127285003662109 0.011430978775024414
0 0.8197511434555054 0.6710643768310547 0.2477017045021057 0.22599077224731445
1 0.6806039810180664 0.5097128748893738 0.010197579860687256 0.05082324147224426
1 0.25395166873931885 0.5153874754905701 0.015296131372451782 0.06513252854347229
0 0.4115203619003296 0.48158735036849976 0.027632057666778564 0.015296310186386108
0 0.307242214679718 0.5220485925674438 0.06644850969314575 0.04835611581802368
1 0.44079717993736267 0.4904690980911255 0.008552789688110352 0.026645183563232422
1 0.7986981868743896 0.5210617780685425 0.028947830200195312 0.08783048391342163
1 0.7444208860397339 0.505765438079834 0.01611870527267456 0.028125524520874023
0 0.5332330465316772 0.4904690980911255 0.010526478290557861 0.01282915472984314
1 0.6414585709571838 0.4865216612815857 0.012829184532165527 0.02664521336555481
0 0.4269811511039734 0.4954034090042114 0.023026704788208008 0.02615177631378174
0 0.3819143772125244 0.5069991946220398 0.05592194199562073 0.047616034746170044
1 0.5861944556236267 0.49688369035720825 0.01019752025604248 0.028125494718551636
0 0.5240222215652466 0.49392324686050415 0.0072370171546936035 0.008388310670852661
0 0.4980350136756897 0.48553481698036194 0.0444086492061615 0.02615177631378174
0 0.9277212619781494 0.8417000770568848 0.1445574164390564 0.31659990549087524
0 0.31020277738571167 0.6113593578338623 0.15658167004585266 0.16085809469223022
0 0.43553394079208374 0.49342966079711914 0.018092423677444458 0.025658339262008667
0 0.42796802520751953 0.4840545356273651 0.0460534393787384 0.02615177631378174
0 0.5240223407745361 0.4939231276512146 0.00822383165359497 0.01085546612739563
1 0.027961015701293945 0.542772650718689 0.03322426229715347 0.11595594882965088
0 0.5588914155960083 0.4904690980911255 0.007565915584564209 0.011348873376846313
1 0.6398138403892517 0.5146471261978149 0.018750309944152832 0.05723780393600464
1 0.40823161602020264 0.48528778553009033 0.008552759885787964 0.011348873376846313
0 0.41086244583129883 0.5003377199172974 0.01611870527267456 0.031086087226867676
