0 0.32599252462387085 0.5333974957466125 0.030921608209609985 0.015296339988708496
1 0.22631976008415222 0.5472135543823242 0.013158127665519714 0.052797019481658936
0 0.18520060181617737 0.5393186807632446 0.020724043250083923 0.024671494960784912
0 0.01710556261241436 0.5467201471328735 0.033553216606378555 0.04835611581802368
0 0.03223740682005882 0.5551084280014038 0.05559307709336281 0.04835611581802368
0 0.596392035484314 0.5980367660522461 0.13717347383499146 0.18108868598937988
0 0.40362548828125 0.540305495262146 0.03782960772514343 0.03503352403640747
0 0.13355208933353424 0.5282168388366699 0.02138207107782364 0.016283154487609863
1 0.719091534614563 0.6192542314529419 0.031250596046447754 0.14358800649642944
0 0.13947612047195435 0.5477069616317749 0.037171706557273865 0.04440867900848389
1 0.25888609886169434 0.5704047679901123 0.01611870527267456 0.08486992120742798
1 0.3766513466835022 0.5694178342819214 0.022697776556015015 0.08190935850143433
0 0.20855627954006195 0.542772650718689 0.029605776071548462 0.027632057666778564
