1 0.18783223628997803 0.5235289335250854 0.018750324845314026 0.06365245580673218
1 0.17335829138755798 0.5126734375953674 0.004605337977409363 0.02368462085723877
0 0.40855979919433594 0.4978705644607544 0.029605776071548462 0.016776591539382935
1 0.42369216680526733 0.4766530692577362 0.005921155214309692 0.019737184047698975
0 0.41974419355392456 0.5368515253067017 0.05361935496330261 0.06513267755508423
0 0.32204511761665344 0.5398120880126953 0.17434515058994293 0.25855714082717896
1 0.7605396509170532 0.537838339805603 0.020395100116729736 0.11842316389083862
0 0.3993490934371948 0.47171878814697266 0.01381605863571167 0.04983639717102051
1 0.7208458781242371 0.529449999332428 0.014802932739257812 0.09473848342895508
0 0.4361918568611145 0.4924428462982178 0.02039507031440735 0.02911236882209778
0 0.4417840540409088 0.500831127166748 0.012829184532165527 0.04144808650016785
1 0.4115203619003296 0.47961366176605225 0.008552789688110352 0.028618931770324707
1 0.7503421306610107 0.5121800303459167 0.01611870527267456 0.09276476502418518
0 0.4473762512207031 0.4731990694999695 0.003618478775024414 0.009868621826171875
1 0.04769820347428322 0.5590558052062988 0.012829169631004333 0.07253414392471313
1 0.7426101565361023 0.5215535163879395 0.015792250633239746 0.08783048391342163
1 0.8223828077316284 0.5324106216430664 0.028947830200195312 0.11102169752120972
1 0.2286224216222763 0.5274763107299805 0.015131831169128418 0.05082327127456665
0 0.4289548695087433 0.48701509833335876 0.01578974723815918 0.01924377679824829
1 0.1519763469696045 0.540305495262146 0.018750324845314026 0.0636523962020874
1 0.43158650398254395 0.47171878814697266 0.00789487361907959 0.012829184532165527
0 0.5792864561080933 0.5092194080352783 0.27401793003082275 0.44704729318618774
0 0.8164616823196411 0.45642244815826416 0.05822473764419556 0.07352104783058167
0 0.9199908971786499 0.668012797832489 0.1600182056427002 0.663974404335022
1 0.22763556241989136 0.4944165349006653 0.005921155214309692 0.00493428111076355
1 0.7365260124206543 0.5348777770996094 0.02401357889175415 0.10460710525512695
