0 0.4995157718658447 0.495897114276886 0.015789777040481567 0.019243746995925903
0 0.4858637750148773 0.4939231276512146 0.011842310428619385 0.017763495445251465
1 0.9417928457260132 0.5491872429847717 0.021053016185760498 0.09227132797241211
1 0.12339425086975098 0.5087260007858276 0.01717851310968399 0.047752946615219116
1 0.7371839284896851 0.49639028310775757 0.01578974723815918 0.06365242600440979
1 0.4289548695087433 0.4924428164958954 0.009210705757141113 0.022697746753692627
0 0.5839860439300537 0.4949803352355957 0.019408226013183594 0.0395447313785553
1 0.5431673526763916 0.5020153522491455 0.01552659273147583 0.061481326818466187
1 0.7631712555885315 0.4944165349006653 0.01578974723815918 0.0636523962020874
0 0.307242214679718 0.5960630178451538 0.1305943727493286 0.1406274437904358
1 0.5884971618652344 0.4944165349006653 0.01381605863571167 0.03898093104362488
0 0.488495409488678 0.5491872429847717 0.09671223163604736 0.042928338050842285
1 0.6704037189483643 0.5398123264312744 0.027792632579803467 0.09325823187828064
1 0.9103226065635681 0.5518183708190918 0.013158082962036133 0.09325820207595825
0 0.4807652533054352 0.47566622495651245 0.01381605863571167 0.030592650175094604
1 0.6628392934799194 0.540305495262146 0.02943819761276245 0.09770196676254272
0 0.5079036355018616 0.4771465063095093 0.007236957550048828 0.009868592023849487
1 0.45263949036598206 0.5087260007858276 0.020395100116729736 0.046875834465026855
0 0.5345488786697388 0.46777135133743286 0.011842310428619385 0.012335747480392456
0 0.616763710975647 0.5028400421142578 0.039897263050079346 0.04440861940383911
0 0.45987647771835327 0.48158738017082214 0.03684273362159729 0.06463927030563354
1 0.5213906764984131 0.4924428164958954 0.005263268947601318 0.019737184047698975
1 0.9000157117843628 0.5491872429847717 0.020395100116729736 0.09720563888549805
1 0.5638256072998047 0.49145597219467163 0.003289520740509033 0.00789487361907959
1 0.14572623372077942 0.48750853538513184 0.015131831169128418 0.022697746753692627
1 0.6082343459129333 0.4998442530632019 0.015131831169128418 0.03355321288108826
1 0.1210547536611557 0.5028048753738403 0.02434253692626953 0.04786267876625061
1 0.20987209677696228 0.4954034090042114 0.019079282879829407 0.038980960845947266
0 0.49129194021224976 0.5289576649665833 0.07269862294197083 0.03454005718231201
1 0.6141554713249207 0.5037916898727417 0.013815999031066895 0.022697776556015015
1 0.004111913964152336 0.5541214942932129 0.008223827928304672 0.06365245580673218
0 0.45263952016830444 0.6883344054222107 0.2289513647556305 0.30641984939575195
1 0.19243758916854858 0.48553481698036194 0.015131846070289612 0.022697746753692627
1 0.4263231158256531 0.4891529679298401 0.005921155214309692 0.022697776556015015
0 0.6023731231689453 0.49351900815963745 0.03322422504425049 0.04983639717102051
1 0.3381637930870056 0.47961366176605225 0.015131860971450806 0.02368462085723877
0 0.5042851567268372 0.4954034090042114 0.007236957550048828 0.020724058151245117
0 0.549351692199707 0.4917030930519104 0.022039830684661865 0.026151806116104126
1 0.6904717683792114 0.5393207669258118 0.031088650226593018 0.09029868245124817
1 0.2694126069545746 0.5028048753738403 0.019079267978668213 0.022697746753692627
1 0.5322461128234863 0.5353711843490601 0.02631622552871704 0.09227138757705688
1 0.7572500705718994 0.5452398061752319 0.02236884832382202 0.10312679409980774
0 0.5309303998947144 0.488495409488678 0.00822383165359497 0.012335747480392456
1 0.4388234615325928 0.49293702840805054 0.005921155214309692 0.025658339262008667
0 0.5279697179794312 0.48158735036849976 0.011842310428619385 0.015296310186386108
1 0.1865164190530777 0.48750853538513184 0.012500226497650146 0.018750309944152832
1 0.6523149013519287 0.48750853538513184 0.010197341442108154 0.03453958034515381
0 0.5381672978401184 0.49096256494522095 0.009210705757141113 0.023684650659561157
0 0.5335619449615479 0.46629106998443604 0.011842310428619385 0.015296310186386108
0 0.5980367660522461 0.5600427389144897 0.0845409631729126 0.0976991057395935
1 0.7552763819694519 0.48750853538513184 0.015131831169128418 0.046875834465026855
0 0.5069167613983154 0.4648107588291168 0.03782960772514343 0.020724058151245117
0 0.4880022406578064 0.4744333028793335 0.004605323076248169 0.009868592023849487
0 0.14149592816829681 0.6538665294647217 0.2819124162197113 0.31875866651535034
1 0.2131616175174713 0.4944165349006653 0.015789762139320374 0.03651377558708191
1 0.9187657833099365 0.5501736998558044 0.021546244621276855 0.09449160099029541
1 0.02039509452879429 0.4998442530632019 0.02631625160574913 0.09621879458427429
0 0.5243512988090515 0.4786267876625061 0.009210705757141113 0.012335747480392456
0 0.3789539933204651 0.5077391862869263 0.1250021755695343 0.0537838339805603
0 0.4977060854434967 0.4771465063095093 0.00822383165359497 0.012335717678070068
