0 0.48476719856262207 0.5483648777008057 0.005263239145278931 0.006908059120178223
0 0.4864119589328766 0.5483648180961609 0.004166781902313232 0.005592226982116699
0 0.5003377199172974 0.5585623979568481 0.01315811276435852 0.01578974723815918
0 0.5269827842712402 0.5615229606628418 0.016776621341705322 0.025164902210235596
0 0.5184301137924194 0.5585623979568481 0.010526478290557861 0.017763495445251465
0 0.4657976031303406 0.5556018352508545 0.006579071283340454 0.00789487361907959
0 0.4608633518218994 0.5556018352508545 0.010197550058364868 0.012335777282714844
1 0.17631888389587402 0.5738587379455566 0.007236972451210022 0.010362029075622559
0 0.5411279201507568 0.5679376125335693 0.026645243167877197 0.03207296133041382
0 0.45099472999572754 0.5575755834579468 0.010526508092880249 0.011842310428619385
0 0.5088905096054077 0.5511609315872192 0.00822383165359497 0.010361969470977783
0 0.4782978296279907 0.5506675243377686 0.007236987352371216 0.009868621826171875
0 0.47435036301612854 0.5526412725448608 0.008552789688110352 0.0098685622215271
0 0.0046053435653448105 0.6123462319374084 0.009210687130689621 0.0439152717590332
0 0.49112701416015625 0.5486937761306763 0.004605352878570557 0.004934251308441162
0 0.1694108545780182 0.6345505714416504 0.08223827183246613 0.11102163791656494
