0 0.13996903598308563 0.5361113548278809 0.1430124044418335 0.0750012993812561
0 0.49737709760665894 0.5437595248222351 0.19572708010673523 0.11743628978729248
1 0.03478679433465004 0.7110321521759033 0.06957358866930008 0.3138212561607361
0 0.9905513525009155 0.5215551853179932 0.018897294998168945 0.022204339504241943
0 0.4954034090042114 0.4702833294868469 0.010197550058364868 0.011797457933425903
0 0.42571595311164856 0.47885453701019287 0.007085144519805908 0.013474434614181519
1 0.025905057787895203 0.8003429770469666 0.051810115575790405 0.10510051250457764
0 0.4921138882637024 0.4746793508529663 0.013816028833389282 0.010362029075622559
0 0.7694213390350342 0.5452398061752319 0.15493690967559814 0.0789487361907959
0 0.4762418866157532 0.4683881402015686 0.006825774908065796 0.009498536586761475
0 0.2536228597164154 0.5062588453292847 0.04605342447757721 0.036020368337631226
0 0.4345470666885376 0.4746793508529663 0.01282915472984314 0.012335747480392456
0 0.4207310676574707 0.4778866469860077 0.01282915472984314 0.016776621341705322
0 0.48882433772087097 0.5215551853179932 0.18618744611740112 0.08585679531097412
0 0.522344708442688 0.47907087206840515 0.014802873134613037 0.020724058151245117
0 0.5387594103813171 0.48918619751930237 0.01578974723815918 0.018454253673553467
0 0.5046141147613525 0.4746793508529663 0.010197550058364868 0.01085546612739563
1 0.30493953824043274 0.4904690980911255 0.011842310428619385 0.038487523794174194
0 0.9907980561256409 0.531423807144165 0.01840388774871826 0.033059775829315186
0 0.5654704570770264 0.5037916898727417 0.037829577922821045 0.04292839765548706
0 0.44474464654922485 0.4731990694999695 0.013816028833389282 0.017763495445251465
0 0.8865286707878113 0.5190880298614502 0.09967279434204102 0.03454005718231201
0 0.3230319619178772 0.4939231276512146 0.033224254846572876 0.041448116302490234
0 0.4881664514541626 0.4746793508529663 0.01940825581550598 0.013816028833389282
0 0.4023096561431885 0.48306769132614136 0.015789777040481567 0.017763465642929077
1 0.7638291716575623 0.6345505714416504 0.0674353837966919 0.24523454904556274
0 0.4842190146446228 0.46629106998443604 0.01118442416191101 0.016776591539382935
0 0.3809277415275574 0.48553481698036194 0.02138194441795349 0.022204339504241943
0 0.23158299922943115 0.5200749039649963 0.035855889320373535 0.041448116302490234
1 0.19671396911144257 0.5018180012702942 0.020395100116729736 0.046875834465026855
0 0.28322863578796387 0.5037916898727417 0.027632057666778564 0.03750067949295044
0 0.9059368968009949 0.5852075815200806 0.18717432022094727 0.13026541471481323
