0 0.09835697710514069 0.48701509833335876 0.04243495315313339 0.026551425457000732
0 0.16842401027679443 0.5309303402900696 0.0845409482717514 0.08684360980987549
0 0.18256895244121552 0.48553478717803955 0.01644766330718994 0.009868592023849487
0 0.30236130952835083 0.4978705644607544 0.018145829439163208 0.024671465158462524
0 0.21447744965553284 0.4920283555984497 0.012829169631004333 0.018829256296157837
1 0.8806074857711792 0.5200749039649963 0.03454011678695679 0.08733704686164856
0 0.292439341545105 0.4939231276512146 0.017434507608413696 0.02368462085723877
0 0.1529143899679184 0.4825742244720459 0.010197550058364868 0.006908029317855835
0 0.319271445274353 0.5005507469177246 0.02781897783279419 0.03620725870132446
1 0.8713967800140381 0.7159664630889893 0.07927769422531128 0.3399730324745178
0 0.15723958611488342 0.4884953796863556 0.028289958834648132 0.014309465885162354
0 0.029181936755776405 0.4933537542819977 0.05836387351155281 0.03516632318496704
0 0.27796539664268494 0.49096256494522095 0.011184394359588623 0.017763465642929077
0 0.3950146436691284 0.4939231276512146 0.04940101504325867 0.033872514963150024
0 0.21254858374595642 0.493990421295166 0.006534203886985779 0.019176512956619263
0 0.25493866205215454 0.48553481698036194 0.016447648406028748 0.012158095836639404
1 0.9759951829910278 0.7909678220748901 0.048009634017944336 0.314808189868927
0 0.4256187677383423 0.5276902914047241 0.08054691553115845 0.08811435103416443
0 0.20987209677696228 0.4954034090042114 0.0055921971797943115 0.020595312118530273
0 0.28520235419273376 0.4939231276512146 0.007236957550048828 0.020230650901794434
0 0.11431773006916046 0.5215551853179932 0.044632382690906525 0.06069183349609375
0 0.3634932041168213 0.49639028310775757 0.025658369064331055 0.02911236882209778
0 0.03207360953092575 0.5593023300170898 0.0641472190618515 0.10756725072860718
0 0.08190932869911194 0.5309303402900696 0.07269863784313202 0.07598817348480225
0 0.20084413886070251 0.49433428049087524 0.02012099325656891 0.02615177631378174
0 0.1956699639558792 0.4978705644607544 0.019193559885025024 0.02407073974609375
0 0.2227012664079666 0.49096253514289856 0.007236957550048828 0.016776621341705322
0 0.1325681060552597 0.4840545058250427 0.025658339262008667 0.013816028833389282
0 0.35554349422454834 0.4924428164958954 0.01578974723815918 0.0215875506401062
0 0.13780787587165833 0.5023114085197449 0.019760683178901672 0.02431902289390564
0 0.3809277415275574 0.525502622127533 0.03647920489311218 0.06510677933692932
0 0.3329005837440491 0.5077391862869263 0.03340795636177063 0.036295950412750244
0 0.20066140592098236 0.49597275257110596 0.00822383165359497 0.016207247972488403
0 0.18263477087020874 0.4884953796863556 0.011184409260749817 0.003947436809539795
0 0.9671298265457153 0.5459305047988892 0.06574028730392456 0.08625131845474243
