0 0.4322444200515747 0.5195814371109009 0.015131860971450806 0.0212174654006958
0 0.4187573194503784 0.5225419998168945 0.021710902452468872 0.022697746753692627
0 0.8006719350814819 0.5023114085197449 0.027632057666778564 0.025658339262008667
0 0.4595475196838379 0.508232593536377 0.007565915584564209 0.009868621826171875
0 0.9838987588882446 0.5166208744049072 0.03125053644180298 0.07105386257171631
0 0.4671134352684021 0.508232593536377 0.011513352394104004 0.011348903179168701
0 0.6572483777999878 0.5467200875282288 0.05690890550613403 0.07549476623535156
1 0.8677783608436584 0.6986964344978333 0.08618569374084473 0.30592644214630127
0 0.6019842028617859 0.5210617780685425 0.03223741054534912 0.03996783494949341
0 0.47961366176605225 0.508232593536377 0.013158142566680908 0.011348903179168701
0 0.37796711921691895 0.5324106216430664 0.022697776556015015 0.024178028106689453
0 0.516675591468811 0.5264894962310791 0.03190845251083374 0.0325663685798645
0 0.3850395679473877 0.5298200249671936 0.02615174651145935 0.024178028106689453
0 0.6970516443252563 0.570898175239563 0.0694090723991394 0.08388304710388184
0 0.6230370998382568 0.5358645915985107 0.031579434871673584 0.04194152355194092
0 0.8243565559387207 0.508232593536377 0.019079267978668213 0.028618931770324707
0 0.8598833084106445 0.5111931562423706 0.07549470663070679 0.05501735210418701
0 0.48915329575538635 0.5097128748893738 0.011513352394104004 0.009868621826171875
0 0.3110252022743225 0.5474601984024048 0.04736924171447754 0.042188167572021484
0 0.58487868309021 0.5195814371109009 0.01151341199874878 0.022697746753692627
0 0.7483683824539185 0.5891550779342651 0.11118614673614502 0.10806113481521606
