0 0.42171791195869446 0.5625098943710327 0.04671132564544678 0.05871814489364624
0 0.5049430727958679 0.5324106216430664 0.01644769310951233 0.017270028591156006
0 0.4973771274089813 0.5245157480239868 0.006907999515533447 0.009868621826171875
0 0.26053088903427124 0.657248318195343 0.16875293850898743 0.17812812328338623
0 0.4983639717102051 0.5871813297271729 0.06940910220146179 0.09868597984313965
0 0.4743503928184509 0.5245157480239868 0.004276365041732788 0.0049343109130859375
0 0.37040120363235474 0.5600427389144897 0.04177704453468323 0.03996783494949341
1 0.5644835233688354 0.533890962600708 0.006579101085662842 0.024671494960784912
0 0.4424419403076172 0.5383318066596985 0.0190792977809906 0.02615177631378174
0 0.47007402777671814 0.5319172143936157 0.011842310428619385 0.012829184532165527
1 0.5450752973556519 0.5333974957466125 0.003947436809539795 0.005921125411987305
1 0.5532991290092468 0.5348777770996094 0.004276394844055176 0.008388280868530273
0 0.5174432992935181 0.5195814371109009 0.02730315923690796 0.020230591297149658
1 0.5450752973556519 0.5294500589370728 0.006907999515533447 0.015296339988708496
