0 0.47928470373153687 0.3532956540584564 0.03125053644180298 0.04835611581802368
0 0.40757283568382263 0.37229281663894653 0.019408226013183594 0.03651377558708191
0 0.286682665348053 0.4586429297924042 0.08963970839977264 0.09794574975967407
0 0.5980367660522461 0.4416195750236511 0.06447482109069824 0.07746845483779907
0 0.7533026933670044 0.6345505714416504 0.1940823197364807 0.20822733640670776
0 0.5325751304626465 0.3750065565109253 0.011842310428619385 0.02911233901977539
0 0.4460604190826416 0.3532956540584564 0.017434507608413696 0.022204339504241943
0 0.5537924766540527 0.38684895634651184 0.038158535957336426 0.04613572359085083
0 0.37434864044189453 0.3957306146621704 0.05065879225730896 0.07154729962348938
0 0.5730363130569458 0.4095466434955597 0.04769819974899292 0.06463927030563354
0 0.6449124813079834 0.3944970965385437 0.03305971622467041 0.04342171549797058
0 0.40252891182899475 0.3401376008987427 0.007127285003662109 0.015789717435836792
0 0.5253381133079529 0.36957883834838867 0.01578974723815918 0.020724058151245117
0 0.6134975552558899 0.3725394010543823 0.028618931770324707 0.03700724244117737
0 0.6753407716751099 0.5393186807632446 0.14539730548858643 0.1613515019416809
0 0.18487165868282318 0.5299434661865234 0.153621107339859 0.1598711907863617
0 0.5473780035972595 0.37796711921691895 0.0368427038192749 0.04292836785316467
0 0.40099385380744934 0.3903028964996338 0.019408226013183594 0.04983639717102051
0 0.4250074326992035 0.361190527677536 0.028618931770324707 0.033059775829315186
0 0.5579043626785278 0.397210955619812 0.033882200717926025 0.04909622669219971
