0 0.508232593536377 0.5185946226119995 0.007236957550048828 0.00592118501663208
0 0.44112613797187805 0.5126734375953674 0.016776621341705322 0.031086057424545288
0 0.6042869091033936 0.5126734375953674 0.01611870527267456 0.005921125411987305
0 0.4842189848423004 0.5807667374610901 0.05855363607406616 0.06069183349609375
0 0.44507357478141785 0.5388252139091492 0.02927684783935547 0.03602039813995361
0 0.6694196462631226 0.5166208744049072 0.017434537410736084 0.0029605627059936523
0 0.33947962522506714 0.5457332134246826 0.02401357889175415 0.025164902210235596
0 0.5376741886138916 0.5156341195106506 0.006579041481018066 0.0029605627059936523
0 0.48356109857559204 0.5156340599060059 0.01611870527267456 0.02417808771133423
0 0.8977130651473999 0.5166208744049072 0.05329042673110962 0.018750309944152832
0 0.27204424142837524 0.5516543984413147 0.01611870527267456 0.03207290172576904
0 0.15098947286605835 0.5575755834579468 0.0865146666765213 0.088817298412323
0 0.4019807279109955 0.5225419998168945 0.008552789688110352 0.01381605863571167
0 0.3884935975074768 0.5272295475006104 0.015296310186386108 0.017270028591156006
0 0.5157985091209412 0.5195814371109009 0.006579041481018066 0.011842310428619385
0 0.26414936780929565 0.5299434661865234 0.02335566282272339 0.00789487361907959
0 0.9355427026748657 0.5185946226119995 0.04868507385253906 0.018750369548797607
0 0.399067759513855 0.5274062156677246 0.005263239145278931 0.011842310428619385
0 0.29234957695007324 0.5166208744049072 0.046531856060028076 0.023998558521270752
0 0.41974419355392456 0.5250091552734375 0.010526508092880249 0.011842310428619385
0 0.6306031346321106 0.5116865634918213 0.00789487361907959 0.0029606223106384277
0 0.3766513466835022 0.5269829034805298 0.01118442416191101 0.01578974723815918
0 0.5003377199172974 0.5338909029960632 0.020724058151245117 0.020724058151245117
0 0.976003885269165 0.5195814371109009 0.041119158267974854 0.01578974723815918
0 0.33947962522506714 0.5319172143936157 0.010526478290557861 0.0029605627059936523
0 0.4977060556411743 0.5176076889038086 0.009210675954818726 0.011842310428619385
0 0.42684096097946167 0.5187358856201172 0.00977468490600586 0.013815999031066895
0 0.45296844840049744 0.5259960889816284 0.016776621341705322 0.02417808771133423
0 0.19704291224479675 0.5319172143936157 0.021381959319114685 0.010855436325073242
0 0.52303546667099 0.5195814371109009 0.011184453964233398 0.016776621341705322
0 0.24178002774715424 0.5284625887870789 0.02236875891685486 0.012829184532165527
0 0.24474111199378967 0.5634967088699341 0.0559220165014267 0.0577312707901001
0 0.35461145639419556 0.542772650718689 0.0019737184047698975 0.02516496181488037
0 0.36250633001327515 0.5319172143936157 0.003947436809539795 0.011842310428619385
0 0.3013210594654083 0.5309303402900696 0.011184394359588623 0.005921125411987305
0 0.5694178342819214 0.5156340599060059 0.0072370171546936035 0.0098685622215271
0 0.30855804681777954 0.5457332134246826 0.032566338777542114 0.03996783494949341
0 0.009292925707995892 0.6167870759963989 0.018585851415991783 0.06167870759963989
