0 0.5325751304626465 0.5092194080352783 0.005592167377471924 0.01529628038406372
2 0.39474374055862427 0.5077391862869263 0.02697417140007019 0.03503352403640747
1 0.6542864441871643 0.5129193067550659 0.012746572494506836 0.043051302433013916
0 0.4628370404243469 0.5023114085197449 0.019408226013183594 0.03157949447631836
1 0.6756697297096252 0.5166208744049072 0.01644766330718994 0.054277271032333374
0 0.5878392457962036 0.5102062821388245 0.04046124219894409 0.03157949447631836
0 0.5401410460472107 0.500831127166748 0.01644766330718994 0.02911233901977539
0 0.5187591314315796 0.503298282623291 0.011842310428619385 0.022204309701919556
0 0.43323126435279846 0.503298282623291 0.02401357889175415 0.03700721263885498
1 0.7259995341300964 0.5289566516876221 0.01644766330718994 0.06414586305618286
1 0.941463828086853 0.5728718638420105 0.033882200717926025 0.12483775615692139
0 0.3504968285560608 0.5052695870399475 0.036022454500198364 0.026892662048339844
1 0.6937621831893921 0.5166208744049072 0.010526478290557861 0.043915241956710815
0 0.5309303402900696 0.4993508458137512 0.02203989028930664 0.03305980563163757
0 0.49310073256492615 0.4924428462982178 0.017434537410736084 0.009868592023849487
1 0.9829854369163513 0.5822470188140869 0.03402912616729736 0.1327325701713562
1 0.6868541240692139 0.5146471261978149 0.01414501667022705 0.04934293031692505
1 0.8325803279876709 0.5516543388366699 0.027632057666778564 0.09572535753250122
1 0.3227030038833618 0.5358646512031555 0.010526508092880249 0.012335777282714844
1 0.6095505356788635 0.5077391266822815 0.00937497615814209 0.0377478301525116
0 0.4746793508529663 0.5062588453292847 0.007236957550048828 0.010855436325073242
1 0.6052737236022949 0.5121800303459167 0.006907999515533447 0.03503349423408508
0 0.7993561029434204 0.500831127166748 0.03322422504425049 0.02368462085723877
0 0.45823168754577637 0.5062588453292847 0.01940825581550598 0.024671494960784912
0 0.4766530990600586 0.4993508458137512 0.0055921971797943115 0.0029605627059936523
0 0.24276739358901978 0.5615229606628418 0.10033069550991058 0.1268114447593689
0 0.5391541719436646 0.5092194080352783 0.004605293273925781 0.01529628038406372
0 0.5473780035972595 0.5077391862869263 0.01743447780609131 0.022204339504241943
0 0.5381672978401184 0.5077391862869263 0.007236957550048828 0.01529628038406372
0 0.49507445096969604 0.525502622127533 0.03947436809539795 0.05230355262756348
