0 0.25546491146087646 0.4848441481590271 0.08980424702167511 0.09562674164772034
0 0.011595597490668297 0.43717870116233826 0.023191194981336594 0.006907999515533447
0 0.16842447221279144 0.4635274410247803 0.043421804904937744 0.048356086015701294
0 0.8036324977874756 0.5215551853179932 0.19737190008163452 0.08832395076751709
0 0.449349969625473 0.4495144486427307 0.08026456832885742 0.03750064969062805
0 0.5495346784591675 0.44403231143951416 0.07057887315750122 0.034704625606536865
0 0.39671745896339417 0.4440867304801941 0.07204073667526245 0.036020368337631226
0 0.24539902806282043 0.44704729318618774 0.06447480618953705 0.036020368337631226
0 0.01578974910080433 0.47171878814697266 0.031250547617673874 0.06365242600440979
0 0.9582404494285583 0.5279697775840759 0.08256721496582031 0.08092248439788818
0 0.09144896268844604 0.44260644912719727 0.041448093950748444 0.03750064969062805
0 0.13388392329216003 0.43175098299980164 0.054277271032333374 0.022204339504241943
