1 0.8830037117004395 0.5677261352539062 0.02001899480819702 0.06682431697845459
1 0.08782859146595001 0.5166208744049072 0.02944064885377884 0.10337376594543457
1 0.10362023115158081 0.45839619636535645 0.010526500642299652 0.022697776556015015
1 0.060856327414512634 0.5151405930519104 0.027632057666778564 0.11792969703674316
0 0.9567304849624634 0.6259176135063171 0.06670963764190674 0.10401594638824463
1 0.6826924681663513 0.5238292217254639 0.008424043655395508 0.04430145025253296
1 0.8223828077316284 0.5694178342819214 0.021710872650146484 0.07845532894134521
1 0.7784347534179688 0.525601327419281 0.011908113956451416 0.026546597480773926
0 0.9794763326644897 0.6514911651611328 0.04104739427566528 0.10049569606781006
1 0.13289706408977509 0.508232593536377 0.022697769105434418 0.10263338685035706
0 0.033717695623636246 0.48701509833335876 0.06743539124727249 0.0537838339805603
1 0.9720588326454163 0.5636931657791138 0.018290162086486816 0.05930817127227783
0 0.6253398656845093 0.5195813775062561 0.02914518117904663 0.038980960845947266
0 0.9345558285713196 0.6158002614974976 0.08947527408599854 0.0942450761795044
0 0.8763311505317688 0.5560952425003052 0.051645636558532715 0.05970501899719238
1 0.6694198250770569 0.5139893293380737 0.008552789688110352 0.031908512115478516
1 0.37796714901924133 0.5037916898727417 0.008552789688110352 0.05575758218765259
0 0.05430549755692482 0.8860177397727966 0.10861099511384964 0.22796452045440674
0 0.49639028310775757 0.539036750793457 0.23938396573066711 0.40736132860183716
0 0.8095076084136963 0.5570823550224304 0.12199467420578003 0.06844592094421387
1 0.676327645778656 0.5250092148780823 0.011513352394104004 0.04983639717102051
1 0.3266504406929016 0.500831127166748 0.011513382196426392 0.059704989194869995
0 0.8727730512619019 0.5290015935897827 0.060647428035736084 0.035212934017181396
1 0.36036765575408936 0.5089720487594604 0.012253731489181519 0.04588991403579712
1 0.10921243578195572 0.5506675243377686 0.04079018533229828 0.15641722083091736
1 0.06699801236391068 0.586523175239563 0.05350959673523903 0.1879967451095581
1 0.6884989142417908 0.5279697775840759 0.008552789688110352 0.046875834465026855
