0 0.4957323670387268 0.5477069616317749 0.006579071283340454 0.008881747722625732
1 0.06611958146095276 0.6143199801445007 0.01118440181016922 0.03404664993286133
1 0.11897490173578262 0.6143194437026978 0.009430497884750366 0.023187220096588135
1 0.030263688415288925 0.6009973287582397 0.00690801627933979 0.017270028591156006
1 0.10833761096000671 0.5827382802963257 0.008552782237529755 0.022204339504241943
0 0.5490227937698364 0.5506675243377686 0.006579101085662842 0.011842310428619385
1 0.01480288989841938 0.6083987951278687 0.00855278130620718 0.024671494960784912
1 0.21239511668682098 0.6008323431015015 0.008990615606307983 0.033387720584869385
1 0.27752751111984253 0.5878391265869141 0.010745793581008911 0.02713853120803833
0 0.6209535598754883 0.5444166660308838 0.00811392068862915 0.011842310428619385
1 0.030263688415288925 0.6212279796600342 0.011842312291264534 0.045395493507385254
1 0.196056067943573 0.6064250469207764 0.006908014416694641 0.030099213123321533
0 0.7730398178100586 0.5565886497497559 0.02335566282272339 0.016776621341705322
0 0.6056027412414551 0.5417857766151428 0.022039830684661865 0.010855436325073242
0 0.6312610507011414 0.5457332134246826 0.009210705757141113 0.01578974723815918
1 0.28717607259750366 0.5876747369766235 0.011513352394104004 0.031086087226867676
1 0.20888522267341614 0.5876747369766235 0.006908014416694641 0.019737184047698975
0 0.6250096559524536 0.5452392101287842 0.006579101085662842 0.0143088698387146
0 0.6187608242034912 0.5457332134246826 0.015460789203643799 0.014802873134613037
1 0.06777254492044449 0.6392627954483032 0.021089091897010803 0.05383676290512085
0 0.5727074146270752 0.5486937761306763 0.022039830684661865 0.014802873134613037
0 0.6092207431793213 0.5457332134246826 0.011842310428619385 0.010855436325073242
1 0.20881769061088562 0.5972610712051392 0.008646652102470398 0.030099213123321533
0 0.7819216251373291 0.5876747369766235 0.05855363607406616 0.048849523067474365
0 0.4878374934196472 0.5452392101287842 0.005263239145278931 0.00592118501663208
0 0.4924428462982178 0.5516543388366699 0.009868592023849487 0.011842310428619385
1 0.045066580176353455 0.6276425719261169 0.016447659581899643 0.03602039813995361
0 0.6434323191642761 0.5457332134246826 0.019408226013183594 0.01381605863571167
1 0.05427726358175278 0.6439257264137268 0.013158123940229416 0.0365138053894043
0 0.4829031825065613 0.5467200875282288 0.006579071283340454 0.00789487361907959
0 0.5615229606628418 0.5457332134246826 0.018092453479766846 0.00789487361907959
1 0.02401357889175415 0.6340571641921997 0.011513357982039452 0.031086087226867676
1 0.21892143785953522 0.5943325757980347 0.008552789688110352 0.020970404148101807
2 0.40461236238479614 0.5713915824890137 0.006908029317855835 0.033553242683410645
