0 0.29539990425109863 0.4593830406665802 0.007236957550048828 0.005455136299133301
0 0.2944130301475525 0.45247501134872437 0.009046107530593872 0.01085546612739563
0 0.9677801132202148 0.4978705644607544 0.037829577922821045 0.05082324147224426
1 0.5973788499832153 0.5250091552734375 0.009210646152496338 0.003947436809539795
1 0.9526482224464417 0.48158735036849976 0.012171268463134766 0.020230621099472046
0 0.07927770167589188 0.503298282623291 0.03322426974773407 0.012335747480392456
1 0.5312590599060059 0.5028051733970642 0.008552610874176025 0.03774690628051758
0 0.2353658676147461 0.46636509895324707 0.0037336796522140503 0.010929495096206665
0 0.19145071506500244 0.4771465063095093 0.007236972451210022 0.015507936477661133
0 0.10033070296049118 0.4993508458137512 0.028618916869163513 0.016776591539382935
0 0.2981865108013153 0.5261206030845642 0.14383594691753387 0.09436962008476257
0 0.055264122784137726 0.5023114681243896 0.030263688415288925 0.016776621341705322
0 0.22993823885917664 0.4593830406665802 0.00921069085597992 0.010855436325073242
0 0.29444652795791626 0.47023850679397583 0.013816028833389282 0.019243746995925903
0 0.1012352705001831 0.49482738971710205 0.02763206511735916 0.025246620178222656
0 0.2289513647556305 0.46629106998443604 0.012829169631004333 0.017763465642929077
0 0.7445209622383118 0.504450261592865 0.10669088363647461 0.05625072121620178
0 0.22707030177116394 0.4703144431114197 0.011867627501487732 0.013853996992111206
1 0.7621843814849854 0.5121800303459167 0.017105579376220703 0.06611958146095276
0 0.2133040577173233 0.4747616648674011 0.014857739210128784 0.01685890555381775
1 0.5401408672332764 0.5028045177459717 0.008881747722625732 0.038487523794174194
0 0.40099385380744934 0.4771465063095093 0.07467234134674072 0.10460710525512695
0 0.18224003911018372 0.4746793508529663 0.014802888035774231 0.024671494960784912
0 0.19227300584316254 0.4744325280189514 0.012006878852844238 0.017763465642929077
0 0.13980507850646973 0.5102063417434692 0.04046124219894409 0.04835611581802368
0 0.18684537708759308 0.5131669044494629 0.03782960772514343 0.04292839765548706
0 0.23791520297527313 0.4649117588996887 0.002758800983428955 0.007065117359161377
0 0.01866808906197548 0.5077391862869263 0.03733617812395096 0.012335717678070068
0 0.17763468623161316 0.4786267876625061 0.01263168454170227 0.01697412133216858
0 0.07006701827049255 0.4954034090042114 0.0230267234146595 0.010855436325073242
0 0.10642923414707184 0.7508441805839539 0.21285846829414368 0.4983116388320923
0 0.12960752844810486 0.48549866676330566 0.014802895486354828 0.012335747480392456
1 0.7704082131385803 0.5087260007858276 0.013158082962036133 0.07154726982116699
0 0.46543681621551514 0.7930295467376709 0.29710838198661804 0.4139409065246582
0 0.3098738491535187 0.46777135133743286 0.007236957550048828 0.012335747480392456
0 0.6072474718093872 0.49639028310775757 0.11118614673614502 0.07056045532226562
0 0.24375426769256592 0.4692516326904297 0.011842310428619385 0.017763495445251465
0 0.70001220703125 0.488495409488678 0.021053016185760498 0.026151806116104126
0 0.2861891984939575 0.46777135133743286 0.007236987352371216 0.01085546612739563
1 0.08322514593601227 0.49427133798599243 0.008843012154102325 0.011348903179168701
0 0.11207427084445953 0.49377501010894775 0.013816028833389282 0.024671465158462524
1 0.5015214681625366 0.49737709760665894 0.012171298265457153 0.043915241956710815
0 0.16283178329467773 0.47881194949150085 0.0250004380941391 0.02615177631378174
0 0.24737274646759033 0.46777135133743286 0.011184394359588623 0.015296310186386108
0 0.11889314651489258 0.49096253514289856 0.01842138171195984 0.024671494960784912
1 0.7052755355834961 0.49293625354766846 0.015131890773773193 0.022697776556015015
1 0.6940927505493164 0.5116875171661377 0.012171268463134766 0.024671494960784912
1 0.9147931337356567 0.5155580639839172 0.02439296245574951 0.08684360980987549
0 0.28520235419273376 0.47023850679397583 0.007236957550048828 0.019243746995925903
1 0.9806092977523804 0.5388252139091492 0.011842310428619385 0.08388304710388184
