0 0.4167836308479309 0.5674441456794739 0.046711355447769165 0.054770708084106445
0 0.5023114681243896 0.536358118057251 0.013158142566680908 0.014802873134613037
0 0.4977060854434967 0.5309303402900696 0.006579101085662842 0.009868621826171875
0 0.2769780158996582 0.6273140907287598 0.12237094342708588 0.12829118967056274
0 0.011842312291264534 0.7213941812515259 0.02269776538014412 0.10608738660812378
0 0.47763994336128235 0.6034644842147827 0.08190935850143433 0.11398226022720337
0 0.46185019612312317 0.5324106216430664 0.003289520740509033 0.005921125411987305
0 0.4657976031303406 0.5309303998947144 0.0055921971797943115 0.006414592266082764
0 0.38882261514663696 0.5595492720603943 0.02664521336555481 0.0365138053894043
0 0.45658692717552185 0.5398120880126953 0.01644766330718994 0.020230650901794434
0 0.47007399797439575 0.5363580584526062 0.009210675954818726 0.010362029075622559
0 0.5009956359863281 0.5689244270324707 0.033224284648895264 0.045395493507385254
0 0.488495409488678 0.5274763107299805 0.013487070798873901 0.029112398624420166
