0 0.35263776779174805 0.5106997489929199 0.006579071283340454 0.0029606223106384277
0 0.5302724242210388 0.5269829034805298 0.02138197422027588 0.027138590812683105
0 0.43783658742904663 0.5146471261978149 0.009868592023849487 0.011842310428619385
0 0.4898111820220947 0.5116865634918213 0.002631634473800659 0.003947436809539795
0 0.491784930229187 0.5018180012702942 0.003289520740509033 0.003947407007217407
0 0.4769820272922516 0.5126734375953674 0.005263268947601318 0.0049343109130859375
0 0.4358628988265991 0.5028048753738403 0.002631634473800659 0.003947436809539795
0 0.5184301137924194 0.5250091552734375 0.009868621826171875 0.008881747722625732
0 0.3167818486690521 0.5106997489929199 0.00789487361907959 0.003947436809539795
0 0.511522114276886 0.5166208744049072 0.00789487361907959 0.013815999031066895
0 0.29145246744155884 0.5106997489929199 0.0026316046714782715 0.003947436809539795
0 0.48389002680778503 0.5106997489929199 0.00789487361907959 0.011842310428619385
0 0.4273572564125061 0.5146471261978149 0.009868592023849487 0.011842310428619385
0 0.361190527677536 0.5289566516876221 0.033224284648895264 0.03898090124130249
0 0.2881629467010498 0.5368515253067017 0.025987297296524048 0.056744396686553955
0 0.02730310894548893 0.5388252139091492 0.03322426602244377 0.02516496181488037
0 0.4592188000679016 0.5126734972000122 0.002631634473800659 0.003947436809539795
0 0.45494216680526733 0.533890962600708 0.02401357889175415 0.030099213123321533
0 0.44507357478141785 0.5146471261978149 0.00789487361907959 0.0098685622215271
0 0.45527124404907227 0.5213907957077026 0.014364361763000488 0.01151353120803833
0 0.4842190146446228 0.5018180012702942 0.002631634473800659 0.0029605627059936523
0 0.4924428164958954 0.533890962600708 0.02335566282272339 0.025164902210235596
0 0.15312768518924713 0.64244544506073 0.30625537037849426 0.3789540231227875
0 0.4477052092552185 0.5106997489929199 0.006579071283340454 0.003947436809539795
0 0.5056009292602539 0.5126734972000122 0.0026316046714782715 0.003947436809539795
0 0.4944165349006653 0.500831127166748 0.0019737184047698975 0.0029605627059936523
0 0.5023114681243896 0.5126734972000122 0.0026316046714782715 0.003947436809539795
0 0.4059281647205353 0.5250091552734375 0.020724058151245117 0.025164902210235596
0 0.46382391452789307 0.5185946226119995 0.009210675954818726 0.0098685622215271
0 0.49639028310775757 0.5126734972000122 0.003289550542831421 0.003947436809539795
