0 0.10144886374473572 0.5487924814224243 0.010789655148983002 0.010361969470977783
0 0.9246872663497925 0.5319172143936157 0.0690801739692688 0.028125524520874023
0 0.06315900385379791 0.5472135543823242 0.03980332985520363 0.017270028591156006
0 0.0033717695623636246 0.5620164275169373 0.006743539124727249 0.03700721263885498
0 0.11875207722187042 0.5457332134246826 0.017105557024478912 0.012829184532165527
0 0.6857576370239258 0.5246802568435669 0.022478222846984863 0.016611993312835693
0 0.941463828086853 0.5106997489929199 0.03881645202636719 0.017270028591156006
0 0.21085895597934723 0.5383318066596985 0.008552789688110352 0.005427718162536621
0 0.058553654700517654 0.5501741170883179 0.025329388678073883 0.01825690269470215
0 0.12960752844810486 0.5644835233688354 0.06184318661689758 0.03602033853530884
0 0.5483648777008057 0.5324106216430664 0.013487100601196289 0.013815999031066895
0 0.09368560463190079 0.5460293292999268 0.012171268463134766 0.01105278730392456
0 0.2328988015651703 0.537838339805603 0.01677660644054413 0.0098685622215271
0 0.8861997127532959 0.5299434661865234 0.057237863540649414 0.04046124219894409
0 0.8427779078483582 0.5185946226119995 0.04177701473236084 0.02417808771133423
