0 0.5348777770996094 0.5299434661865234 0.020066142082214355 0.02615177631378174
0 0.4417840540409088 0.5146471261978149 0.008552789688110352 0.011842310428619385
0 0.49507445096969604 0.5126734375953674 0.0026316046714782715 0.0049343109130859375
0 0.5036271810531616 0.5028048753738403 0.003289520740509033 0.0029606223106384277
0 0.4822452664375305 0.5146471858024597 0.005263239145278931 0.0049343109130859375
0 0.4482174515724182 0.5034624338150024 0.002631634473800659 0.0029605627059936523
0 0.3572430908679962 0.5106997489929199 0.00789487361907959 0.003947436809539795
0 0.5171142816543579 0.5185946226119995 0.009210646152496338 0.01381605863571167
0 0.3440849781036377 0.5106997489929199 0.00789487361907959 0.003947436809539795
0 0.491784930229187 0.5106997489929199 0.00789487361907959 0.011842310428619385
0 0.4358628988265991 0.5133315324783325 0.009868592023849487 0.011842310428619385
0 0.3753355145454407 0.5299434661865234 0.03125053644180298 0.03503352403640747
0 0.3167818784713745 0.5457332134246826 0.009868592023849487 0.04588896036148071
0 0.0690801590681076 0.537838339805603 0.07927770167589188 0.01776343584060669
0 0.4651397466659546 0.5146471261978149 0.0019737184047698975 0.003947436809539795
0 0.46185019612312317 0.5348777770996094 0.02335566282272339 0.030099213123321533
0 0.449678897857666 0.5195814371109009 0.006579071283340454 0.004934251308441162
0 0.4622258245944977 0.5188770890235901 0.01522594690322876 0.012970447540283203
0 0.4996798038482666 0.5018180012702942 0.002631664276123047 0.0029605627059936523
0 0.4977060854434967 0.5368515253067017 0.02401357889175415 0.025164902210235596
0 0.16751937568187714 0.6276425719261169 0.3350387513637543 0.3291175663471222
0 0.3253346383571625 0.5106997489929199 0.011184394359588623 0.0098685622215271
0 0.4572448432445526 0.5106997489929199 0.003289520740509033 0.003947436809539795
0 0.5102063417434692 0.5146471261978149 0.0026316046714782715 0.003947436809539795
0 0.5069167613983154 0.5126734972000122 0.002631664276123047 0.003947436809539795
0 0.41184931993484497 0.5250091552734375 0.020724058151245117 0.02319115400314331
0 0.4684292674064636 0.520568311214447 0.008552759885787964 0.009868621826171875
0 0.4996798038482666 0.5146471261978149 0.0032894909381866455 0.003947436809539795
