0 0.4980350136756897 0.5116865634918213 0.007236957550048828 0.01924377679824829
1 0.7148151397705078 0.5324106216430664 0.013815999031066895 0.03996777534484863
0 0.5250091552734375 0.5047785639762878 0.011842310428619385 0.010855436325073242
1 0.28520235419273376 0.5452398061752319 0.035855889320373535 0.08240270614624023
1 0.2289513647556305 0.5551084280014038 0.026974156498908997 0.09424501657485962
0 0.9296950101852417 0.832078218460083 0.1406099796295166 0.33584362268447876
1 0.9138318300247192 0.5551084280014038 0.026974141597747803 0.07746845483779907
0 0.5048110485076904 0.5062588453292847 0.009210646152496338 0.016776621341705322
1 0.7292890548706055 0.5146471858024597 0.008552789688110352 0.03157952427864075
1 0.3667827248573303 0.5482003688812256 0.02368462085723877 0.06957358121871948
0 0.5151405930519104 0.5062588453292847 0.009210705757141113 0.006907999515533447
0 0.6411296129226685 0.5092194080352783 0.03980332612991333 0.01529628038406372
1 0.3667827248573303 0.5551084280014038 0.0190792977809906 0.07253414392471313
0 0.637511134147644 0.5398120880126953 0.03684276342391968 0.04440867900848389
0 0.48158738017082214 0.5106997489929199 0.028618931770324707 0.05279698967933655
0 0.5789570808410645 0.5176077485084534 0.021381914615631104 0.025411605834960938
0 0.599681556224823 0.5245157480239868 0.02203989028930664 0.03157949447631836
0 0.684551477432251 0.5536280870437622 0.05526411533355713 0.05822473764419556
1 0.19934558868408203 0.5472135543823242 0.029934734106063843 0.07450789213180542
1 0.5486937761306763 0.5560952425003052 0.027632057666778564 0.07549476623535156
0 0.47040295600891113 0.5407989025115967 0.02138194441795349 0.051316678524017334
0 0.6023131608963013 0.5299434661865234 0.014802873134613037 0.03602033853530884
1 0.7740262150764465 0.5477069616317749 0.01578974723815918 0.06414586305618286
1 0.766592264175415 0.517410397529602 0.012500226497650146 0.03177684545516968
1 0.7358680963516235 0.5235289335250854 0.012500226497650146 0.030592620372772217
1 0.5394831299781799 0.5146471261978149 0.008552789688110352 0.024671494960784912
0 0.46777135133743286 0.5176077485084534 0.023026704788208008 0.010855436325073242
0 0.05625098571181297 0.8808043599128723 0.11250197142362595 0.23839128017425537
1 0.545404314994812 0.5077391266822815 0.004605352878570557 0.015789717435836792
0 0.5667034387588501 0.5106997489929199 0.013322532176971436 0.020353972911834717
1 0.9608720541000366 0.5664572715759277 0.02368462085723877 0.09572535753250122
1 0.4572448432445526 0.5097128748893738 0.00592118501663208 0.021710902452468872
1 0.7457367181777954 0.5590558052062988 0.026974141597747803 0.08141595125198364
0 0.44836312532424927 0.5506675243377686 0.05361935496330261 0.07204073667526245
1 0.006332295015454292 0.6478731036186218 0.012664590030908585 0.1396404504776001
1 0.8306114673614502 0.5272290706634521 0.011513471603393555 0.03466373682022095
0 0.5000087022781372 0.5084792971611023 0.011184394359588623 0.019243746995925903
0 0.537838339805603 0.5047785639762878 0.01644766330718994 0.020724058151245117
1 0.6789592504501343 0.5077391266822815 0.009868621826171875 0.022697776556015015
0 0.5894839763641357 0.52303546667099 0.01578974723815918 0.02911233901977539
1 0.31974244117736816 0.5472135543823242 0.019079267978668213 0.06661301851272583
1 0.3210582435131073 0.5353711843490601 0.019079267978668213 0.06463927030563354
0 0.5835627317428589 0.5207327604293823 0.019737184047698975 0.02713865041732788
0 0.622708261013031 0.5329040288925171 0.034211158752441406 0.04588896036148071
1 0.7292890548706055 0.5146471261978149 0.012500226497650146 0.0325663685798645
0 0.6947489976882935 0.5590558052062988 0.05427730083465576 0.056744396686553955
0 0.6579062342643738 0.5452398061752319 0.04506659507751465 0.046875834465026855
1 0.38980942964553833 0.5610295534133911 0.021710902452468872 0.07746851444244385
1 0.8958487510681152 0.5564241409301758 0.02390390634536743 0.0820738673210144
0 0.530436635017395 0.5047785639762878 0.00509876012802124 0.010361999273300171
0 0.5858654975891113 0.5190880298614502 0.006579041481018066 0.017763495445251465
