1 0.5552728176116943 0.45790278911590576 0.006908059120178223 0.020724087953567505
0 0.7783031463623047 0.5945827960968018 0.14441043138504028 0.147535502910614
0 0.37434864044189453 0.503298282623291 0.033224254846572876 0.03602039813995361
0 0.5556018352508545 0.503298282623291 0.02927684783935547 0.03602039813995361
0 0.8975398540496826 0.6636629104614258 0.20492029190063477 0.23289883136749268
1 0.6789592504501343 0.5126734375953674 0.017105579376220703 0.03996777534484863
0 0.5279697179794312 0.4648107588291168 0.014802873134613037 0.022204339504241943
0 0.5648125410079956 0.5146471858024597 0.03223741054534912 0.03700724244117737
1 0.6516561508178711 0.5220485925674438 0.013158082962036133 0.05082327127456665
0 0.4131651222705841 0.5200749039649963 0.03848749399185181 0.048356086015701294
1 0.602971076965332 0.5195814371109009 0.013158082962036133 0.04983636736869812
1 0.39704644680023193 0.45839619636535645 0.0055921971797943115 0.01282915472984314
1 0.7121834754943848 0.5126734375953674 0.009539663791656494 0.03256639838218689
1 0.733696699142456 0.5160289406776428 0.017105519771575928 0.04470530152320862
1 0.7207362651824951 0.5166208744049072 0.017105519771575928 0.030099213123321533
1 0.13881821930408478 0.5151405930519104 0.01315811276435852 0.01973724365234375
0 0.13717344403266907 0.5102063417434692 0.008223816752433777 0.04292839765548706
0 0.4766896367073059 0.4801070988178253 0.09378817677497864 0.12467318773269653
1 0.35230880975723267 0.4983639717102051 0.011513382196426392 0.03996777534484863
0 0.549351692199707 0.4884953796863556 0.037829577922821045 0.04835611581802368
0 0.42237579822540283 0.46333047747612 0.01940825581550598 0.02615177631378174
0 0.6937621235847473 0.570898175239563 0.09112000465393066 0.09227138757705688
1 0.10394880175590515 0.5807667970657349 0.04276391118764877 0.13865387439727783
1 0.5800266861915588 0.4730755686759949 0.007565975189208984 0.03515699505805969
0 0.2805970311164856 0.4939231276512146 0.04144808650016785 0.041448116302490234
0 0.47369250655174255 0.5560952425003052 0.11217302083969116 0.10608738660812378
0 0.42599430680274963 0.45642244815826416 0.011842310428619385 0.01085546612739563
0 0.16381865739822388 0.6014907360076904 0.14539727568626404 0.13223916292190552
0 0.48487693071365356 0.6676103472709656 0.16283181309700012 0.2151353359222412
0 0.5233644247055054 0.500831127166748 0.002631664276123047 0.027632087469100952
0 0.4055992066860199 0.48010706901550293 0.028618931770324707 0.03700724244117737
0 0.22631976008415222 0.5600427389144897 0.11052824556827545 0.12434428930282593
0 0.4177704453468323 0.4731990694999695 0.017434507608413696 0.022204339504241943
1 0.5792864561080933 0.4801071584224701 0.010526537895202637 0.028618931770324707
1 0.6648142337799072 0.5195814371109009 0.01611870527267456 0.06266555190086365
0 0.38915154337882996 0.4954034090042114 0.026645183563232422 0.03305980563163757
