0 0.6967227458953857 0.5299434661865234 0.011842310428619385 0.01776343584060669
0 0.18355584144592285 0.5546149611473083 0.057237833738327026 0.027138590812683105
0 0.4848769009113312 0.6044513583183289 0.22204333543777466 0.12089025974273682
0 0.2789522409439087 0.5664572715759277 0.061514243483543396 0.02911233901977539
0 0.5262593030929565 0.5445488691329956 0.04092150926589966 0.025263488292694092
0 0.32368987798690796 0.5625098347663879 0.05855363607406616 0.03700721263885498
0 0.633563756942749 0.537838339805603 0.0098685622215271 0.014802873134613037
0 0.25625449419021606 0.6355374455451965 0.2694126069545746 0.15691065788269043
0 0.6710643768310547 0.5333974957466125 0.015460848808288574 0.013815999031066895
0 0.6141555309295654 0.537838339805603 0.030592620372772217 0.02171093225479126
