0 0.42286956310272217 0.457902729511261 0.012829184532165527 0.021464675664901733
0 0.5924289226531982 0.4939231276512146 0.03140193223953247 0.037030696868896484
0 0.588363766670227 0.48553481698036194 0.02598726749420166 0.030592620372772217
0 0.5690889358520508 0.46777135133743286 0.020395100116729736 0.027632057666778564
0 0.6758338809013367 0.5782995820045471 0.057237863540649414 0.05822467803955078
0 0.5143182277679443 0.454695463180542 0.007730364799499512 0.006908029317855835
0 0.37730923295021057 0.4840545058250427 0.033224284648895264 0.03898093104362488
0 0.4171125590801239 0.460863322019577 0.01644766330718994 0.02368462085723877
0 0.42994171380996704 0.45099472999572754 0.014802902936935425 0.01924377679824829
0 0.40033596754074097 0.4731990694999695 0.01842138171195984 0.02615177631378174
1 0.5990236401557922 0.45888960361480713 0.0049343109130859375 0.021710902452468872
0 0.2960578203201294 0.5975433588027954 0.07467237114906311 0.08141589164733887
0 0.4177704453468323 0.587576150894165 0.07006701827049255 0.09276479482650757
0 0.6513271927833557 0.5590558052062988 0.046053409576416016 0.04588896036148071
1 0.5868717432022095 0.45653843879699707 0.004934251308441162 0.01631227135658264
0 0.40855979919433594 0.46777135133743286 0.016447633504867554 0.024671494960784912
1 0.24236515164375305 0.5370709896087646 0.016118690371513367 0.055593132972717285
0 0.34671658277511597 0.5051486492156982 0.03684273362159729 0.0444086492061615
0 0.3342165946960449 0.5176077485084534 0.03980332612991333 0.04292836785316467
1 0.0027961016166955233 0.5950762033462524 0.0055922032333910465 0.048356056213378906
0 0.3174397647380829 0.5284631848335266 0.04440867900848389 0.046875834465026855
1 0.7128413915634155 0.5388252139091492 0.013487040996551514 0.054770708084106445
0 0.19177967309951782 0.6128396987915039 0.10526499152183533 0.09276479482650757
1 0.5335619449615479 0.44852757453918457 0.00592118501663208 0.016776591539382935
0 0.3654669225215912 0.5023114085197449 0.019408226013183594 0.03898093104362488
1 0.2286224216222763 0.5348777770996094 0.01875033974647522 0.05970501899719238
1 0.776658296585083 0.5491872429847717 0.014473974704742432 0.020230650901794434
2 0.7095519304275513 0.6394848823547363 0.02960580587387085 0.10065966844558716
1 0.18092411756515503 0.5452398061752319 0.015707477927207947 0.057114481925964355
0 0.6092209815979004 0.5092194080352783 0.030592620372772217 0.030592620372772217
0 0.5782996416091919 0.4839165508747101 0.011842310428619385 0.02615177631378174
1 0.5276408195495605 0.44852757453918457 0.007565915584564209 0.021710902452468872
1 0.5910187363624573 0.4592183232307434 0.005921125411987305 0.021710902452468872
0 0.43745505809783936 0.44844871759414673 0.009210675954818726 0.016776591539382935
0 0.6319189667701721 0.533890962600708 0.046053409576416016 0.04588896036148071
0 0.5641859769821167 0.4641411304473877 0.020395100116729736 0.02287396788597107
0 0.9471295475959778 0.668103814125061 0.10574090480804443 0.1978653073310852
0 0.705283522605896 0.6059316396713257 0.08077007532119751 0.07276278734207153
0 0.5582334995269775 0.45879870653152466 0.017434537410736084 0.022204339504241943
0 0.6171160936355591 0.5200749039649963 0.03881651163101196 0.041448116302490234
0 0.2694126069545746 0.5605361461639404 0.07006703317165375 0.0675998330116272
0 0.39474374055862427 0.4786267876625061 0.01644766330718994 0.02911236882209778
0 0.47928470373153687 0.4539552927017212 0.025658369064331055 0.009868592023849487
1 0.13231338560581207 0.5735291242599487 0.021272212266921997 0.07034134864807129
