0 0.3167818784713745 0.5437594652175903 0.04309287667274475 0.0325663685798645
0 0.6677747964859009 0.5526412725448608 0.09704118967056274 0.059211552143096924
0 0.05493517220020294 0.5580689907073975 0.02730311080813408 0.03404664993286133
2 0.11019930243492126 0.6133331060409546 0.03322426229715347 0.11299538612365723
0 0.22204336524009705 0.5329040288925171 0.04111914336681366 0.020723998546600342
0 0.23339229822158813 0.5620164275169373 0.04753373563289642 0.04736924171447754
0 0.028783397749066353 0.5787930488586426 0.057566795498132706 0.06562614440917969
0 0.5667862296104431 0.6306031346321106 0.1575685441493988 0.13569319248199463
0 0.27796539664268494 0.5644835829734802 0.06842225790023804 0.06562614440917969
0 0.9305174350738525 0.6098791360855103 0.1389651894569397 0.20625358819961548
0 0.599681556224823 0.5546149611473083 0.07730400562286377 0.04736924171447754
0 0.30066317319869995 0.5309303402900696 0.08322516083717346 0.022697806358337402
