0 0.9668667316436768 0.8857063055038452 0.06626653671264648 0.22500395774841309
0 0.48750853538513184 0.3725394010543823 0.08289620280265808 0.06009975075721741
0 0.09037987142801285 0.5531346797943115 0.1807597428560257 0.15049603581428528
0 0.35428252816200256 0.457902729511261 0.03223741054534912 0.03996780514717102
0 0.4894258677959442 0.5463112592697144 0.1745801568031311 0.29811611771583557
0 0.8716347813606262 0.7023322582244873 0.25673043727874756 0.24128711223602295
1 0.2194117307662964 0.4613567590713501 0.04177704453468323 0.10115310549736023
0 0.5855365991592407 0.4665871262550354 0.03684276342391968 0.06335636973381042
0 0.3000052571296692 0.45247501134872437 0.07368549704551697 0.08536335825920105
0 0.5757789015769958 0.7593366503715515 0.30625537037849426 0.3978649377822876
1 0.7378418445587158 0.4556470513343811 0.03223741054534912 0.11694285273551941
0 0.021135238930583 0.48010706901550293 0.042270477861166 0.036020368337631226
1 0.6638274192810059 0.5309303402900696 0.046382367610931396 0.14802893996238708
0 0.9327331781387329 0.512151837348938 0.13453370332717896 0.08629381656646729
0 0.3421112596988678 0.4648107588291168 0.01578974723815918 0.04835611581802368
0 0.3827369809150696 0.457902729511261 0.046382367610931396 0.06463930010795593
