1 0.6366332769393921 0.5175517797470093 0.013998627662658691 0.08141440153121948
1 0.38520410656929016 0.4901949465274811 0.005263268947601318 0.02801579236984253
1 0.5526412725448608 0.47615963220596313 0.0029606223106384277 0.010361999273300171
1 0.3424401879310608 0.49441656470298767 0.010526508092880249 0.04046124219894409
0 0.523857831954956 0.4771465063095093 0.012829124927520752 0.01085546612739563
1 0.2860254645347595 0.4998425245285034 0.012007206678390503 0.04564139246940613
0 0.44533678889274597 0.5051732659339905 0.021710872650146484 0.022204309701919556
0 0.46185019612312317 0.5023114085197449 0.01578974723815918 0.02072402834892273
0 0.5345488786697388 0.517361044883728 0.059869468212127686 0.07746845483779907
1 0.5962605476379395 0.4827714264392853 0.00822383165359497 0.021612167358398438
1 0.6558951735496521 0.515413761138916 0.028764724731445312 0.0945175290107727
1 0.369414359331131 0.4840545356273651 0.004605352878570557 0.01578974723815918
1 0.5431016683578491 0.47492605447769165 0.004605352878570557 0.012335747480392456
1 0.6365243196487427 0.4806005358695984 0.006907999515533447 0.012335747480392456
1 0.15184783935546875 0.5184007883071899 0.01578974723815918 0.06375926733016968
1 0.06443649530410767 0.5068097114562988 0.019930705428123474 0.04905205965042114
1 0.5661283135414124 0.5121800303459167 0.01578974723815918 0.06414583325386047
1 0.40099385380744934 0.49096256494522095 0.00822383165359497 0.02911236882209778
1 0.3536246120929718 0.4919494092464447 0.011184394359588623 0.04046124219894409
1 0.1352948546409607 0.5189460515975952 0.013487085700035095 0.0675288736820221
0 0.5230355262756348 0.4793669581413269 0.010197579860687256 0.009868592023849487
1 0.3016500174999237 0.500831127166748 0.012829184532165527 0.043915241956710815
1 0.26921531558036804 0.5056666731834412 0.016250193119049072 0.0531916618347168
1 0.008059433661401272 0.533232569694519 0.011376327835023403 0.08803534507751465
1 0.15374982357025146 0.5185945630073547 0.019150778651237488 0.06375965476036072
1 0.3888225853443146 0.48750853538513184 0.00822383165359497 0.030592650175094604
1 0.6082342863082886 0.48750853538513184 0.011184394359588623 0.02368462085723877
1 0.34996718168258667 0.5162384510040283 0.013487070798873901 0.03671947121620178
1 0.3753355145454407 0.4886598587036133 0.010526478290557861 0.03157952427864075
1 0.22316181659698486 0.5113905668258667 0.01578974723815918 0.06414586305618286
2 0.43504053354263306 0.489235520362854 0.00822383165359497 0.02911236882209778
1 0.11595600098371506 0.5511609315872192 0.03569139540195465 0.10904794931411743
1 0.5665669441223145 0.513660192489624 0.01578974723815918 0.06414589285850525
0 0.488495409488678 0.47221216559410095 0.010197550058364868 0.016776621341705322
1 0.7154730558395386 0.5176076889038086 0.026233911514282227 0.09634220600128174
1 0.39825940132141113 0.48966723680496216 0.01161620020866394 0.03602039813995361
1 0.5983657836914062 0.5205682516098022 0.011184394359588623 0.0789487361907959
1 0.597071647644043 0.4927384853363037 0.015088140964508057 0.02792835235595703
1 0.5878392457962036 0.4840545058250427 0.004605352878570557 0.02911236882209778
1 0.6411296129226685 0.5077391266822815 0.013487040996551514 0.06759986281394958
1 0.08278833329677582 0.5513256788253784 0.031797148287296295 0.11891752481460571
1 0.3595457673072815 0.4954034090042114 0.00822383165359497 0.030592650175094604
