0 0.5931024551391602 0.5866879224777222 0.12072581052780151 0.11200851202011108
0 0.8659603595733643 0.7860335111618042 0.2680792808532715 0.3419467806816101
0 0.017434515058994293 0.6488600373268127 0.034869030117988586 0.21020102500915527
0 0.08486990630626678 0.6088922023773193 0.16052913665771484 0.18108874559402466
0 0.2480306625366211 0.5477069616317749 0.03125055134296417 0.05526411533355713
0 0.5213906764984131 0.5467200875282288 0.06842225790023804 0.08585679531097412
0 0.3118475675582886 0.5615229606628418 0.00822383165359497 0.008388340473175049
0 0.4611922800540924 0.5190880298614502 0.06283003091812134 0.0789487361907959
0 0.3036237359046936 0.5560952425003052 0.006579041481018066 0.016776621341705322
0 0.2822417616844177 0.5506675243377686 0.04144808650016785 0.03602039813995361
0 0.16776609420776367 0.5728718638420105 0.07664608955383301 0.11348879337310791
0 0.22187870740890503 0.5548615455627441 0.055921897292137146 0.06710630655288696
