0 0.5529701709747314 0.5457332134246826 0.029276788234710693 0.03404664993286133
0 0.5588913559913635 0.5240223407745361 0.014473915100097656 0.00789487361907959
0 0.6519851088523865 0.5166208744049072 0.008552789688110352 0.012829184532165527
0 0.20691151916980743 0.6074119806289673 0.09506747126579285 0.10065966844558716
0 0.11118615418672562 0.6365243196487427 0.16645027697086334 0.1268114447593689
0 0.6973806619644165 0.6493535041809082 0.13848930597305298 0.14556175470352173
0 0.5927735567092896 0.5250092148780823 0.00789487361907959 0.00789487361907959
0 0.16020017862319946 0.5437594652175903 0.05460621416568756 0.033059775829315186
0 0.5796154141426086 0.5728718638420105 0.02927684783935547 0.058718085289001465
0 0.38520410656929016 0.537838339805603 0.04309284687042236 0.02171093225479126
0 0.6421164870262146 0.5166208744049072 0.00789487361907959 0.012829184532165527
0 0.6934331655502319 0.5279697775840759 0.0026316046714782715 0.0049343109130859375
0 0.2687546908855438 0.5886616706848145 0.06842224299907684 0.07993561029434204
0 0.6115238666534424 0.5827404260635376 0.06447482109069824 0.07894879579544067
0 0.6891567707061768 0.5166208744049072 0.0072370171546936035 0.018750309944152832
1 0.645077109336853 0.565963864326477 0.022697746753692627 0.0750012993812561
0 0.5687599778175354 0.5240223407745361 0.00789487361907959 0.005921125411987305
