1 0.8536333441734314 0.5496807098388672 0.017105579376220703 0.06710642576217651
1 0.14144983887672424 0.5151405930519104 0.019079282879829407 0.07993564009666443
1 0.11776521801948547 0.5097128748893738 0.027632057666778564 0.10115304589271545
1 0.16250285506248474 0.45987647771835327 0.012500211596488953 0.01875033974647522
1 0.14144983887672424 0.4554356038570404 0.007565930485725403 0.017270028591156006
1 0.09712487459182739 0.5093421339988708 0.023437820374965668 0.10917118191719055
0 0.9210666418075562 0.6018177270889282 0.08618539571762085 0.0942450761795044
1 0.6739592552185059 0.5150420069694519 0.007861971855163574 0.04218825697898865
1 0.781592607498169 0.5521478056907654 0.020066142082214355 0.06809329986572266
1 0.7750135660171509 0.5097128748893738 0.015131831169128418 0.019737154245376587
0 0.9536524415016174 0.6189226508140564 0.09269511699676514 0.10148179531097412
1 0.15658168494701385 0.46826475858688354 0.010526508092880249 0.03700724244117737
0 0.19167444109916687 0.49342912435531616 0.06930427253246307 0.056745290756225586
1 0.9371874332427979 0.5506675243377686 0.017105579376220703 0.05674445629119873
0 0.6236951351165771 0.5106997489929199 0.020395100116729736 0.03898090124130249
0 0.8907209038734436 0.5922365784645081 0.07664608955383301 0.08869314193725586
0 0.8514939546585083 0.5403023362159729 0.04654651880264282 0.05254948139190674
1 0.6586371660232544 0.5111931562423706 0.008114159107208252 0.02911221981048584
0 0.9972126483917236 0.6671169400215149 0.005574703216552734 0.06908011436462402
0 0.10592290759086609 0.8132045269012451 0.21184581518173218 0.37359100580215454
0 0.49244266748428345 0.5320807695388794 0.25373339653015137 0.428627073764801
0 0.7899661064147949 0.5449707508087158 0.11908107995986938 0.06257587671279907
0 0.009210687130689621 0.48158738017082214 0.018421374261379242 0.056744396686553955
1 0.6667879819869995 0.5136603116989136 0.010526537895202637 0.048356086015701294
1 0.3353267312049866 0.4901605546474457 0.006825685501098633 0.05834764242172241
0 0.8506727814674377 0.5190880298614502 0.05065882205963135 0.03454005718231201
1 0.35625624656677246 0.4983639717102051 0.01611870527267456 0.04144808650016785
1 0.12730486690998077 0.5437595248222351 0.03980333358049393 0.14950919151306152
1 0.30247271060943604 0.49244093894958496 0.0090465247631073 0.036266595125198364
1 0.16431188583374023 0.5600427985191345 0.04095469415187836 0.14876917004585266
1 0.6789592504501343 0.5136603116989136 0.008552789688110352 0.04292836785316467
1 0.6855382919311523 0.5136603116989136 0.008552789688110352 0.041448116302490234
