1 0.1552680879831314 0.5555987358093262 0.019298315048217773 0.05410957336425781
0 0.480600506067276 0.4899756908416748 0.020395100116729736 0.013816028833389282
0 0.4595475196838379 0.488495409488678 0.02401357889175415 0.012335747480392456
1 0.14835785329341888 0.540305495262146 0.005921155214309692 0.018750309944152832
0 0.48356109857559204 0.5037916898727417 0.01842138171195984 0.023684591054916382
1 0.896396279335022 0.540305495262146 0.026974380016326904 0.06414586305618286
1 0.7927770614624023 0.5565887093544006 0.012829124927520752 0.10460710525512695
1 0.41555047035217285 0.504407525062561 0.005921155214309692 0.019737184047698975
0 0.42533639073371887 0.5605361461639404 0.05263251066207886 0.060691893100738525
0 0.3329005539417267 0.5644835233688354 0.15493690967559814 0.23536592721939087
1 0.7858690023422241 0.579779863357544 0.025329411029815674 0.13371944427490234
0 0.47566694021224976 0.5106997489929199 0.018421679735183716 0.011843383312225342
0 0.5019824504852295 0.5161274671554565 0.003618478775024414 0.008388280868530273
0 0.4263232350349426 0.5245157480239868 0.033224254846572876 0.030592679977416992
0 0.5026403665542603 0.5037916898727417 0.001973748207092285 0.005427718162536621
0 0.46777135133743286 0.5398120880126953 0.05263251066207886 0.0537838339805603
1 0.4016517698764801 0.5116865634918213 0.008552789688110352 0.02861890196800232
0 0.49079805612564087 0.5743521451950073 0.023026704788208008 0.08980417251586914
1 0.7713950872421265 0.5477069616317749 0.012829184532165527 0.09917938709259033
0 0.4417840242385864 0.5047785639762878 0.014802902936935425 0.019243717193603516
1 0.8556070923805237 0.573365330696106 0.03223741054534912 0.12878519296646118
1 0.9575825333595276 0.512179970741272 0.02368462085723877 0.08042901754379272
1 0.19704292714595795 0.5605361461639404 0.01611870527267456 0.05625098943710327
0 0.4177704453468323 0.5190880298614502 0.017434507608413696 0.022204279899597168
1 0.8858708143234253 0.5200749039649963 0.02401357889175415 0.05082324147224426
1 0.12566009163856506 0.5605361461639404 0.022039860486984253 0.043421804904937744
1 0.250004380941391 0.5437595248222351 0.012829184532165527 0.019243717193603516
0 0.12467323243618011 0.644912600517273 0.15033158659934998 0.13964056968688965
0 0.4539553225040436 0.4993508458137512 0.011842310428619385 0.013816028833389282
1 0.9957323670387268 0.5235289335250854 0.008535265922546387 0.03750067949295044
1 0.9519903659820557 0.5491872429847717 0.02631622552871704 0.06414580345153809
1 0.9098843336105347 0.5560952425003052 0.0480271577835083 0.12039682269096375
1 0.42040207982063293 0.5018180012702942 0.00789487361907959 0.01578974723815918
0 0.4973771274089813 0.488495409488678 0.011842310428619385 0.015296310186386108
0 0.4648107886314392 0.4924428462982178 0.006579071283340454 0.012335747480392456
0 0.6329058408737183 0.5536280870437622 0.28421550989151 0.4495144486427307
1 0.23191195726394653 0.5516543984413147 0.010526493191719055 0.0439152717590332
1 0.23191195726394653 0.5324106216430664 0.004605337977409363 0.006907999515533447
1 0.7977113127708435 0.5018180012702942 0.008552789688110352 0.019243746995925903
0 0.886273205280304 0.4884953796863556 0.2274535894393921 0.09819251298904419
0 0.4611922800540924 0.4954034090042114 0.005592226982116699 0.012335777282714844
1 0.9625168442726135 0.5590558052062988 0.012829184532165527 0.05625098943710327
1 0.22533288598060608 0.5630033016204834 0.018750324845314026 0.05871814489364624
1 0.9281405210494995 0.5255019664764404 0.01496666669845581 0.03947436809539795
1 0.9378453493118286 0.5437595248222351 0.020395100116729736 0.06759989261627197
1 0.7658028602600098 0.5807667374610901 0.00822383165359497 0.09769904613494873
1 0.9770642518997192 0.6483665704727173 0.04587143659591675 0.25855714082717896
1 0.14309459924697876 0.5452398061752319 0.004605337977409363 0.03256630897521973
