0 0.23980683088302612 0.455435574054718 0.011842310428619385 0.013816028833389282
2 0.2306794673204422 0.4554360508918762 0.008552789688110352 0.01591324806213379
0 0.2131616175174713 0.4579027593135834 0.037829622626304626 0.022204339504241943
1 0.26773780584335327 0.45821690559387207 0.006010890007019043 0.019243746995925903
0 0.307242214679718 0.455435574054718 0.029605776071548462 0.013816028833389282
0 0.2638204097747803 0.4593830108642578 0.034211114048957825 0.017763465642929077
0 0.036842748522758484 0.43717870116233826 0.021381955593824387 0.020724058151245117
0 0.5884971618652344 0.6434323191642761 0.26645201444625854 0.21020102500915527
0 0.3016500174999237 0.4539552927017212 0.023026704788208008 0.015296310186386108
0 0.2663423418998718 0.4536266028881073 0.02664521336555481 0.015296339988708496
1 0.24309635162353516 0.4574093222618103 0.007565930485725403 0.020888328552246094
0 0.3753355145454407 0.4601585865020752 0.03223741054534912 0.015296310186386108
0 0.3865199089050293 0.4539552927017212 0.014802902936935425 0.013816028833389282
