1 0.12533113360404968 0.5506675243377686 0.012829169631004333 0.03947436809539795
0 0.468758225440979 0.4771465063095093 0.010197550058364868 0.012335717678070068
1 0.2019772231578827 0.5235289335250854 0.00822383165359497 0.006907999515533447
0 0.5019824504852295 0.47615963220596313 0.00822383165359497 0.015296310186386108
0 0.4269811511039734 0.4731990694999695 0.020395100116729736 0.009868621826171875
0 0.48717957735061646 0.4731990694999695 0.01019752025604248 0.012335717678070068
1 0.31645292043685913 0.5077391266822815 0.005921155214309692 0.02861890196800232
0 0.4694161117076874 0.4746793508529663 0.01842135190963745 0.015296310186386108
0 0.4611922800540924 0.4939231276512146 0.006579041481018066 0.019243746995925903
0 0.4437577724456787 0.4993508458137512 0.03421112895011902 0.05970501899719238
1 0.10658080875873566 0.5595492124557495 0.010526500642299652 0.04835611581802368
1 0.10921244323253632 0.5195814371109009 0.008552782237529755 0.011842310428619385
1 0.3878357410430908 0.48356109857559204 0.005921155214309692 0.011842310428619385
0 0.3569141626358032 0.49688369035720825 0.01842138171195984 0.013815999031066895
1 0.3667827248573303 0.4998442828655243 0.005921155214309692 0.019737184047698975
0 0.48356109857559204 0.4840545058250427 0.01578974723815918 0.017763465642929077
0 0.17335829138755798 0.5975433588027954 0.13552868366241455 0.14506828784942627
0 0.48520585894584656 0.4746793508529663 0.009210705757141113 0.009868592023849487
1 0.05032982677221298 0.5630033016204834 0.01250021904706955 0.048849523067474365
1 0.05888260900974274 0.531423807144165 0.01052650436758995 0.019737184047698975
0 0.4973771274089813 0.5062588453292847 0.033224284648895264 0.03898093104362488
0 0.4539553225040436 0.5368515253067017 0.043421804904937744 0.051316678524017334
1 0.5141537189483643 0.4766530692577362 0.004276394844055176 0.006414592266082764
1 0.17796364426612854 0.5274763107299805 0.008552774786949158 0.01578974723815918
0 0.5026403665542603 0.4786267876625061 0.008223861455917358 0.016776591539382935
0 0.40691500902175903 0.4924428462982178 0.017434507608413696 0.023684650659561157
1 0.1154625415802002 0.5630033016204834 0.018750332295894623 0.05871814489364624
0 0.5404700040817261 0.5605361461639404 0.0828961730003357 0.08585673570632935
1 0.5539571046829224 0.4865216612815857 0.004605352878570557 0.028125494718551636
0 0.5213906764984131 0.49688369035720825 0.01940828561782837 0.024671465158462524
1 0.5822470188140869 0.5106997489929199 0.003289520740509033 0.030592620372772217
1 0.5638256669044495 0.49145597219467163 0.008552789688110352 0.030592650175094604
1 0.5447463989257812 0.48553481698036194 0.00789487361907959 0.019737184047698975
1 0.019079281017184258 0.5521478056907654 0.00855278130620718 0.01578974723815918
0 0.3763223886489868 0.5092194080352783 0.025000423192977905 0.024671494960784912
1 0.24178054928779602 0.5516543984413147 0.012829169631004333 0.049342989921569824
0 0.47912007570266724 0.47245872020721436 0.006579071283340454 0.007648855447769165
1 0.018750328570604324 0.5990236401557922 0.031579501926898956 0.095725417137146
1 0.56843101978302 0.47961366176605225 0.0029605627059936523 0.019243746995925903
1 0.32368987798690796 0.5116865634918213 0.008552789688110352 0.03651377558708191
0 0.4207310676574707 0.48701512813568115 0.013816028833389282 0.017763465642929077
0 0.3634932041168213 0.5728718638420105 0.08947527408599854 0.09128451347351074
1 0.3342163860797882 0.4963902533054352 0.00789487361907959 0.019737184047698975
1 0.06348782777786255 0.568430483341217 0.020833779126405716 0.04983651638031006
1 0.5070809125900269 0.4813416600227356 0.006579458713531494 0.013569742441177368
1 0.24178054928779602 0.5279697179794312 0.012829169631004333 0.01924377679824829
0 0.47040295600891113 0.4746793508529663 0.011842310428619385 0.015296310186386108
0 0.5404700040817261 0.5092194080352783 0.02960580587387085 0.022204339504241943
0 0.7822505235671997 0.5644835233688354 0.4345470666885376 0.7070847153663635
1 0.11940998584032059 0.540305495262146 0.00822383165359497 0.01578974723815918
0 0.5213906764984131 0.48553481698036194 0.020395100116729736 0.015296339988708496
1 0.02631624974310398 0.5630033016204834 0.013158123940229416 0.04391521215438843
1 0.012829171493649483 0.6034644842147827 0.02171090617775917 0.09572535753250122
1 0.36217737197875977 0.5018180012702942 0.008552759885787964 0.028618931770324707
0 0.5286276340484619 0.5037916898727417 0.022039830684661865 0.02911233901977539
