0 0.44112613797187805 0.5289566516876221 0.014473915100097656 0.01578974723815918
0 0.5023114085197449 0.5215551853179932 0.011842340230941772 0.006908059120178223
0 0.5134958028793335 0.520568311214447 0.00592118501663208 0.009868621826171875
0 0.8736995458602905 0.5417858362197876 0.033224284648895264 0.02713865041732788
1 0.8973841667175293 0.540305495262146 0.010526478290557861 0.03454005718231201
0 0.5687599182128906 0.5289566516876221 0.03519803285598755 0.02171093225479126
1 0.7763293981552124 0.5274763107299805 0.006907999515533447 0.011842310428619385
0 0.5049430727958679 0.5319172143936157 0.018092423677444458 0.020724058151245117
1 0.8483700752258301 0.5393186807632446 0.0072370171546936035 0.030592620372772217
0 0.8211483955383301 0.5435128211975098 0.04498422145843506 0.06229531764984131
