0 0.5151405930519104 0.5250092148780823 0.02138197422027588 0.02615177631378174
0 0.42171791195869446 0.5087260007858276 0.00789487361907959 0.003947436809539795
0 0.5016535520553589 0.5087260007858276 0.006579101085662842 0.0049343109130859375
0 0.5444173812866211 0.5028048753738403 0.00592118501663208 0.008881747722625732
0 0.5289566516876221 0.5067523121833801 0.006579101085662842 0.00789487361907959
0 0.5483648777008057 0.509712815284729 0.012500226497650146 0.008881747722625732
0 0.5348777770996094 0.5047785639762878 0.00789487361907959 0.011842340230941772
0 0.03782960772514343 0.5368515253067017 0.029934732243418694 0.02319115400314331
0 0.45552298426628113 0.5161298513412476 0.009868621826171875 0.011348068714141846
0 0.1516473889350891 0.5329040288925171 0.025987297296524048 0.014802873134613037
0 0.4000070095062256 0.5269829034805298 0.027303099632263184 0.031086087226867676
0 0.5477069616317749 0.5166208744049072 0.009868621826171875 0.012829184532165527
0 0.4789557456970215 0.5106997489929199 0.009868592023849487 0.0098685622215271
0 0.5549439191818237 0.5087260007858276 0.006579041481018066 0.009868621826171875
0 0.32401883602142334 0.533890962600708 0.046711355447769165 0.04588896036148071
0 0.037582892924547195 0.5906352996826172 0.07516578584909439 0.1189165711402893
0 0.3388217091560364 0.5106997489929199 0.008552789688110352 0.003947436809539795
0 0.47566622495651245 0.5250091552734375 0.018092423677444458 0.020723998546600342
0 0.508232593536377 0.5087260007858276 0.003289520740509033 0.003947436809539795
0 0.47780776023864746 0.5171165466308594 0.01085558533668518 0.010363876819610596
0 0.46053439378738403 0.533890962600708 0.025987297296524048 0.02713865041732788
0 0.2324601113796234 0.5634971261024475 0.1466030478477478 0.1386537253856659
0 0.511522114276886 0.5067522525787354 0.001973748207092285 0.003947436809539795
0 0.09506745636463165 0.5348777770996094 0.0345400795340538 0.016776561737060547
0 0.4286259412765503 0.5225420594215393 0.02072402834892273 0.023191213607788086
0 0.4977060556411743 0.5146471261978149 0.009868592023849487 0.011842310428619385
0 0.37270388007164 0.5146471858024597 0.020066142082214355 0.012829184532165527
0 0.5217196941375732 0.5067522525787354 0.006579101085662842 0.003947436809539795
