0 0.5434305667877197 0.5037916898727417 0.011184453964233398 0.023684591054916382
0 0.392112135887146 0.5106997489929199 0.01282915472984314 0.03898090124130249
0 0.2638204097747803 0.533890962600708 0.07467235624790192 0.10362023115158081
0 0.09868593513965607 0.5284631848335266 0.021381951868534088 0.02368462085723877
1 0.21414849162101746 0.4954034090042114 0.006908014416694641 0.007401466369628906
0 0.5382330417633057 0.5271802544593811 0.009309351444244385 0.02368462085723877
1 0.5233644247055054 0.500831127166748 0.005921125411987305 0.019243717193603516
0 0.42533639073371887 0.5037916898727417 0.012829184532165527 0.03305980563163757
0 0.19276651740074158 0.5536280870437622 0.10888348519802094 0.11743625998497009
0 0.7361971139907837 0.5950762033462524 0.14309459924697876 0.1519763469696045
0 0.5679923892021179 0.5151405334472656 0.03289532661437988 0.047862708568573
0 0.4171125590801239 0.5047785639762878 0.02138197422027588 0.037500619888305664
0 0.43356022238731384 0.5037916898727417 0.01578974723815918 0.027632057666778564
0 0.5450752973556519 0.5047785639762878 0.00822383165359497 0.02368462085723877
0 0.4013228118419647 0.5077391862869263 0.01381605863571167 0.03750067949295044
0 0.12533113360404968 0.5131668448448181 0.0710538774728775 0.0444086492061615
0 0.8513306975364685 0.6671169400215149 0.26579415798187256 0.232405424118042
0 0.3690854012966156 0.5106997489929199 0.0480271577835083 0.051316678524017334
0 0.5792864561080933 0.5131668448448181 0.040461182594299316 0.04687580466270447
0 0.09769907593727112 0.5990236401557922 0.1595422625541687 0.13717341423034668
0 0.5526412725448608 0.5037916898727417 0.023026704788208008 0.03454011678695679
1 0.6125106811523438 0.5072457194328308 0.013487040996551514 0.057237863540649414
