0 0.3944147825241089 0.5274763107299805 0.012171238660812378 0.011842310428619385
0 0.4282969832420349 0.5195814371109009 0.007894903421401978 0.0098685622215271
0 0.3250057101249695 0.5373449325561523 0.025329381227493286 0.024178028106689453
0 0.33947962522506714 0.5215551853179932 0.007236957550048828 0.006908059120178223
0 0.21678009629249573 0.5264894962310791 0.00921069085597992 0.0049343109130859375
0 0.5049430727958679 0.5338909029960632 0.09046211838722229 0.1598711907863617
0 0.19795669615268707 0.5266540050506592 0.009576201438903809 0.003947436809539795
0 0.20427989959716797 0.5264894962310791 0.00921069085597992 0.00592118501663208
0 0.33355847001075745 0.5205683708190918 0.009210705757141113 0.006907999515533447
0 0.42237579822540283 0.5245157480239868 0.007894903421401978 0.008881747722625732
0 0.4384945034980774 0.5225419998168945 0.009868592023849487 0.0098685622215271
0 0.4134940505027771 0.520568311214447 0.005921155214309692 0.005921125411987305
0 0.41579675674438477 0.5250091552734375 0.003289520740509033 0.006414592266082764
0 0.2713863253593445 0.5250091552734375 0.009868592023849487 0.004934251308441162
0 0.32632148265838623 0.5215551853179932 0.014802902936935425 0.006908059120178223
0 0.4417840540409088 0.5195814371109009 0.003289520740509033 0.00592118501663208
