0 0.418099045753479 0.5640884041786194 0.04848781228065491 0.056250691413879395
0 0.5052716732025146 0.5324106216430664 0.015131860971450806 0.01796060800552368
0 0.2601175010204315 0.6626760959625244 0.16628696024417877 0.18059664964675903
0 0.4901401698589325 0.5901418924331665 0.07335656881332397 0.0976991057395935
0 0.47106093168258667 0.5216786861419678 0.003947436809539795 0.005674421787261963
0 0.3763223886489868 0.5595492720603943 0.041119128465652466 0.0424349308013916
1 0.6358664035797119 0.5546150207519531 0.019408226013183594 0.05871814489364624
0 0.4472118318080902 0.5366048812866211 0.019408226013183594 0.024671494960784912
0 0.47007399797439575 0.5294500589370728 0.009210675954818726 0.012335777282714844
1 0.5789572596549988 0.5452396869659424 0.006798386573791504 0.016612231731414795
1 0.5889918208122253 0.5472140908241272 0.008552789688110352 0.01850438117980957
0 0.4957323670387268 0.5195814371109009 0.017434507608413696 0.024671494960784912
1 0.5689247250556946 0.5333974957466125 0.010033011436462402 0.029853224754333496
