0 0.9398190975189209 0.5245157480239868 0.04276388883590698 0.045395493507385254
0 0.42257338762283325 0.5544184446334839 0.044079363346099854 0.05230355262756348
0 0.5042855143547058 0.5274763107299805 0.011623114347457886 0.013486683368682861
0 0.6358664035797119 0.5087260007858276 0.025658369064331055 0.008881747722625732
0 0.4960613250732422 0.5200748443603516 0.008223801851272583 0.008881747722625732
0 0.36036771535873413 0.6083987951278687 0.10773208737373352 0.12335765361785889
0 0.2421094924211502 0.5970499515533447 0.09769907593727112 0.09128445386886597
0 0.49342969059944153 0.5738587379455566 0.06283003091812134 0.08733707666397095
0 0.3750065565109253 0.5319172143936157 0.012500226497650146 0.008388280868530273
0 0.446389377117157 0.5259960293769836 0.006579071283340454 0.008388280868530273
0 0.44145509600639343 0.5245157480239868 0.004276394844055176 0.006414592266082764
0 0.4059281349182129 0.5398120880126953 0.006579071283340454 0.017763495445251465
0 0.36579588055610657 0.5274763107299805 0.006907999515533447 0.0098685622215271
0 0.7230389714241028 0.5106997489929199 0.02993476390838623 0.0098685622215271
0 0.9141607284545898 0.5176077485084534 0.0674353837966919 0.03996780514717102
0 0.46037065982818604 0.530929684638977 0.01315811276435852 0.01776343584060669
0 0.4723767042160034 0.5274763107299805 0.008552759885787964 0.012335717678070068
0 0.3980332612991333 0.5259960293769836 0.017763465642929077 0.008388280868530273
0 0.7878427505493164 0.5176077485084534 0.1618449091911316 0.061678677797317505
0 0.4984115958213806 0.5357941389083862 0.02551695704460144 0.008211910724639893
0 0.4829035997390747 0.5198280215263367 0.015790164470672607 0.03256571292877197
0 0.46974503993988037 0.5200749039649963 0.0055921971797943115 0.0049343109130859375
