0 0.6380986571311951 0.47497719526290894 0.008684515953063965 0.010657817125320435
0 0.6486955881118774 0.46974506974220276 0.009210646152496338 0.011842310428619385
0 0.28158387541770935 0.4978705644607544 0.0325663685798645 0.017763495445251465
0 0.43125754594802856 0.4820808172225952 0.014473915100097656 0.01282915472984314
0 0.4235877990722656 0.4830665588378906 0.008991152048110962 0.009209930896759033
0 0.5457332134246826 0.4880019724369049 0.024671494960784912 0.03799408674240112
0 0.41777047514915466 0.48504137992858887 0.016776621341705322 0.005921155214309692
0 0.6571362018585205 0.4853704571723938 0.011842191219329834 0.014802873134613037
0 0.4924428462982178 0.4707319140434265 0.012500196695327759 0.012829184532165527
0 0.5088905096054077 0.5447463989257812 0.05592206120491028 0.06365245580673218
0 0.618861198425293 0.48466193675994873 0.0098685622215271 0.013816028833389282
0 0.4842190146446228 0.46974503993988037 0.005263239145278931 0.005921155214309692
0 0.2575702965259552 0.5388252139091492 0.08190934360027313 0.08388304710388184
0 0.5351614356040955 0.4663613736629486 0.009868621826171875 0.010432958602905273
0 0.46843376755714417 0.47744160890579224 0.010920882225036621 0.01164466142654419
0 0.38717782497406006 0.4820808172225952 0.015460789203643799 0.01282915472984314
0 0.656590461730957 0.4727056324481964 0.00789487361907959 0.00789487361907959
0 0.6110296249389648 0.4914557933807373 0.013158082962036133 0.0170232355594635
0 0.6628405451774597 0.46974506974220276 0.007236957550048828 0.00789487361907959
0 0.5776416659355164 0.4781333804130554 0.020724058151245117 0.027138620615005493
0 0.13322600722312927 0.5047785639762878 0.0404612272977829 0.03700721263885498
0 0.11513359844684601 0.520568311214447 0.05986947566270828 0.04687580466270447
0 0.11998479068279266 0.5162882208824158 0.016118712723255157 0.035031288862228394
0 0.36809855699539185 0.5028048753738403 0.049342960119247437 0.05181008577346802
0 0.4649806022644043 0.4727056622505188 0.016448140144348145 0.01652953028678894
0 0.5575755834579468 0.4687581956386566 0.009210646152496338 0.00789487361907959
0 0.48003101348876953 0.47726863622665405 0.015460789203643799 0.009127408266067505
0 0.5230340957641602 0.4935944080352783 0.032346904277801514 0.05213901400566101
0 0.5638236999511719 0.5151411294937134 0.03190845251083374 0.03602033853530884
0 0.6667879819869995 0.46974503993988037 0.00789487361907959 0.006908029317855835
0 0.6279715299606323 0.4707319140434265 0.009210705757141113 0.009868592023849487
0 0.5802733302116394 0.4880019426345825 0.02138197422027588 0.031086057424545288
0 0.5523123145103455 0.4628370404243469 0.008552789688110352 0.00789487361907959
0 0.21382443606853485 0.49655455350875854 0.029276251792907715 0.02121707797050476
0 0.6213924884796143 0.47171878814697266 0.010526478290557861 0.011842310428619385
0 0.09177792072296143 0.500831127166748 0.03519798815250397 0.027138620615005493
0 0.2608598470687866 0.49491000175476074 0.02138194441795349 0.013816028833389282
