0 0.20033244788646698 0.5353711843490601 0.09013316035270691 0.054277241230010986
0 0.16809505224227905 0.500831127166748 0.036184847354888916 0.019737213850021362
0 0.9838900566101074 0.6848803758621216 0.032219886779785156 0.09671217203140259
0 0.06283004581928253 0.5551084280014038 0.0634879544377327 0.04687577486038208
1 0.18756672739982605 0.4951072335243225 0.0055921971797943115 0.012731283903121948
0 0.23355671763420105 0.47961366176605225 0.01611870527267456 0.017270028591156006
0 0.08815943449735641 0.5023114085197449 0.021053001284599304 0.024178028106689453
0 0.13585764169692993 0.5866879224777222 0.12171265482902527 0.10806113481521606
0 0.2944130301475525 0.5195814371109009 0.033224254846572876 0.028618931770324707
0 0.18242977559566498 0.49777090549468994 0.03782960772514343 0.024178028106689453
0 0.27829432487487793 0.4781333804130554 0.009539633989334106 0.011348873376846313
0 0.7559342384338379 0.5136603116989136 0.007565915584564209 0.011348843574523926
0 0.40066492557525635 0.5807667374610901 0.07401445508003235 0.08092248439788818
1 0.4500078558921814 0.5264894962310791 0.015131860971450806 0.035526931285858154
0 0.20526674389839172 0.5723784565925598 0.06283004581928253 0.07105386257171631
0 0.2782943546772003 0.47961366176605225 0.011513352394104004 0.012829184532165527
0 0.8690941333770752 0.5264894962310791 0.045724451541900635 0.0557575523853302
0 0.5636709928512573 0.518101155757904 0.21891090273857117 0.10535416007041931
0 0.19276653230190277 0.5067522525787354 0.04736924171447754 0.019737184047698975
0 0.6848803758621216 0.5181012153625488 0.02861887216567993 0.035526931285858154
1 0.1766478270292282 0.5037916898727417 0.006579071283340454 0.019737184047698975
0 0.7302759885787964 0.509712815284729 0.021053016185760498 0.014309465885162354
0 0.05551084131002426 0.6222147941589355 0.11102168262004852 0.12385088205337524
0 0.5138248205184937 0.5664572715759277 0.06546169519424438 0.045395493507385254
0 0.6786620616912842 0.4911370873451233 0.018730223178863525 0.016691476106643677
0 0.7016569972038269 0.508232593536377 0.011513352394104004 0.011348903179168701
0 0.2763206362724304 0.5822470188140869 0.09506745636463165 0.10115307569503784
0 0.8444226980209351 0.5210617780685425 0.021053016185760498 0.037007272243499756
0 0.2491183876991272 0.47961366176605225 0.007565930485725403 0.011843264102935791
0 0.776000440120697 0.5935959219932556 0.1463841199874878 0.12385082244873047
0 0.00855278130620718 0.5565887093544006 0.01611870341002941 0.03404664993286133
0 0.15855541825294495 0.48553481698036194 0.015131846070289612 0.017270028591156006
0 0.10460709035396576 0.4983639717102051 0.008552782237529755 0.019737213850021362
1 0.37994086742401123 0.4810939431190491 0.007565915584564209 0.0212174654006958
1 0.07401445508003235 0.5225419998168945 0.0115133598446846 0.019737184047698975
0 0.3246767222881317 0.5634967088699341 0.043750762939453125 0.08240276575088501
0 0.24309635162353516 0.4781333804130554 0.007565930485725403 0.014309436082839966
1 0.20131930708885193 0.48948225378990173 0.008552774786949158 0.022697746753692627
1 0.8963972330093384 0.5250091552734375 0.015131890773773193 0.056744396686553955
0 0.32806915044784546 0.4781333804130554 0.011513382196426392 0.01578974723815918
0 0.18190568685531616 0.49096253514289856 0.03569166362285614 0.017270028591156006
0 0.7016569972038269 0.4998442530632019 0.03223741054534912 0.022697776556015015
0 0.7236968874931335 0.5264894962310791 0.03717172145843506 0.030099213123321533
0 0.02097076177597046 0.537838339805603 0.04194152355194092 0.03996783494949341
0 0.08996793627738953 0.4961434006690979 0.02277979999780655 0.019860267639160156
0 0.7085649967193604 0.5195814371109009 0.021053016185760498 0.02565830945968628
0 0.29901838302612305 0.500831127166748 0.049342960119247437 0.05674442648887634
0 0.25625449419021606 0.4781333804130554 0.010526508092880249 0.01282915472984314
0 0.8983709812164307 0.6320834159851074 0.19572710990905762 0.13371944427490234
0 0.41217827796936035 0.5551084280014038 0.04736927151679993 0.04539555311203003
0 0.503298282623291 0.633563756942749 0.1131598949432373 0.13964062929153442
0 0.12631800770759583 0.4810939431190491 0.011513367295265198 0.006907999515533447
0 0.49539831280708313 0.5437594652175903 0.07638400793075562 0.077664315700531
0 0.34079545736312866 0.4825742244720459 0.015131860971450806 0.017270058393478394
0 0.12730485200881958 0.4880019426345825 0.013158127665519714 0.017270058393478394
0 0.13388392329216003 0.4840545058250427 0.014144986867904663 0.01282915472984314
