0 0.29921573400497437 0.5074430704116821 0.0690801739692688 0.027632027864456177
0 0.5404700040817261 0.5630033016204834 0.08388307690620422 0.08980423212051392
0 0.3036237359046936 0.40115833282470703 0.02960580587387085 0.03996780514717102
0 0.3901383876800537 0.5131669044494629 0.05065879225730896 0.0690801739692688
0 0.476982057094574 0.49120932817459106 0.04292836785316467 0.05526414513587952
0 0.31447917222976685 0.49688369035720825 0.06283006072044373 0.037500619888305664
0 0.48158738017082214 0.46333047747612 0.04046124219894409 0.05279695987701416
0 0.5134959816932678 0.539976954460144 0.061843156814575195 0.06908011436462402
0 0.06455705314874649 0.6266556978225708 0.12911410629749298 0.17418068647384644
0 0.42796802520751953 0.4149743616580963 0.043421804904937744 0.04440867900848389
0 0.2521754503250122 0.5380356907844543 0.11408093571662903 0.0789487361907959
0 0.5792864561080933 0.590635359287262 0.10230445861816406 0.11250174045562744
0 0.2713863253593445 0.5398120880126953 0.13191020488739014 0.07450789213180542
0 0.3829014301300049 0.4095466434955597 0.04144808650016785 0.04292839765548706
