0 0.25493866205215454 0.5585623979568481 0.20066140592098236 0.09769904613494873
0 0.30052289366722107 0.5023816823959351 0.08317774534225464 0.02065330743789673
0 0.12796276807785034 0.5284631848335266 0.03486902266740799 0.05526411533355713
0 0.5079035758972168 0.5422792434692383 0.014802873134613037 0.016776621341705322
0 0.5898129940032959 0.5447463989257812 0.054277241230010986 0.09917932748794556
0 0.8398172855377197 0.7213941812515259 0.2805970311164856 0.2787877917289734
0 0.09177792072296143 0.6537942886352539 0.18355584144592285 0.38191455602645874
0 0.4049413204193115 0.5432660579681396 0.038487523794174194 0.023684680461883545
0 0.5437594652175903 0.5299434661865234 0.0634879469871521 0.05082327127456665
0 0.349677175283432 0.533890962600708 0.07927769422531128 0.06611961126327515
0 0.2769785225391388 0.5393186807632446 0.16480551660060883 0.07450789213180542
0 0.6477087140083313 0.5630033016204834 0.12335741519927979 0.15049606561660767
0 0.34375518560409546 0.5394600629806519 0.09365838766098022 0.06950366497039795
