0 0.5194169878959656 0.8106139898300171 0.35526934266090393 0.3787720203399658
1 0.7986981868743896 0.6439257860183716 0.06315898895263672 0.13964062929153442
0 0.004111913964152336 0.5812602043151855 0.008223827928304672 0.029112398624420166
0 0.5431016087532043 0.5353711843490601 0.01809239387512207 0.022697746753692627
0 0.5052720308303833 0.5255025029182434 0.010526478290557861 0.012829184532165527
1 0.7289601564407349 0.540305495262146 0.011184394359588623 0.0439152717590332
0 0.5102063417434692 0.5269829034805298 0.007894575595855713 0.008388280868530273
1 0.8437647819519043 0.5190880298614502 0.00822383165359497 0.03157949447631836
0 0.5585628747940063 0.537838339805603 0.025165259838104248 0.030469775199890137
1 0.40471702814102173 0.6567627191543579 0.04210802912712097 0.15199220180511475
0 0.62599778175354 0.5393186807632446 0.025658369064331055 0.02861887216567993
1 0.3378348648548126 0.5638489723205566 0.01578974723815918 0.06069183349609375
1 0.744749903678894 0.540305495262146 0.010526478290557861 0.04835611581802368
1 0.6598799228668213 0.6202411651611328 0.021053016185760498 0.07993561029434204
1 0.5613495111465454 0.6181135177612305 0.027366578578948975 0.0656633973121643
1 0.6983674764633179 0.6473797559738159 0.03454005718231201 0.18108868598937988
1 0.7090182304382324 0.575996994972229 0.02094745635986328 0.08032548427581787
1 0.9089676737785339 0.5496072173118591 0.01578974723815918 0.055726051330566406
0 0.48915329575538635 0.518101155757904 0.010526478290557861 0.01578974723815918
1 0.6134976148605347 0.5990236401557922 0.04276388883590698 0.13174569606781006
1 0.3728533983230591 0.5623302459716797 0.018421202898025513 0.06715136766433716
1 0.9894822835922241 0.6202411651611328 0.021035492420196533 0.12730485200881958
0 0.5279697775840759 0.5166208744049072 0.01414501667022705 0.020723581314086914
0 0.09441228210926056 0.565963864326477 0.015796400606632233 0.02220606803894043
1 0.8266592025756836 0.6518206596374512 0.051645636558532715 0.13717347383499146
0 0.17237144708633423 0.5560952425003052 0.01875065267086029 0.02269822359085083
0 0.1539500653743744 0.5605361461639404 0.0230267196893692 0.02368462085723877
1 0.895916223526001 0.5327519178390503 0.018294692039489746 0.04311734437942505
1 0.8121852874755859 0.6123462319374084 0.026974141597747803 0.12385082244873047
1 0.40099385380744934 0.6306031942367554 0.04046124219894409 0.12730485200881958
0 0.460863322019577 0.5284632444381714 0.014802873134613037 0.006907999515533447
1 0.3513219356536865 0.5379367470741272 0.010526478290557861 0.01578974723815918
0 0.4728373885154724 0.5240223407745361 0.021710902452468872 0.0325663685798645
0 0.5118510723114014 0.5279697179794312 0.007565915584564209 0.006907999515533447
1 0.3500061333179474 0.56843101978302 0.019408226013183594 0.058792054653167725
1 0.6804850101470947 0.5245157480239868 0.010526537895202637 0.030907511711120605
0 0.534302294254303 0.522172212600708 0.009539604187011719 0.008388340473175049
0 0.49277177453041077 0.5496806502342224 0.027632057666778564 0.028618931770324707
0 0.5335619449615479 0.533890962600708 0.010526478290557861 0.017270028591156006
1 0.4277869164943695 0.6362919807434082 0.036846280097961426 0.06936711072921753
1 0.676985502243042 0.5324106216430664 0.00592118501663208 0.026645183563232422
1 0.8679901361465454 0.6744399666786194 0.061297595500946045 0.14630866050720215
0 0.3185908794403076 0.541539192199707 0.019572943449020386 0.01727008819580078
1 0.7621843814849854 0.540305495262146 0.013487100601196289 0.04736924171447754
1 0.3829014301300049 0.5560952425003052 0.010526508092880249 0.04476207494735718
1 0.1381603181362152 0.6236951351165771 0.03190840780735016 0.15296322107315063
0 0.040461234748363495 0.5743521451950073 0.02861892431974411 0.02615177631378174
1 0.6823025345802307 0.633217990398407 0.04276394844055176 0.1221243143081665
0 0.2950706481933594 0.5432655811309814 0.021710902452468872 0.02220386266708374
0 0.46645551919937134 0.5422792434692383 0.021710902452468872 0.02713865041732788
1 0.7444311380386353 0.6382527351379395 0.04211932420730591 0.1361824870109558
0 0.5213906764984131 0.5240223407745361 0.01151341199874878 0.011348903179168701
1 0.549351692199707 0.6019842624664307 0.025000393390655518 0.056744396686553955
0 0.4944167137145996 0.5259962677955627 0.012061387300491333 0.011348843574523926
1 0.6968374252319336 0.5782484412193298 0.02236884832382202 0.0804290771484375
1 0.7467306852340698 0.636030912399292 0.05118685960769653 0.1557289958000183
1 0.3595469295978546 0.5630033016204834 0.011842310428619385 0.060691893100738525
0 0.5184301137924194 0.5368515253067017 0.01809239387512207 0.02417808771133423
0 0.1134888231754303 0.5630033016204834 0.024013571441173553 0.016776621341705322
0 0.8786250352859497 0.8394796252250671 0.24274992942810059 0.3210407495498657
0 0.5072457194328308 0.5437594652175903 0.021217703819274902 0.028248369693756104
1 0.7342233657836914 0.540305495262146 0.00822383165359497 0.03602039813995361
0 0.46053439378738403 0.5250091552734375 0.010526508092880249 0.00592118501663208
0 0.49277180433273315 0.5324106216430664 0.015131860971450806 0.011348903179168701
0 0.2768150568008423 0.547214150428772 0.02138194441795349 0.01924377679824829
1 0.7371839284896851 0.6700775027275085 0.03684276342391968 0.1574040651321411
