0 0.4631659984588623 0.5156340003013611 0.006579041481018066 0.00789487361907959
0 0.633563756942749 0.538825273513794 0.07927769422531128 0.04588896036148071
0 0.3608616888523102 0.5329040288925171 0.019408226013183594 0.023437798023223877
0 0.30033430457115173 0.5304368734359741 0.0054277777671813965 0.007648110389709473
0 0.4381656050682068 0.5195814371109009 0.00723692774772644 0.0098685622215271
0 0.3386574387550354 0.5358645915985107 0.023355603218078613 0.030099153518676758
1 0.11250197142362595 0.5664572715759277 0.01710556447505951 0.05230355262756348
0 0.3901384770870209 0.5264894366264343 0.014144957065582275 0.01875019073486328
0 0.8822522759437561 0.5126734375953674 0.1098703145980835 0.06463930010795593
0 0.3904673457145691 0.5995171070098877 0.08190932869911194 0.10263341665267944
0 0.2603664696216583 0.5477069616317749 0.03322426974773407 0.03799408674240112
0 0.9289636611938477 0.49688369035720825 0.01381605863571167 0.009868592023849487
0 0.23224091529846191 0.5595492720603943 0.039803341031074524 0.03700721263885498
0 0.17763468623161316 0.5496807098388672 0.04046124219894409 0.016776621341705322
0 0.06365242600440979 0.9023919105529785 0.12730485200881958 0.19521617889404297
0 0.4865216612815857 0.5195814371109009 0.003947436809539795 0.0098685622215271
0 0.32906287908554077 0.5388252139091492 0.013816028833389282 0.024178028106689453
0 0.4789557456970215 0.5225419998168945 0.013816028833389282 0.016776621341705322
0 0.4039544463157654 0.5269829034805298 0.006579071283340454 0.011842310428619385
0 0.7463946342468262 0.5329040288925171 0.05263251066207886 0.03898090124130249
0 0.29276829957962036 0.5457332134246826 0.029934734106063843 0.02911233901977539
0 0.31480827927589417 0.5388252139091492 0.027303040027618408 0.02911233901977539
0 0.20099034905433655 0.7184336185455322 0.2713863253593445 0.28717607259750366
0 0.5088905096054077 0.5161274671554565 0.01644766330718994 0.010362029075622559
0 0.6884989142417908 0.5368515253067017 0.10033071041107178 0.04983639717102051
0 0.4315865635871887 0.5225419998168945 0.008223861455917358 0.011842310428619385
0 0.4092176854610443 0.5225419998168945 0.022697746753692627 0.016776621341705322
0 0.8075798749923706 0.5250091552734375 0.06118530035018921 0.04588896036148071
0 0.3485262095928192 0.631096363067627 0.1126660704612732 0.1386534571647644
