0 0.29704466462135315 0.4593830406665802 0.003618478775024414 0.005427718162536621
0 0.29605770111083984 0.45198142528533936 0.005482882261276245 0.011842131614685059
1 0.5973788499832153 0.508232593536377 0.011842310428619385 0.04588896036148071
1 0.7276443243026733 0.500831127166748 0.01644766330718994 0.04736924171447754
0 0.24375426769256592 0.457902729511261 0.011184409260749817 0.013816028833389282
0 0.08289618790149689 0.4978705644607544 0.014802888035774231 0.005427718162536621
1 0.4782978296279907 0.488495409488678 0.007565945386886597 0.019243746995925903
1 0.2011134922504425 0.4648107588291168 0.004605352878570557 0.006907999515533447
0 0.1747308075428009 0.48386150598526 0.024042293429374695 0.024671465158462524
0 0.19145071506500244 0.4771465063095093 0.007236972451210022 0.016776621341705322
0 0.09835698455572128 0.4954034090042114 0.027632057666778564 0.010855436325073242
0 0.056250981986522675 0.503298282623291 0.031250547617673874 0.019243746995925903
0 0.2289513647556305 0.45864272117614746 0.006414756178855896 0.005427747964859009
0 0.09863892197608948 0.49061012268066406 0.028618916869163513 0.016776621341705322
0 0.14539694786071777 0.4786267876625061 0.03125055134296417 0.024671494960784912
0 0.2114434689283371 0.4947998821735382 0.027010470628738403 0.021655023097991943
1 0.7621843814849854 0.5121800303459167 0.01611870527267456 0.065132737159729
0 0.3098738491535187 0.5215551853179932 0.12039685249328613 0.07598817348480225
0 0.16283179819583893 0.4993508458137512 0.027632057666778564 0.03454005718231201
1 0.4848769009113312 0.48750853538513184 0.00822383165359497 0.01578974723815918
0 0.2862153649330139 0.4679049849510193 0.035215824842453 0.038660675287246704
0 0.18224003911018372 0.4771465063095093 0.014802888035774231 0.024671494960784912
0 0.1915823370218277 0.4746793508529663 0.012697547674179077 0.017763465642929077
0 0.14079193770885468 0.5102062821388245 0.03947436809539795 0.04687580466270447
0 0.9477139711380005 0.500831127166748 0.07730400562286377 0.07450792193412781
0 0.18684537708759308 0.5131669044494629 0.03947436809539795 0.04292839765548706
0 0.10394918918609619 0.5393186807632446 0.09013316035270691 0.07993561029434204
0 0.21068575978279114 0.47761398553848267 0.016759321093559265 0.017763465642929077
1 0.08535070717334747 0.482953816652298 0.008780531585216522 0.02368462085723877
0 0.07006701827049255 0.4946630001068115 0.0230267234146595 0.010855436325073242
0 0.10446251183748245 0.749904215335846 0.2089250236749649 0.5001915693283081
0 0.12796276807785034 0.48553478717803955 0.010197550058364868 0.012335747480392456
1 0.7736977338790894 0.50791335105896 0.016331493854522705 0.07253420352935791
0 0.4628370404243469 0.792717456817627 0.29865726828575134 0.4145650863647461
0 0.3016500174999237 0.4771465063095093 0.027632057666778564 0.02911233901977539
0 0.24112263321876526 0.46777135133743286 0.01743452250957489 0.013816028833389282
0 0.6990253925323486 0.4924428462982178 0.021546244621276855 0.02911236882209778
1 0.07681049406528473 0.488495409488678 0.01118440181016922 0.013322621583938599
1 0.6036289930343628 0.6034644842147827 0.07204073667526245 0.2037864327430725
1 0.30691325664520264 0.6069185137748718 0.04868507385253906 0.20625364780426025
0 0.11414673179388046 0.4900466799736023 0.013863369822502136 0.020160913467407227
0 0.250333309173584 0.44260644912719727 0.0055921971797943115 0.01085546612739563
1 0.46382391452789307 0.48750853538513184 0.011184394359588623 0.02911233901977539
0 0.16480551660060883 0.4746793508529663 0.012829184532165527 0.015296310186386108
0 0.11875207722187042 0.49225783348083496 0.018421374261379242 0.02615177631378174
0 0.2289513647556305 0.46629106998443604 0.011184409260749817 0.017763465642929077
1 0.9457402229309082 0.4791202247142792 0.004276394844055176 0.007401466369628906
0 0.5185325741767883 0.5111935138702393 0.13004693388938904 0.07056045532226562
1 0.9195892214775085 0.5183480978012085 0.02375030517578125 0.08684360980987549
1 0.8009275197982788 0.5136603116989136 0.019408226013183594 0.06611958146095276
