0 0.4243495464324951 0.5259960293769836 0.09769907593727112 0.062172144651412964
0 0.10625185817480087 0.4993508458137512 0.027632057666778564 0.02615177631378174
0 0.2674388885498047 0.48306766152381897 0.025987297296524048 0.020724058151245117
0 0.4723767042160034 0.5615229606628418 0.11612045764923096 0.08141589164733887
0 0.01652989536523819 0.5215551853179932 0.03305979073047638 0.07204070687294006
0 0.36612480878829956 0.5190880298614502 0.05065879225730896 0.05131670832633972
0 0.2694126069545746 0.47023850679397583 0.009210705757141113 0.01085546612739563
0 0.3579009771347046 0.500831127166748 0.033224254846572876 0.019243717193603516
0 0.1563056856393814 0.4662085771560669 0.01365157961845398 0.019326239824295044
0 0.036842748522758484 0.5190880298614502 0.03322426602244377 0.05822467803955078
0 0.09506745636463165 0.5383317470550537 0.06743539124727249 0.0690801739692688
1 0.12401533126831055 0.47763991355895996 0.005921155214309692 0.013816028833389282
0 0.18634635210037231 0.47023850679397583 0.00970432162284851 0.007649093866348267
0 0.8108694553375244 0.6947489976882935 0.2095431089401245 0.2171090841293335
0 0.12829172611236572 0.4939231276512146 0.0230267196893692 0.024671465158462524
0 0.2611887753009796 0.4731990694999695 0.012829184532165527 0.017763495445251465
0 0.3062553405761719 0.5477069616317749 0.07763293385505676 0.08141589164733887
0 0.31842660903930664 0.4978705644607544 0.017434507608413696 0.022204309701919556
0 0.9476229548454285 0.7524802684783936 0.10475409030914307 0.3167818784713745
0 0.2519780993461609 0.46777135133743286 0.010197535157203674 0.012335747480392456
0 0.37369072437286377 0.52303546667099 0.03421112895011902 0.05131670832633972
0 0.346876323223114 0.4954034090042114 0.05213886499404907 0.03231930732727051
0 0.19638502597808838 0.46629106998443604 0.00657905638217926 0.009868592023849487
0 0.21217477321624756 0.4731990694999695 0.016447648406028748 0.015296339988708496
0 0.1881611943244934 0.4771465063095093 0.011842325329780579 0.012335717678070068
0 0.20342180132865906 0.4711264371871948 0.012829169631004333 0.013224035501480103
0 0.4243495464324951 0.5452398061752319 0.08585676550865173 0.06759989261627197
0 0.3440849781036377 0.5116865634918213 0.03421112895011902 0.03898093104362488
0 0.27204424142837524 0.47023850679397583 0.00822383165359497 0.015296310186386108
0 0.059869468212127686 0.5146471858024597 0.03519798442721367 0.03750064969062805
0 0.32007139921188354 0.48553478717803955 0.04506656527519226 0.04144808650016785
0 0.3421112298965454 0.4993508458137512 0.04243496060371399 0.02368462085723877
0 0.241115540266037 0.4766049385070801 0.014605402946472168 0.02072402834892273
0 0.2858602702617645 0.47171878814697266 0.028618931770324707 0.02615177631378174
0 0.28421550989151 0.49096253514289856 0.03782960772514343 0.03602033853530884
0 0.3654669225215912 0.4840545058250427 0.03125053644180298 0.02072402834892273
0 0.2095431387424469 0.48158738017082214 0.022039860486984253 0.01924377679824829
