0 0.29474207758903503 0.46941593289375305 0.00822383165359497 0.005427718162536621
0 0.29342618584632874 0.4608633518218994 0.00822383165359497 0.012335747480392456
1 0.6302741765975952 0.5146471858024597 0.01611870527267456 0.049836426973342896
1 0.6072474718093872 0.5131669044494629 0.01644766330718994 0.04736927151679993
0 0.2381620705127716 0.4771465063095093 0.012829169631004333 0.015296339988708496
0 0.06250109523534775 0.5146471261978149 0.03322426974773407 0.008388340473175049
1 0.46185019612312317 0.503298282623291 0.007565915584564209 0.02911233901977539
1 0.19287635385990143 0.4750080704689026 0.005263239145278931 0.011348873376846313
0 0.1405729055404663 0.4905015826225281 0.020636245608329773 0.01713833212852478
0 0.18947699666023254 0.4840545058250427 0.007236972451210022 0.008388310670852661
0 0.28322863578796387 0.4746793508529663 0.0055921971797943115 0.022204339504241943
0 0.09473849833011627 0.5102063417434692 0.032237403094768524 0.016776621341705322
0 0.05329040437936783 0.5116865634918213 0.030263688415288925 0.01776343584060669
0 0.2294449359178543 0.46974456310272217 0.009210675954818726 0.012335747480392456
0 0.2944130301475525 0.48010706901550293 0.01282915472984314 0.019243746995925903
0 0.09112001955509186 0.4993508458137512 0.017434515058994293 0.010855436325073242
0 0.11579149961471558 0.497870534658432 0.040461234748363495 0.033059775829315186
0 0.9862014651298523 0.5215551853179932 0.01743447780609131 0.03602039813995361
0 0.19360187649726868 0.5173037052154541 0.030137047171592712 0.03875309228897095
1 0.7424471974372864 0.5235288739204407 0.017763495445251465 0.059704989194869995
0 0.153621107339859 0.5131669044494629 0.025658339262008667 0.03700724244117737
1 0.4694892168045044 0.5025306940078735 0.008150726556777954 0.030428141355514526
0 0.16999560594558716 0.48701512813568115 0.04572446644306183 0.03146985173225403
2 0.28717607259750366 0.4766530990600586 0.0049343109130859375 0.01282915472984314
0 0.24835962057113647 0.457902729511261 0.008223846554756165 0.008388310670852661
0 0.19177964329719543 0.4820808172225952 0.010526537895202637 0.014556169509887695
0 0.130594402551651 0.5215551853179932 0.04309286177158356 0.05082324147224426
0 0.8822522759437561 0.5102062821388245 0.12237060070037842 0.07598814368247986
0 0.17906026542186737 0.5245157480239868 0.04133835434913635 0.04292839765548706
0 0.18737205862998962 0.49283719062805176 0.024473994970321655 0.020131975412368774
1 0.09375163912773132 0.48750853538513184 0.007565923035144806 0.013322591781616211
0 0.0690801590681076 0.5047785639762878 0.025000441819429398 0.015296310186386108
0 0.10399031639099121 0.7544040679931641 0.20798063278198242 0.4911918044090271
1 0.7444208860397339 0.5195814371109009 0.01381605863571167 0.06759986281394958
0 0.45719826221466064 0.7013082504272461 0.209640234708786 0.2950747013092041
0 0.1674371361732483 0.48701512813568115 0.042434945702552795 0.02911236882209778
0 0.6990253925323486 0.500831127166748 0.025000452995300293 0.03305980563163757
0 0.2421095073223114 0.47023850679397583 0.008223816752433777 0.01085546612739563
1 0.4491855204105377 0.49614351987838745 0.008881747722625732 0.02911233901977539
0 0.779289960861206 0.5102062821388245 0.10033071041107178 0.05230352282524109
0 0.20789837837219238 0.4825742244720459 0.014802888035774231 0.02615177631378174
1 0.9327134490013123 0.521752119064331 0.0221710205078125 0.09217184782028198
1 0.7781057953834534 0.5243183374404907 0.02203989028930664 0.06118530035018921
