0 0.1809242069721222 0.5743521451950073 0.004934296011924744 0.014309465885162354
0 0.21480637788772583 0.5674441456794739 0.011184409260749817 0.012829184532165527
0 0.1674371361732483 0.5758324861526489 0.007236972451210022 0.017270028591156006
0 0.5296145081520081 0.574845552444458 0.027303099632263184 0.020723998546600342
1 0.01652989536523819 0.6547812223434448 0.03305979073047638 0.14506834745407104
0 0.46053436398506165 0.5916222333908081 0.059869468212127686 0.05575758218765259
0 0.5815891027450562 0.5817536115646362 0.015131831169128418 0.009868621826171875
0 0.2595440149307251 0.5718849897384644 0.017105579376220703 0.016776621341705322
0 0.5210617780685425 0.5896484851837158 0.036184847354888916 0.02911233901977539
0 0.48158738017082214 0.5713915824890137 0.03914541006088257 0.03404664993286133
