0 0.534548819065094 0.5274763107299805 0.015131831169128418 0.01924377679824829
0 0.6623570919036865 0.6071711182594299 0.1014907956123352 0.1268223524093628
0 0.5569143295288086 0.5211817026138306 0.011842310428619385 0.013815999031066895
0 0.43750765919685364 0.5491872429847717 0.024671494960784912 0.03305983543395996
0 0.43750765919685364 0.5565887093544006 0.011842310428619385 0.02911233901977539
1 0.18487165868282318 0.5610295534133911 0.014473944902420044 0.04440867900848389
0 0.4868506193161011 0.5250091552734375 0.012829184532165527 0.01381605863571167
0 0.5437595248222351 0.5225420594215393 0.008552789688110352 0.012829184532165527
0 0.5149745941162109 0.5225419998168945 0.011184394359588623 0.009620487689971924
0 0.30196866393089294 0.5896484851837158 0.08240914344787598 0.09868955612182617
0 0.5517830848693848 0.5330971479415894 0.007238805294036865 0.015296339988708496
0 0.5674441456794739 0.5501741170883179 0.038158535957336426 0.05082327127456665
0 0.44320935010910034 0.5381672382354736 0.0293864905834198 0.033059775829315186
0 0.7858690023422241 0.6991898417472839 0.25493866205215454 0.27780091762542725
0 0.1825689822435379 0.6434323191642761 0.10625186562538147 0.1287851333618164
0 0.2575702965259552 0.6143199801445007 0.08750152587890625 0.10460710525512695
0 0.42105939984321594 0.5504257678985596 0.026813626289367676 0.021727263927459717
0 0.5480358600616455 0.5235288739204407 0.007565915584564209 0.010362029075622559
0 0.5519815683364868 0.5424749851226807 0.006251931190490723 0.02941000461578369
0 0.5411279201507568 0.542772650718689 0.01611870527267456 0.020230650901794434
0 0.6634984612464905 0.542772650718689 0.03157949447631836 0.015296339988708496
0 0.4707319140434265 0.5630033016204834 0.033224254846572876 0.039474427700042725
0 0.012829171493649483 0.7450788021087646 0.024671483784914017 0.14901572465896606
0 0.17237144708633423 0.5516543984413147 0.03223739564418793 0.053290367126464844
0 0.3822435140609741 0.579779863357544 0.01875033974647522 0.043421804904937744
0 0.48010557889938354 0.5343834161758423 0.014310985803604126 0.020230591297149658
0 0.41217827796936035 0.5837273597717285 0.06809329986572266 0.0750012993812561
0 0.08158037811517715 0.6789592504501343 0.1631607562303543 0.18750333786010742
0 0.4842190146446228 0.5324106216430664 0.010197550058364868 0.015296339988708496
0 0.4859696626663208 0.5279655456542969 0.011842310428619385 0.017763495445251465
