0 0.9329110383987427 0.5437595248222351 0.057566821575164795 0.031086087226867676
0 0.3398085832595825 0.5383317470550537 0.03355321288108826 0.03602033853530884
0 0.28959035873413086 0.5266546010971069 0.023794084787368774 0.014638721942901611
0 0.3840538263320923 0.5338917970657349 0.05460640788078308 0.03306037187576294
0 0.2654651701450348 0.5304368734359741 0.007565915584564209 0.009375154972076416
0 0.4448295831680298 0.5368520021438599 0.07664641737937927 0.03750115633010864
0 0.41382303833961487 0.5363580584526062 0.024671494960784912 0.026645183563232422
0 0.7049465179443359 0.5457332134246826 0.07204073667526245 0.03404664993286133
0 0.8572518229484558 0.5412923693656921 0.06447482109069824 0.035033464431762695
1 0.12269951403141022 0.5506675243377686 0.006908021867275238 0.030099213123321533
0 0.9963080286979675 0.5447463989257812 0.007383942604064941 0.018750369548797607
0 0.44688406586647034 0.5405535101890564 0.07006776332855225 0.031086087226867676
0 0.2539518177509308 0.5289566516876221 0.013158142566680908 0.01529628038406372
0 0.2763215899467468 0.5338923335075378 0.01578974723815918 0.015296339988708496
0 0.3123074769973755 0.5283643007278442 0.019671469926834106 0.012335777282714844
0 0.35345974564552307 0.5292032361030579 0.018256723880767822 0.02368462085723877
0 0.3227030038833618 0.5269829034805298 0.014473944902420044 0.010362029075622559
