1 0.7825794816017151 0.5644835829734802 0.024671435356140137 0.10460710525512695
1 0.5556018352508545 0.5018180012702942 0.004276394844055176 0.019243746995925903
0 0.5654704570770264 0.5205683708190918 0.027632057666778564 0.035526931285858154
1 0.5878392457962036 0.505765438079834 0.01019752025604248 0.02664521336555481
0 0.23520147800445557 0.5546149611473083 0.06940911710262299 0.08832395076751709
1 0.921726644039154 0.5565886497497559 0.03223741054534912 0.0675998330116272
1 0.2361883521080017 0.5072457194328308 0.010197535157203674 0.015296339988708496
1 0.833401620388031 0.561663806438446 0.036043763160705566 0.15021345019340515
1 0.7230389714241028 0.5388252139091492 0.02039504051208496 0.07253420352935791
1 0.12615378201007843 0.5435129404067993 0.025493837893009186 0.07130050659179688
0 0.47961366176605225 0.5047785639762878 0.0460534393787384 0.027632087469100952
0 0.16875295341014862 0.5817536115646362 0.11776521801948547 0.09375166893005371
0 0.33125579357147217 0.4919493794441223 0.08256721496582031 0.04983636736869812
1 0.36020368337631226 0.505765438079834 0.004276394844055176 0.003947436809539795
1 0.9763329029083252 0.540305495262146 0.03914541006088257 0.07648158073425293
0 0.3282952308654785 0.5333974957466125 0.03980332612991333 0.05279695987701416
0 0.5460622310638428 0.5106997489929199 0.011184394359588623 0.01529628038406372
1 0.8480411767959595 0.570898175239563 0.012829184532165527 0.09917932748794556
1 0.650011420249939 0.5167855024337769 0.011074721813201904 0.05082327127456665
1 0.3993490934371948 0.503298282623291 0.004276394844055176 0.006414532661437988
0 0.38553306460380554 0.5215551853179932 0.028618931770324707 0.030592679977416992
0 0.29112350940704346 0.5447463989257812 0.06250110268592834 0.07105392217636108
1 0.5921156406402588 0.5255026817321777 0.012829184532165527 0.04070788621902466
1 0.5335619449615479 0.5072457194328308 0.012829124927520752 0.03305980563163757
0 0.5138247609138489 0.5037916898727417 0.0444086492061615 0.027632057666778564
0 0.39671748876571655 0.5190880298614502 0.021710902452468872 0.031086087226867676
0 0.5756679773330688 0.4993508458137512 0.05263251066207886 0.02615177631378174
1 0.6881699562072754 0.5580689907073975 0.022039830684661865 0.08783048391342163
1 0.36612483859062195 0.5121800303459167 0.008552789688110352 0.024178028106689453
0 0.35658520460128784 0.5304369330406189 0.02927681803703308 0.03700721263885498
0 0.42204686999320984 0.5106997489929199 0.043750762939453125 0.02417805790901184
