0 0.38191455602645874 0.602971076965332 0.06250110268592834 0.05526411533355713
0 0.24835960566997528 0.5945827960968018 0.05329039692878723 0.03700721263885498
0 0.04243495315313339 0.572378396987915 0.00822383165359497 0.016776621341705322
0 0.16480551660060883 0.602971076965332 0.04243496060371399 0.08437645435333252
0 0.09835698455572128 0.6153068542480469 0.11315988004207611 0.14506834745407104
0 0.3338874280452728 0.5975433588027954 0.059869468212127686 0.046875834465026855
0 0.19723986089229584 0.5939907431602478 0.027171462774276733 0.024178028106689453
0 0.5677731037139893 0.6098790764808655 0.12598907947540283 0.12829172611236572
0 0.0480271577835083 0.662182629108429 0.0960543155670166 0.16973984241485596
0 0.20691151916980743 0.5807667374610901 0.010197550058364868 0.009868621826171875
0 0.18224003911018372 0.5891550779342651 0.00921069085597992 0.01529628038406372
0 0.28717607259750366 0.5975433588027954 0.05230355262756348 0.03848755359649658
0 0.707578182220459 0.6000105142593384 0.03782963752746582 0.04983639717102051
