0 0.13717344403266907 0.5422792434692383 0.050658777356147766 0.059211552143096924
0 0.4865216612815857 0.48010706901550293 0.011842310428619385 0.016776591539382935
0 0.5141537189483643 0.47566622495651245 0.012829184532165527 0.016776621341705322
0 0.20888523757457733 0.5240223407745361 0.01644766330718994 0.03157949447631836
0 0.11776521801948547 0.5131669044494629 0.012829169631004333 0.0098685622215271
1 0.28882086277008057 0.508232593536377 0.0055921971797943115 0.025658369064331055
0 0.5233644247055054 0.4731990694999695 0.01019752025604248 0.012335717678070068
0 0.24572798609733582 0.5092194080352783 0.021053016185760498 0.01924377679824829
0 0.5003377199172974 0.4746793508529663 0.012829184532165527 0.009868592023849487
0 0.46448183059692383 0.500831127166748 0.01940825581550598 0.020724058151245117
0 0.49869292974472046 0.4840545058250427 0.013815999031066895 0.012335747480392456
0 0.15098947286605835 0.52303546667099 0.012829169631004333 0.016776561737060547
0 0.21612221002578735 0.5116865634918213 0.01743452250957489 0.022204339504241943
0 0.4782978296279907 0.48553478717803955 0.014802902936935425 0.013816028833389282
0 0.49671921133995056 0.525502622127533 0.05065876245498657 0.06611958146095276
0 0.049671925604343414 0.5422792434692383 0.05690889433026314 0.04983639717102051
0 0.47928470373153687 0.5023114085197449 0.01019752025604248 0.017763465642929077
1 0.11875207722187042 0.5052720308303833 0.008552782237529755 0.011348903179168701
0 0.5088905096054077 0.48010706901550293 0.011184394359588623 0.013816028833389282
0 0.16381865739822388 0.5240223407745361 0.0250004380941391 0.04292839765548706
