0 0.4882485866546631 0.47825679183006287 0.004111945629119873 0.008265018463134766
0 0.26414936780929565 0.488495409488678 0.00822383165359497 0.02072402834892273
0 0.5097677111625671 0.4786267876625061 0.01825690269470215 0.020477324724197388
0 0.3559272885322571 0.4746793508529663 0.014802902936935425 0.009868592023849487
0 0.5187590718269348 0.48553481698036194 0.014802932739257812 0.01924377679824829
0 0.43133974075317383 0.4727056920528412 0.011184394359588623 0.016776621341705322
0 0.009210687130689621 0.5161274671554565 0.017434515058994293 0.03996780514717102
0 0.307242214679718 0.48701512813568115 0.009210705757141113 0.017763465642929077
0 0.5309303402900696 0.48948222398757935 0.019408226013183594 0.02615174651145935
0 0.15033158659934998 0.500831127166748 0.026645198464393616 0.02615177631378174
0 0.546062171459198 0.5037916898727417 0.03223741054534912 0.03898093104362488
0 0.460315078496933 0.4727056622505188 0.007565915584564209 0.0074014365673065186
0 0.10658081620931625 0.5131669044494629 0.053290411829948425 0.04835611581802368
0 0.3062553405761719 0.488495409488678 0.009210675954818726 0.019243746995925903
0 0.2345435917377472 0.503298282623291 0.03585590422153473 0.03305980563163757
0 0.219082772731781 0.4993508458137512 0.028618916869163513 0.027632087469100952
0 0.16480551660060883 0.5116865634918213 0.04967191815376282 0.04687580466270447
0 0.2888208329677582 0.4924428462982178 0.02401357889175415 0.024671465158462524
0 0.17006851732730865 0.49342966079711914 0.014227151870727539 0.00999179482460022
0 0.47566622495651245 0.4786267876625061 0.01842138171195984 0.022204339504241943
0 0.4167836308479309 0.4731990694999695 0.0019737184047698975 0.0029605627059936523
0 0.4342181086540222 0.47566622495651245 0.010197550058364868 0.015296310186386108
0 0.33125579357147217 0.4825742244720459 0.01842135190963745 0.024671465158462524
0 0.4858637750148773 0.4771465063095093 0.003618478775024414 0.012335717678070068
0 0.32007139921188354 0.4884953796863556 0.02401357889175415 0.027632057666778564
0 0.3727039098739624 0.4746793508529663 0.017434507608413696 0.01085546612739563
0 0.44342881441116333 0.47566622495651245 0.01644766330718994 0.020724058151245117
0 0.48948222398757935 0.52303546667099 0.05164560675621033 0.06611955165863037
0 0.20987209677696228 0.488495409488678 0.010197550058364868 0.012335747480392456
0 0.45494216680526733 0.46629106998443604 0.01644766330718994 0.019243746995925903
0 0.2878339886665344 0.488495409488678 0.022039860486984253 0.024671465158462524
0 0.38191455602645874 0.4746793508529663 0.006579071283340454 0.003947436809539795
0 0.44902101159095764 0.48010706901550293 0.01578974723815918 0.02072402834892273
0 0.43158650398254395 0.4648107886314392 0.011842310428619385 0.013816028833389282
0 0.4595475196838379 0.4899756610393524 0.022039860486984253 0.030592620372772217
0 0.19386275112628937 0.4960613250732422 0.03136026859283447 0.030757158994674683
0 0.35066401958465576 0.48553478717803955 0.016447633504867554 0.009868592023849487
0 0.1305943876504898 0.5023114085197449 0.022039860486984253 0.03157949447631836
0 0.40033596754074097 0.4731990694999695 0.009210675954818726 0.01381605863571167
0 0.31447917222976685 0.5876747369766235 0.11875209212303162 0.12138372659683228
0 0.4204021096229553 0.4731990694999695 0.004605323076248169 0.008388280868530273
0 0.4204021096229553 0.47171878814697266 0.0055921971797943115 0.008388310670852661
0 0.07368549704551697 0.5131669044494629 0.03388216719031334 0.03700724244117737
0 0.4250074326992035 0.4731990694999695 0.00822383165359497 0.009868621826171875
0 0.2539518177509308 0.48948225378990173 0.02203984558582306 0.024671494960784912
0 0.4940875768661499 0.4746793508529663 0.014802902936935425 0.009868592023849487
0 0.5908899307250977 0.4822603464126587 0.03639429807662964 0.026959329843521118
0 0.4618501663208008 0.4731990694999695 0.009210675954818726 0.010855436325073242
0 0.4977060854434967 0.4954034090042114 0.033882200717926025 0.03602039813995361
0 0.10296232998371124 0.7766907215118408 0.20526674389839172 0.44661861658096313
0 0.029276829212903976 0.5146471261978149 0.041448093950748444 0.03602033853530884
