0 0.5621808767318726 0.5447463989257812 0.005592226982116699 0.022204339504241943
0 0.6549456715583801 0.590635359287262 0.16546344757080078 0.21266821026802063
0 0.219082772731781 0.5861945152282715 0.11315988004207611 0.12434428930282593
0 0.5401410460472107 0.525502622127533 0.005592226982116699 0.010855436325073242
0 0.5437595248222351 0.5240223407745361 0.002631664276123047 0.003947436809539795
1 0.2440832257270813 0.5240223407745361 0.0095396488904953 0.022697746753692627
1 0.7977113127708435 0.5610295534133911 0.015131831169128418 0.07401442527770996
1 0.25066226720809937 0.5324106216430664 0.016118690371513367 0.046875834465026855
0 0.5217196941375732 0.5131669044494629 0.011842310428619385 0.01381605863571167
1 0.19276653230190277 0.5097128748893738 0.015131831169128418 0.030099183320999146
1 0.7996850609779358 0.5482003688812256 0.025658369064331055 0.07253414392471313
0 0.46382391452789307 0.5324106216430664 0.01578974723815918 0.02368462085723877
0 0.47007399797439575 0.5269829034805298 0.016447633504867554 0.020724058151245117
0 0.1048538088798523 0.6138265132904053 0.2097076177597046 0.19293099641799927
0 0.44902104139328003 0.5422792434692383 0.017434507608413696 0.04292839765548706
1 0.7806057929992676 0.5565887093544006 0.017105519771575928 0.08092248439788818
1 0.16052912175655365 0.5195814371109009 0.021710902452468872 0.03404664993286133
1 0.8727126121520996 0.5240223407745361 0.017105519771575928 0.02713865041732788
1 0.23158299922943115 0.5195814371109009 0.01611870527267456 0.02417808771133423
1 0.9506745338439941 0.5240223407745361 0.007565975189208984 0.006907999515533447
0 0.5980367660522461 0.5200748443603516 0.02927684783935547 0.07746845483779907
0 0.5602071285247803 0.5422792434692383 0.014802873134613037 0.03157949447631836
1 0.27730751037597656 0.5368515253067017 0.021710902452468872 0.056744396686553955
1 0.8861997127532959 0.5151405930519104 0.008552789688110352 0.01727008819580078
0 0.8371857404708862 0.5491872429847717 0.05690890550613403 0.045395493507385254
0 0.4727056622505188 0.5077391862869263 0.0055921971797943115 0.008388340473175049
0 0.49310073256492615 0.5200749039649963 0.03848749399185181 0.06069186329841614
0 0.3634932041168213 0.5269829034805298 0.011184394359588623 0.013815999031066895
0 0.526324987411499 0.5200749039649963 0.01644766330718994 0.015296339988708496
1 0.7408024072647095 0.5368515253067017 0.015131890773773193 0.03848749399185181
0 0.46382391452789307 0.5116865634918213 0.0055921971797943115 0.008388340473175049
1 0.2194117307662964 0.5136603116989136 0.013158127665519714 0.027138590812683105
1 0.19276653230190277 0.5067523121833801 0.008552789688110352 0.012829184532165527
1 0.2582281827926636 0.5324106216430664 0.015131860971450806 0.056744396686553955
0 0.4746793508529663 0.5102063417434692 0.002631634473800659 0.006907999515533447
0 0.4940876066684723 0.537838339805603 0.03684276342391968 0.04292839765548706
0 0.47007399797439575 0.5116865634918213 0.0036185085773468018 0.01529628038406372
0 0.4269811511039734 0.5422792434692383 0.044079720973968506 0.04983639717102051
0 0.4710608720779419 0.6814264059066772 0.18224000930786133 0.2304316759109497
0 0.5539571046829224 0.5363580584526062 0.021053016185760498 0.03157949447631836
0 0.5279697775840759 0.5393186807632446 0.028618931770324707 0.031579554080963135
0 0.46185019612312317 0.5161274671554565 0.01644766330718994 0.017763495445251465
1 0.292439341545105 0.5393186807632446 0.015131860971450806 0.056744396686553955
0 0.46382391452789307 0.5116865634918213 0.00822383165359497 0.005427718162536621
0 0.16283179819583893 0.5200748443603516 0.04967191815376282 0.024671494960784912
0 0.5740231871604919 0.537838339805603 0.028618931770324707 0.04292839765548706
0 0.8936746120452881 0.6468863487243652 0.21265071630477905 0.23733967542648315
0 0.4039544463157654 0.5363580584526062 0.027632057666778564 0.03996777534484863
1 0.7579079866409302 0.5521478652954102 0.01611870527267456 0.1041136384010315
0 0.12960752844810486 0.5131669044494629 0.04407971352338791 0.026151716709136963
2 0.1671081781387329 0.5136603116989136 0.03125055134296417 0.03848755359649658
0 0.44902101159095764 0.5363580584526062 0.025000452995300293 0.041448116302490234
0 0.5509964823722839 0.5353711843490601 0.021052956581115723 0.03157949447631836
1 0.9506745338439941 0.5240223407745361 0.008552789688110352 0.0044408440589904785
0 0.456587016582489 0.5200752019882202 0.004605352878570557 0.007894754409790039
