0 0.5491872429847717 0.5349271297454834 0.02756631374359131 0.039573073387145996
0 0.25757044553756714 0.5667040348052979 0.05139896273612976 0.08622676134109497
0 0.5345159769058228 0.5337429046630859 0.01657921075820923 0.032023608684539795
1 0.5565887093544006 0.5146471261978149 0.0049343109130859375 0.006414592266082764
0 0.3615194857120514 0.5353711843490601 0.03125053644180298 0.051316678524017334
0 0.6115238666534424 0.5615229606628418 0.06644856929779053 0.08585673570632935
0 0.33388739824295044 0.5487431287765503 0.04184284806251526 0.056744396686553955
0 0.3855988085269928 0.5284632444381714 0.028026819229125977 0.039178311824798584
0 0.5536280870437622 0.5416871309280396 0.01842135190963745 0.046875834465026855
0 0.29470542073249817 0.5521478652954102 0.057457149028778076 0.07138282060623169
0 0.18914803862571716 0.579779863357544 0.11546255648136139 0.1189165711402893
0 0.5833325386047363 0.5581676363945007 0.022730648517608643 0.05718851089477539
1 0.9965547323226929 0.5886616110801697 0.006890535354614258 0.06611955165863037
0 0.6466120481491089 0.5830693244934082 0.09408050775527954 0.09868592023849487
0 0.5746811032295227 0.5422792434692383 0.0480271577835083 0.06365245580673218
1 0.7444208860397339 0.577312707901001 0.028947889804840088 0.12977200746536255
