1 0.5258315801620483 0.5388252139091492 0.012829184532165527 0.07500135898590088
0 0.43833014369010925 0.5134135484695435 0.02088850736618042 0.03602039813995361
1 0.5896484851837158 0.537838339805603 0.021053016185760498 0.0809224545955658
0 0.06559339910745621 0.5839245319366455 0.11546259373426437 0.055461347103118896
0 0.07434340566396713 0.6641563773155212 0.14868681132793427 0.16776609420776367
0 0.3210582435131073 0.5250091552734375 0.035526931285858154 0.043421804904937744
0 0.41579675674438477 0.5393186211585999 0.02401357889175415 0.0577312707901001
0 0.13673490285873413 0.5758323669433594 0.07050560414791107 0.06595516204833984
0 0.19145071506500244 0.6000105142593384 0.11875206232070923 0.1041136384010315
0 0.19901686906814575 0.542772650718689 0.052961453795433044 0.018750309944152832
0 0.7927770614624023 0.47961366176605225 0.06381696462631226 0.04243496060371399
0 0.4858637750148773 0.5176077485084534 0.07697504758834839 0.1287851333618164
1 0.8325803279876709 0.6083987951278687 0.06184321641921997 0.22154995799064636
0 0.02401357889175415 0.5536280870437622 0.02401357889175415 0.024671494960784912
1 0.5580689907073975 0.5420324802398682 0.02401357889175415 0.09819251298904419
0 0.42763906717300415 0.5324106216430664 0.017763465642929077 0.049342989921569824
0 0.3016500473022461 0.5292032957077026 0.044244199991226196 0.043421804904937744
0 0.9544340372085571 0.4810234308242798 0.06579065322875977 0.03898093104362488
1 0.2266487032175064 0.5269829034805298 0.0049343109130859375 0.014309465885162354
0 0.7006702423095703 0.5274763107299805 0.0758785605430603 0.06266552209854126
0 0.26217564940452576 0.5713915824890137 0.08223827183246613 0.08980417251586914
0 0.10033070296049118 0.5437594652175903 0.038487508893013 0.040954649448394775
0 0.07401445508003235 0.5477069616317749 0.02401357889175415 0.012335777282714844
0 0.3405323028564453 0.6012934446334839 0.10046228766441345 0.11447566747665405
1 0.2671099305152893 0.5136603116989136 0.0049343109130859375 0.007401466369628906
0 0.3753355145454407 0.5506675243377686 0.08092248439788818 0.10707423090934753
