0 0.42171791195869446 0.457902729511261 0.012829184532165527 0.021239012479782104
0 0.5931024551391602 0.49439793825149536 0.02960580587387085 0.03602039813995361
0 0.5880436897277832 0.48553481698036194 0.025987327098846436 0.030592620372772217
0 0.5690065622329712 0.46777135133743286 0.020395100116729736 0.027632057666778564
0 0.5111931562423706 0.44704729318618774 0.057237863540649414 0.02368462085723877
0 0.676985502243042 0.56843101978302 0.054277241230010986 0.03996783494949341
0 0.3781864643096924 0.484218955039978 0.033224284648895264 0.03898093104362488
0 0.41612571477890015 0.460863322019577 0.01578974723815918 0.022204339504241943
0 0.43005651235580444 0.45099472999572754 0.014802902936935425 0.020551860332489014
0 0.40033596754074097 0.4731990694999695 0.02039507031440735 0.027632057666778564
1 0.34737449884414673 0.6266556978225708 0.02368462085723877 0.08684360980987549
0 0.29496967792510986 0.5990236401557922 0.07565924525260925 0.08266830444335938
0 0.4187573194503784 0.5866879224777222 0.0674353837966919 0.09128445386886597
0 0.6523140668869019 0.5536280870437622 0.0480271577835083 0.03996783494949341
1 0.5931024551391602 0.45987647771835327 0.00592118501663208 0.021710902452468872
0 0.40691500902175903 0.46754351258277893 0.01644766330718994 0.02368462085723877
1 0.1861874759197235 0.5501741170883179 0.020395085215568542 0.040954649448394775
0 0.3466225266456604 0.5062588453292847 0.03684273362159729 0.0444086492061615
0 0.3348742723464966 0.5176077485084534 0.03980332612991333 0.04292836785316467
1 0.09769907593727112 0.579779863357544 0.024671487510204315 0.08388304710388184
1 0.0654616728425026 0.5975433588027954 0.023684624582529068 0.08141589164733887
0 0.3174397647380829 0.5284631848335266 0.04506659507751465 0.046875834465026855
1 0.7370522022247314 0.558266282081604 0.01611870527267456 0.056448280811309814
0 0.6207345724105835 0.644912600517273 0.3098738491535187 0.16184496879577637
0 0.1901349127292633 0.6113593578338623 0.10526500642299652 0.09276479482650757
0 0.3654669225215912 0.5023114085197449 0.019408226013183594 0.03898093104362488
1 0.17072667181491852 0.5541214942932129 0.020395100116729736 0.05625098943710327
1 0.9947454929351807 0.6103725433349609 0.010509014129638672 0.030592620372772217
1 0.7954086661338806 0.607905387878418 0.018750309944152832 0.07648158073425293
1 0.9592273235321045 0.6355374455451965 0.028947889804840088 0.04983639717102051
1 0.1401340365409851 0.5822470188140869 0.020395085215568542 0.07746845483779907
0 0.607905387878418 0.5105358958244324 0.030592620372772217 0.02911233901977539
0 0.5782996416091919 0.4835982322692871 0.011842310428619385 0.02615177631378174
1 0.5769838094711304 0.45247501134872437 0.004934251308441162 0.008881717920303345
1 0.9898200035095215 0.6153068542480469 0.011184394359588623 0.02417808771133423
0 0.438165545463562 0.4495144486427307 0.009210675954818726 0.016776621341705322
0 0.6319189071655273 0.533890962600708 0.04704028367996216 0.04588896036148071
0 0.5644835829734802 0.4648107886314392 0.019856810569763184 0.02287718653678894
0 0.9153855443000793 0.80901038646698 0.1692289113998413 0.3819792866706848
0 0.7111966609954834 0.5990236401557922 0.0674353837966919 0.06217217445373535
0 0.5582334995269775 0.4579027593135834 0.017434537410736084 0.022204339504241943
0 0.6171160936355591 0.5200749039649963 0.03750044107437134 0.04194179177284241
0 0.27204424142837524 0.5605361461639404 0.06644852459430695 0.06661301851272583
0 0.39474374055862427 0.4786267876625061 0.01578974723815918 0.027632057666778564
1 0.20230618119239807 0.5412923693656921 0.012829169631004333 0.056250929832458496
