0 0.17115215957164764 0.5388252139091492 0.00789487361907959 0.011701583862304688
0 0.6930676698684692 0.550886869430542 0.020504772663116455 0.025164902210235596
0 0.5947472453117371 0.5388252139091492 0.009868621826171875 0.010855436325073242
0 0.34342706203460693 0.5447463989257812 0.027961015701293945 0.011842310428619385
0 0.32204508781433105 0.5435187816619873 0.023516148328781128 0.0142974853515625
0 0.166449636220932 0.5398120880126953 0.019736871123313904 0.010855436325073242
0 0.039145421236753464 0.5447463989257812 0.024013577029109 0.01578974723815918
0 0.14868681132793427 0.7880072593688965 0.29737362265586853 0.3133278489112854
0 0.6667879819869995 0.5457332134246826 0.009210705757141113 0.014802873134613037
0 0.875673234462738 0.6217213869094849 0.06250107288360596 0.08486992120742798
0 0.9681090116500854 0.5565887093544006 0.020723998546600342 0.01578974723815918
0 0.6552746295928955 0.5437594652175903 0.008552789688110352 0.011842310428619385
0 0.622050404548645 0.5727073550224304 0.01688629388809204 0.039803266525268555
0 0.15649640560150146 0.5486937761306763 0.03256635367870331 0.011842310428619385
0 0.6759986877441406 0.5457332134246826 0.011184394359588623 0.01578974723815918
0 0.30066317319869995 0.5424656271934509 0.017434507608413696 0.015109896659851074
0 0.5923203229904175 0.6352304220199585 0.09658795595169067 0.136680006980896
1 0.12187951803207397 0.5595535039901733 0.00921100378036499 0.02097529172897339
0 0.5921156406402588 0.5429700016975403 0.011184394359588623 0.0037500858306884766
0 0.5964139699935913 0.5546150207519531 0.055395662784576416 0.028585970401763916
0 0.6058349609375 0.5835530757904053 0.04686611890792847 0.047688424587249756
0 0.07171177864074707 0.5461280941963196 0.03046082705259323 0.013815999031066895
0 0.12763381004333496 0.5457332134246826 0.055727630853652954 0.01578974723815918
0 0.6974586248397827 0.547358512878418 0.008127152919769287 0.013119101524353027
0 0.6056027412414551 0.5398120880126953 0.009210646152496338 0.0049343109130859375
0 0.7944217920303345 0.6999948620796204 0.28229355812072754 0.29309725761413574
0 0.8608747720718384 0.5792840719223022 0.05888420343399048 0.0399630069732666
0 0.42796802520751953 0.5447463989257812 0.02138194441795349 0.010855495929718018
0 0.684551477432251 0.542772650718689 0.003947436809539795 0.010855436325073242
0 0.5184301137924194 0.5664572715759277 0.03125053644180298 0.03404664993286133
0 0.5529701709747314 0.6024776697158813 0.011184394359588623 0.03404664993286133
