0 0.48542520403862 0.4593830406665802 0.03190845251083374 0.03700721263885498
0 0.5381672978401184 0.45642244815826416 0.025000452995300293 0.03157952427864075
0 0.5358645915985107 0.5215551853179932 0.06842225790023804 0.0557575523853302
1 0.37040120363235474 0.4766530990600586 0.014144986867904663 0.04144808650016785
0 0.553036093711853 0.4530670940876007 0.017434537410736084 0.023881971836090088
0 0.5832338929176331 0.45642244815826416 0.007236957550048828 0.01085546612739563
0 0.5088905096054077 0.45642244815826416 0.020395100116729736 0.02072402834892273
0 0.42553389072418213 0.5381343960762024 0.07704076170921326 0.08013293147087097
0 0.5125089883804321 0.47171878814697266 0.028618931770324707 0.03157949447631836
0 0.08330737799406052 0.7738534808158875 0.16661475598812103 0.4522930383682251
0 0.46645551919937134 0.4692516326904297 0.031250566244125366 0.02911233901977539
1 0.14342355728149414 0.500831127166748 0.01611870527267456 0.06414589285850525
0 0.560207188129425 0.45099472999572754 0.019408226013183594 0.02615177631378174
0 0.6513271927833557 0.5432661175727844 0.09276473522186279 0.11842313408851624
0 0.5704047679901123 0.4495144486427307 0.014802873134613037 0.020724058151245117
0 0.5304369330406189 0.5718849897384644 0.09103775024414062 0.11065155267715454
1 0.818764328956604 0.5240223407745361 0.021710872650146484 0.09128451347351074
0 0.5309303402900696 0.46333047747612 0.02203989028930664 0.02911233901977539
0 0.5776416659355164 0.45099472999572754 0.007236957550048828 0.016776621341705322
0 0.5243513584136963 0.4428529739379883 0.017927885055541992 0.021217256784439087
