0 0.49902188777923584 0.5304369330406189 0.00789487361907959 0.010855436325073242
0 0.5042851567268372 0.5304369330406189 0.006579041481018066 0.00789487361907959
0 0.5169262886047363 0.5328335762023926 0.0052397847175598145 0.00592118501663208
0 0.4628370404243469 0.5324106216430664 0.00789487361907959 0.012829184532165527
0 0.457573801279068 0.5353711843490601 0.009210705757141113 0.011842310428619385
0 0.3789539933204651 0.5585623979568481 0.02927681803703308 0.02911233901977539
0 0.42040205001831055 0.5422791242599487 0.019737213850021362 0.022697746753692627
0 0.4972674548625946 0.5806021690368652 0.05263251066207886 0.057237863540649414
0 0.4996798038482666 0.5452398061752319 0.02138197422027588 0.013815999031066895
0 0.4746793508529663 0.5407989025115967 0.013487100601196289 0.016776621341705322
0 0.4671134650707245 0.5279698371887207 0.003289520740509033 0.009128391742706299
0 0.5131669044494629 0.532410740852356 0.004605352878570557 0.00592118501663208
0 0.1921086311340332 0.5521478652954102 0.05592203140258789 0.11398226022720337
0 0.47138985991477966 0.5292034149169922 0.003947436809539795 0.00592118501663208
0 0.5360291004180908 0.5314236879348755 0.003947436809539795 0.005921125411987305
