0 0.47007399797439575 0.45642244815826416 0.03486904501914978 0.04292836785316467
0 0.526324987411499 0.4539552927017212 0.027632057666778564 0.03305980563163757
0 0.5348777770996094 0.5287097096443176 0.09638309478759766 0.039721131324768066
1 0.2904655933380127 0.4727056622505188 0.014144986867904663 0.043915241956710815
0 0.8243565559387207 0.43175098299980164 0.00822383165359497 0.006907999515533447
0 0.5447463989257812 0.45099472999572754 0.01644766330718994 0.02368462085723877
0 0.5750100612640381 0.4554356038570404 0.007236957550048828 0.010855436325073242
0 0.49671924114227295 0.45247501134872437 0.02105298638343811 0.02368462085723877
0 0.37807697057724 0.5646477937698364 0.11305004358291626 0.11217296123504639
0 0.5003377199172974 0.47023850679397583 0.03125053644180298 0.0345400869846344
0 0.1625850796699524 0.6799461245536804 0.3251701593399048 0.41398751735687256
0 0.44704729318618774 0.46777135133743286 0.035855889320373535 0.036020368337631226
0 0.5519833564758301 0.4455670118331909 0.017434537410736084 0.02615177631378174
0 0.7189266681671143 0.5857006907463074 0.15625232458114624 0.1821986436843872
0 0.565799355506897 0.44704729318618774 0.011842310428619385 0.020724058151245117
0 0.5355356931686401 0.6227079629898071 0.1361863613128662 0.1781277060508728
1 0.9108712077140808 0.5407989025115967 0.025658369064331055 0.10954135656356812
0 0.5197460055351257 0.46086323261260986 0.0253293514251709 0.02911233901977539
0 0.5690889358520508 0.4460603594779968 0.007236957550048828 0.019243746995925903
0 0.511522114276886 0.43865901231765747 0.019408226013183594 0.02072402834892273
