0 0.32401883602142334 0.5304369330406189 0.020724058151245117 0.013322591781616211
0 0.39540165662765503 0.5373449325561523 0.03980332612991333 0.010362029075622559
0 0.010115308687090874 0.5343843698501587 0.020230617374181747 0.04440867900848389
0 0.423362672328949 0.5333974957466125 0.041119158267974854 0.016283154487609863
1 0.30855804681777954 0.5452398061752319 0.015460819005966187 0.06611955165863037
0 0.25822821259498596 0.5467200875282288 0.039803341031074524 0.04638242721557617
0 0.04111913964152336 0.5393186807632446 0.031579501926898956 0.051316678524017334
0 0.0096218790858984 0.5412923693656921 0.0192437581717968 0.05970501899719238
0 0.06315899640321732 0.5467200875282288 0.037171702831983566 0.04736924171447754
0 0.8283039331436157 0.6735315322875977 0.26283353567123413 0.2901366949081421
0 0.5036272406578064 0.5437595248222351 0.04309284687042236 0.03602039813995361
1 0.9932652115821838 0.6962293386459351 0.013469576835632324 0.23980683088302612
0 0.17329415678977966 0.5626071691513062 0.043029412627220154 0.03503352403640747
1 0.24145159125328064 0.5580689907073975 0.022039875388145447 0.06611955165863037
1 0.4032965302467346 0.5802733302116394 0.025987297296524048 0.09967279434204102
0 0.28750503063201904 0.5412923693656921 0.025329411029815674 0.035033464431762695
