0 0.44704729318618774 0.5166208744049072 0.00789487361907959 0.011842310428619385
0 0.5463911294937134 0.5225420594215393 0.02203989028930664 0.031086087226867676
0 0.4542842507362366 0.5146471261978149 0.005263239145278931 0.00592118501663208
0 0.46053439378738403 0.5146471261978149 0.006579071283340454 0.008881747722625732
0 0.5368515253067017 0.5348777770996094 0.026645243167877197 0.02911233901977539
0 0.52303546667099 0.5146471858024597 0.006579041481018066 0.00789487361907959
0 0.47040295600891113 0.5166208744049072 0.009210675954818726 0.011842310428619385
0 0.5335619449615479 0.5176077485084534 0.011184394359588623 0.010855436325073242
0 0.10033070296049118 0.5388252139091492 0.04736925661563873 0.03207290172576904
0 0.6759986877441406 0.5156340599060059 0.014473915100097656 0.003947436809539795
0 0.8796206712722778 0.5240223407745361 0.03980332612991333 0.018750309944152832
0 0.7220520973205566 0.5176077485084534 0.011184394359588623 0.013815999031066895
