0 0.5164563655853271 0.4937995970249176 0.005345523357391357 0.021464288234710693
0 0.42402058839797974 0.4825742244720459 0.011842310428619385 0.015296310186386108
0 0.5279697775840759 0.4894822835922241 0.025000452995300293 0.03700724244117737
0 0.13914717733860016 0.5190880298614502 0.02960578352212906 0.03996777534484863
0 0.534548819065094 0.4993508458137512 0.025000452995300293 0.03454005718231201
0 0.349677175283432 0.48948222398757935 0.023026704788208008 0.013816028833389282
0 0.6082342863082886 0.4840545058250427 0.00822383165359497 0.009868592023849487
0 0.5437594652175903 0.5062588453292847 0.027632057666778564 0.03996777534484863
0 0.5700757503509521 0.5161274671554565 0.04901403188705444 0.056744396686553955
0 0.4572448432445526 0.488495409488678 0.017434537410736084 0.02072402834892273
0 0.039474375545978546 0.5324106216430664 0.050658781081438065 0.04835611581802368
0 0.41777047514915466 0.48010706901550293 0.007236957550048828 0.009868592023849487
0 0.48849552869796753 0.47788673639297485 0.021053016185760498 0.009128540754318237
0 0.2769785225391388 0.48553481698036194 0.028618931770324707 0.010855436325073242
0 0.33750590682029724 0.488495409488678 0.017434537410736084 0.012335747480392456
0 0.20789837837219238 0.4924428462982178 0.03223741054534912 0.012335747480392456
0 0.6174449920654297 0.488495409488678 0.02401357889175415 0.02911236882209778
0 0.36530205607414246 0.4951568841934204 0.017928004264831543 0.023438096046447754
0 0.5161274671554565 0.488495409488678 0.007236957550048828 0.024671465158462524
0 0.2769785523414612 0.4993508458137512 0.0460534393787384 0.03157949447631836
0 0.5950762033462524 0.49639028310775757 0.031250596046447754 0.041448116302490234
0 0.38355934619903564 0.49639028310775757 0.03125053644180298 0.0345400869846344
0 0.5141537189483643 0.48701509833335876 0.009210705757141113 0.02368462085723877
0 0.4782978296279907 0.5353711843490601 0.06085631251335144 0.07993561029434204
0 0.32007139921188354 0.4993508458137512 0.025658339262008667 0.027632087469100952
0 0.023684624582529068 0.5432660579681396 0.047369249165058136 0.060691893100738525
0 0.5092194080352783 0.48701509833335876 0.01381605863571167 0.02368462085723877
0 0.4654686450958252 0.4840545058250427 0.013816028833389282 0.017763465642929077
0 0.36612480878829956 0.4840545058250427 0.02105298638343811 0.019243746995925903
0 0.4095466434955597 0.4840545356273651 0.017434537410736084 0.022204339504241943
0 0.44112613797187805 0.4993508458137512 0.027632057666778564 0.03454005718231201
0 0.30263686180114746 0.4954034090042114 0.022039860486984253 0.02911233901977539
0 0.34260398149490356 0.5124268531799316 0.042764097452163696 0.04144829511642456
0 0.39638853073120117 0.49096256494522095 0.022039860486984253 0.0345400869846344
0 0.16381865739822388 0.52303546667099 0.0634879469871521 0.0730276107788086
0 0.6273136138916016 0.488495409488678 0.01019752025604248 0.024671465158462524
0 0.22368812561035156 0.500831127166748 0.07171177864074707 0.030592650175094604
0 0.338492751121521 0.48158738017082214 0.01282915472984314 0.006907999515533447
1 0.5549439191818237 0.48553481698036194 0.004276394844055176 0.006414592266082764
0 0.09835697710514069 0.5299434661865234 0.06809329241514206 0.05082327127456665
1 0.8496859073638916 0.5491872429847717 0.012829184532165527 0.09177792072296143
0 0.36415112018585205 0.5546149611473083 0.08289620280265808 0.08980417251586914
0 0.25033333897590637 0.4939231276512146 0.0230267196893692 0.019243746995925903
0 0.4838900566101074 0.4786267876625061 0.01644766330718994 0.008388310670852661
0 0.43323129415512085 0.4825742244720459 0.0019737184047698975 0.00296059250831604
0 0.002138195326551795 0.570898175239563 0.00427639065310359 0.060691893100738525
0 0.48487693071365356 0.4884953796863556 0.03223744034767151 0.022204339504241943
0 0.2519780993461609 0.6192542314529419 0.20526674389839172 0.2250038981437683
