1 0.599681556224823 0.5072457194328308 0.013487100601196289 0.04736924171447754
0 0.24572798609733582 0.4539552927017212 0.010197535157203674 0.012335747480392456
0 0.07829084247350693 0.503298282623291 0.03322426602244377 0.012335747480392456
1 0.48125842213630676 0.48158735036849976 0.0029605627059936523 0.004440873861312866
1 0.20329302549362183 0.4648107588291168 0.004605337977409363 0.005427718162536621
0 0.18388479948043823 0.4825742244720459 0.022039860486984253 0.024671465158462524
0 0.19145071506500244 0.47171878814697266 0.004605337977409363 0.006908029317855835
0 0.10033070296049118 0.4993508458137512 0.028618916869163513 0.017763495445251465
0 0.05690889060497284 0.503298282623291 0.03223740682005882 0.019243746995925903
0 0.22993823885917664 0.460863322019577 0.007236972451210022 0.011348903179168701
0 0.09910888969898224 0.4900226593017578 0.02861892431974411 0.016776621341705322
0 0.15543031692504883 0.48208075761795044 0.02812550961971283 0.031826168298721313
0 0.21803002059459686 0.4958968758583069 0.027434706687927246 0.030592650175094604
1 0.7621843814849854 0.508232593536377 0.015131831169128418 0.06118527054786682
0 0.4829031825065613 0.5131669044494629 0.1075676679611206 0.06611958146095276
0 0.16801272332668304 0.4962669312953949 0.02738538384437561 0.030901014804840088
1 0.4903045892715454 0.4806004762649536 0.007565915584564209 0.00789487361907959
0 0.29421746730804443 0.4635038375854492 0.03397110104560852 0.0413280725479126
0 0.18224003911018372 0.46777135133743286 0.010197535157203674 0.01085546612739563
0 0.19145071506500244 0.4746793508529663 0.013816028833389282 0.019243746995925903
0 0.13980507850646973 0.5102063417434692 0.04046124219894409 0.04835611581802368
0 0.18684537708759308 0.5116865634918213 0.04046124219894409 0.04144808650016785
0 0.2694126069545746 0.5240223407745361 0.1250021904706955 0.07598817348480225
0 0.21214017271995544 0.47662705183029175 0.015893593430519104 0.018075138330459595
1 0.08446499705314636 0.48238441348075867 0.008274413645267487 0.02368462085723877
0 0.07039595395326614 0.4946632981300354 0.024013575166463852 0.01085546612739563
0 0.1044028177857399 0.7498345971107483 0.2088056355714798 0.5003308057785034
0 0.12960752844810486 0.4853171110153198 0.014203071594238281 0.013598322868347168
1 0.7736977338790894 0.5082705616950989 0.01644766330718994 0.07200279831886292
0 0.4628370404243469 0.7933948040008545 0.2976251542568207 0.4132104516029358
0 0.30822908878326416 0.4786267876625061 0.025000423192977905 0.03305980563163757
0 0.24934646487236023 0.46777135133743286 0.007236957550048828 0.013816028833389282
1 0.07730398327112198 0.488495409488678 0.011184409260749817 0.013322621583938599
1 0.7552763223648071 0.6069185137748718 0.05263251066207886 0.19687843322753906
1 0.4167836010456085 0.5482003688812256 0.03157949447631836 0.0902976393699646
0 0.11414673179388046 0.4913901686668396 0.012829169631004333 0.023026704788208008
0 0.2519780993461609 0.43717870116233826 0.004605352878570557 0.015296339988708496
1 0.4654686748981476 0.48306751251220703 0.00937509536743164 0.02097037434577942
0 0.1710556149482727 0.4731990694999695 0.007236972451210022 0.012335717678070068
0 0.11875207722187042 0.4913325905799866 0.018421374261379242 0.02615177631378174
0 0.23191195726394653 0.4648107886314392 0.011842310428619385 0.017763465642929077
1 0.9269899129867554 0.49688369035720825 0.015131831169128418 0.04095467925071716
0 0.7185972929000854 0.5040384531021118 0.12056136131286621 0.06908014416694641
1 0.9220556020736694 0.49096253514289856 0.005263209342956543 0.00789487361907959
1 0.9128448367118835 0.5160287022590637 0.022894978523254395 0.08684360980987549
1 0.8010008335113525 0.5125501155853271 0.01891481876373291 0.06537944078445435
