0 0.42056670784950256 0.5684301257133484 0.04753375053405762 0.05822479724884033
0 0.5065878033638 0.533890962600708 0.01644766330718994 0.01776343584060669
0 0.26480725407600403 0.6653077602386475 0.16041944921016693 0.1736871600151062
0 0.4957323670387268 0.5876747369766235 0.0707249641418457 0.09671223163604736
0 0.4743503928184509 0.5259960293769836 0.003947436809539795 0.0049343109130859375
0 0.3763223886489868 0.5644835233688354 0.04177704453468323 0.04243499040603638
1 0.5986946821212769 0.5457332134246826 0.011842310428619385 0.04243499040603638
0 0.446389377117157 0.5388252139091492 0.01940825581550598 0.024671435356140137
0 0.47171878814697266 0.5324106216430664 0.009210675954818726 0.012335777282714844
1 0.5665664672851562 0.5409622192382812 0.006030678749084473 0.012829124927520752
1 0.572331428527832 0.5452398061752319 0.007095992565155029 0.012829184532165527
0 0.5006666779518127 0.5220485925674438 0.02434256672859192 0.022204339504241943
1 0.5603168606758118 0.5355357527732849 0.006908059120178223 0.021875381469726562
