0 0.9430176019668579 0.844258189201355 0.1139647364616394 0.2787877321243286
0 0.48750853538513184 0.37401968240737915 0.08750152587890625 0.062172144651412964
0 0.41020452976226807 0.44852757453918457 0.0055921971797943115 0.01085546612739563
0 0.3598747253417969 0.4593830406665802 0.03684276342391968 0.04539555311203003
0 0.488495409488678 0.5407989025115967 0.16283181309700012 0.2827351987361908
0 0.8519886136054993 0.6829066872596741 0.24737274646759033 0.21809589862823486
1 0.08059351146221161 0.48701512813568115 0.03717169910669327 0.12385085225105286
0 0.582329273223877 0.46555089950561523 0.039721131324768066 0.06365242600440979
0 0.38553306460380554 0.4593830108642578 0.030263662338256836 0.043915241956710815
0 0.30461058020591736 0.45099472999572754 0.07171177864074707 0.0828961730003357
0 0.5898129940032959 0.7712305784225464 0.34507185220718384 0.420895516872406
1 0.6894857883453369 0.4539552927017212 0.025164902210235596 0.08758386969566345
0 0.380927711725235 0.4608633518218994 0.023026704788208008 0.04144808650016785
1 0.8528110384941101 0.5264894962310791 0.03848755359649658 0.11028152704238892
0 0.9292925596237183 0.5171143412590027 0.13980507850646973 0.08684363961219788
0 0.34507185220718384 0.46333047747612 0.013816028833389282 0.046875834465026855
0 0.40099388360977173 0.457902729511261 0.017434507608413696 0.03996780514717102
0 0.40099385380744934 0.4347115755081177 0.021053016185760498 0.013816028833389282
