0 0.9010026454925537 0.5718849897384644 0.022039830684661865 0.00592118501663208
0 0.3559272885322571 0.5876747369766235 0.018092423677444458 0.008881747722625732
0 0.8628440499305725 0.5728718638420105 0.018750309944152832 0.006908059120178223
0 0.4019806981086731 0.579779863357544 0.006579071283340454 0.003947436809539795
0 0.3266504406929016 0.6158002614974976 0.033224254846572876 0.03996777534484863
0 0.30461061000823975 0.6074119806289673 0.023355692625045776 0.0310860276222229
0 0.37730923295021057 0.5847141742706299 0.007236957550048828 0.0049343109130859375
0 0.25099122524261475 0.6044513583183289 0.011842295527458191 0.02615177631378174
0 0.5776416659355164 0.5506675243377686 0.20493778586387634 0.39326345920562744
0 0.38520410656929016 0.5807667374610901 0.011842310428619385 0.005921125411987305
0 0.31415024399757385 0.5876747369766235 0.01611870527267456 0.0098685622215271
0 0.37401971220970154 0.5817536115646362 0.012500226497650146 0.00789487361907959
0 0.8947525024414062 0.5778061747550964 0.015460848808288574 0.013815999031066895
0 0.3687564432621002 0.5876747369766235 0.00789487361907959 0.0049343109130859375
