0 0.3421112298965454 0.4840545058250427 0.10888347029685974 0.04983636736869812
0 0.8312644958496094 0.6380045413970947 0.28421550989151 0.25312942266464233
0 0.3829014301300049 0.33898618817329407 0.03782960772514343 0.0537838339805603
0 0.6171160936355591 0.45247501134872437 0.06644850969314575 0.08437648415565491
0 0.3746775984764099 0.46777135133743286 0.09309372305870056 0.062172144651412964
0 0.622708261013031 0.41250723600387573 0.05888259410858154 0.07894876599311829
0 0.7093865275382996 0.5499267578125 0.13980472087860107 0.14802861213684082
0 0.5444174408912659 0.3513219356536865 0.05888259410858154 0.059704989194869995
0 0.3118475675582886 0.48306769132614136 0.07467234134674072 0.0345400869846344
0 0.915138840675354 0.7974147796630859 0.169722318649292 0.4051705002784729
0 0.2766495943069458 0.5353712439537048 0.21776697039604187 0.12335744500160217
0 0.48520582914352417 0.34737449884414673 0.05361935496330261 0.056744396686553955
