0 0.4944165349006653 0.48701509833335876 0.0055921971797943115 0.022204339504241943
0 0.42089515924453735 0.4764063060283661 0.006579071283340454 0.006907999515533447
0 0.5019832253456116 0.48701512813568115 0.023026734590530396 0.03207305073738098
0 0.26579412817955017 0.500831127166748 0.020395100116729736 0.0246715247631073
0 0.5105352401733398 0.4939231276512146 0.023026704788208008 0.027632027864456177
0 0.4516526460647583 0.48158738017082214 0.011842310428619385 0.020724058151245117
0 0.3881646990776062 0.48158738017082214 0.006579071283340454 0.010855436325073242
0 0.5217196941375732 0.4993508458137512 0.02401357889175415 0.03305980563163757
0 0.5368515253067017 0.5092194080352783 0.03980332612991333 0.04292839765548706
0 0.4368497431278229 0.48948225378990173 0.01644766330718994 0.020724058151245117
0 0.3062553405761719 0.500831127166748 0.03388217091560364 0.03157949447631836
0 0.41842836141586304 0.4771465063095093 0.002631634473800659 0.005427718162536621
0 0.10131756216287613 0.5284631848335266 0.10033069550991058 0.08684360980987549
0 0.46645551919937134 0.48010706901550293 0.01940825581550598 0.019243746995925903
0 0.34712809324264526 0.4804772138595581 0.016036421060562134 0.011225581169128418
0 0.21470174193382263 0.509876012802124 0.05975852906703949 0.032567113637924194
0 0.3266504406929016 0.49096256494522095 0.02039507031440735 0.023684650659561157
0 0.5483648777008057 0.4786267876625061 0.0026316046714782715 0.009868592023849487
0 0.3881646990776062 0.48158735036849976 0.007236987352371216 0.008388310670852661
0 0.4940876066684723 0.48553481698036194 0.00822383165359497 0.020724058151245117
0 0.018174659460783005 0.5338909029960632 0.03634931892156601 0.04983639717102051
0 0.36250627040863037 0.48553478717803955 0.009210675954818726 0.016530007123947144
0 0.5355356931686401 0.4825742244720459 0.019408226013183594 0.015296310186386108
0 0.4075729250907898 0.48010706901550293 0.012829184532165527 0.009868592023849487
0 0.49310076236724854 0.48010706901550293 0.010197550058364868 0.015296310186386108
0 0.47204774618148804 0.52303546667099 0.05329039692878723 0.06759989261627197
0 0.2824063301086426 0.4993506073951721 0.028125464916229248 0.02837216854095459
0 0.24539902806282043 0.5047785639762878 0.02401357889175415 0.03157949447631836
0 0.48739564418792725 0.47632354497909546 0.016447633504867554 0.0162828266620636
0 0.06611958146095276 0.5185946226119995 0.031250543892383575 0.03700721263885498
0 0.29901838302612305 0.48701509833335876 0.012829184532165527 0.006907999515533447
0 0.44145509600639343 0.4840545356273651 0.017434537410736084 0.02368462085723877
0 0.2838858366012573 0.48911237716674805 0.01792779564857483 0.010115832090377808
0 0.24474111199378967 0.5077391862869263 0.012829169631004333 0.024671494960784912
0 0.416780948638916 0.47763919830322266 0.0039476752281188965 0.008388310670852661
0 0.42994174361228943 0.49688369035720825 0.02401357889175415 0.03157949447631836
0 0.338492751121521 0.4825742244720459 0.006579071283340454 0.008388310670852661
0 0.18947699666023254 0.5077391266822815 0.035855889320373535 0.029112309217453003
0 0.394809752702713 0.4900745153427124 0.0157240629196167 0.020329445600509644
0 0.40932780504226685 0.47665297985076904 0.01315799355506897 0.010197609663009644
0 0.349677175283432 0.48948225378990173 0.023026704788208008 0.020724058151245117
0 0.37352612614631653 0.4931827783584595 0.027138590812683105 0.03157949447631836
0 0.3579009771347046 0.48158735036849976 0.0055921971797943115 0.008388310670852661
0 0.2539518177509308 0.5023114085197449 0.018421366810798645 0.02615177631378174
1 0.596392035484314 0.4944165349006653 0.010197579860687256 0.03700721263885498
0 0.34869033098220825 0.5560952425003052 0.09013316035270691 0.09227132797241211
0 0.3094354569911957 0.48356127738952637 0.01644766330718994 0.009210854768753052
0 0.4654686748981476 0.4840545058250427 0.017434537410736084 0.017763465642929077
0 0.34145334362983704 0.4993508458137512 0.03223741054534912 0.02911233901977539
0 0.47204774618148804 0.48701509833335876 0.02664521336555481 0.015296339988708496
0 0.20373190939426422 0.637346625328064 0.2229205071926117 0.24375420808792114
0 0.15460796654224396 0.5116865634918213 0.020395100116729736 0.030592650175094604
