0 0.49145597219467163 0.5042851567268372 0.006907999515533447 0.010362029075622559
0 0.3898094594478607 0.4983639717102051 0.011513352394104004 0.010361999273300171
0 0.5434305667877197 0.5042851567268372 0.011513352394104004 0.014309436082839966
0 0.43915241956710815 0.4939231276512146 0.011513352394104004 0.014309436082839966
0 0.4817701578140259 0.4971578121185303 0.006908029317855835 0.010361999273300171
0 0.5457332134246826 0.4973771274089813 0.006907999515533447 0.0029605627059936523
0 0.42204686999320984 0.49639028310775757 0.00822383165359497 0.00296059250831604
0 0.4845479428768158 0.509712815284729 0.011513352394104004 0.017270028591156006
0 0.3713880777359009 0.5023114085197449 0.011513352394104004 0.010361999273300171
0 0.5256670713424683 0.5052720308303833 0.011513352394104004 0.013816028833389282
0 0.35691413283348083 0.5042851567268372 0.011513352394104004 0.0029605627059936523
0 0.7178579568862915 0.6376345157623291 0.1467953324317932 0.13754349946975708
0 0.39671748876571655 0.52303546667099 0.032895296812057495 0.038980960845947266
0 0.19342443346977234 0.5664572715759277 0.11381779611110687 0.10806107521057129
0 0.45658695697784424 0.4899756908416748 0.008881717920303345 0.010362029075622559
0 0.4617186188697815 0.4939231276512146 0.003947466611862183 0.003750056028366089
0 0.3246767520904541 0.503298282623291 0.0019737184047698975 0.012335747480392456
0 0.4667844772338867 0.4919493794441223 0.006908029317855835 0.012335747480392456
0 0.5084419250488281 0.49818456172943115 0.009300410747528076 0.010362029075622559
0 0.41250723600387573 0.49737709760665894 0.006908029317855835 0.010361999273300171
0 0.4743503928184509 0.49639028310775757 0.015131860971450806 0.024671465158462524
0 0.5085614919662476 0.5042851567268372 0.009539663791656494 0.010362029075622559
