0 0.5625098943710327 0.4648107588291168 0.011184394359588623 0.012829184532165527
0 0.5582334399223328 0.46234363317489624 0.017763495445251465 0.022697776556015015
0 0.3457297384738922 0.5195814371109009 0.05690890550613403 0.06858676671981812
0 0.5839564800262451 0.4921485185623169 0.04710531234741211 0.05605292320251465
0 0.3167818784713745 0.5477069616317749 0.06118527054786682 0.07154726982116699
0 0.5708972215652466 0.4783809185028076 0.017763495445251465 0.022697746753692627
0 0.4713898301124573 0.46629106998443604 0.013487100601196289 0.016776591539382935
0 0.5445809364318848 0.46234360337257385 0.00888139009475708 0.01455533504486084
1 0.4204021096229553 0.4771465063095093 0.01085546612739563 0.025658369064331055
0 0.5947472453117371 0.5388252139091492 0.005921125411987305 0.019243717193603516
0 0.5617695450782776 0.4723373055458069 0.017763495445251465 0.023067593574523926
0 0.6431033611297607 0.536358118057251 0.10625183582305908 0.14260119199752808
0 0.37492579221725464 0.49404820799827576 0.060198426246643066 0.05871814489364624
0 0.24638588726520538 0.573365330696106 0.10625186562538147 0.12089031934738159
0 0.15131843090057373 0.6232017278671265 0.13421288132667542 0.15296322107315063
0 0.5470490455627441 0.4648107588291168 0.01019752025604248 0.010362029075622559
1 0.42763906717300415 0.4823289215564728 0.006579071283340454 0.024177491664886475
0 0.5899751782417297 0.5009569525718689 0.0420231819152832 0.05662015080451965
0 0.5338886976242065 0.4629451334476471 0.015131831169128418 0.021812260150909424
0 0.931586503982544 0.5531346797943115 0.1368269920349121 0.124837726354599
0 0.5448551177978516 0.4866880774497986 0.023575901985168457 0.027469009160995483
0 0.06381691247224808 0.7095519304275513 0.12664695084095 0.21661561727523804
0 0.46048712730407715 0.47954657673835754 0.019831329584121704 0.026645183563232422
0 0.46645551919937134 0.4751727879047394 0.015131860971450806 0.020230591297149658
0 0.4970470666885376 0.4670320451259613 0.017763495445251465 0.02146279811859131
0 0.46974506974220276 0.4712253510951996 0.015131831169128418 0.020230591297149658
