0 0.33355847001075745 0.5314237475395203 0.019408226013183594 0.01825690269470215
0 0.3322426676750183 0.5185946226119995 0.005263239145278931 0.0049343109130859375
0 0.40494129061698914 0.5195814371109009 0.00789487361907959 0.012829124927520752
0 0.42566534876823425 0.5176077485084534 0.003289520740509033 0.005921125411987305
0 0.13158124685287476 0.5245157480239868 0.010526508092880249 0.006907999515533447
0 0.4996798038482666 0.5358646512031555 0.08848837018013 0.15987122058868408
0 0.23421461880207062 0.5215551853179932 0.009868592023849487 0.003947436809539795
0 0.4305996298789978 0.5185946226119995 0.003289550542831421 0.003947436809539795
0 0.4365208148956299 0.5185946226119995 0.008552759885787964 0.00789487361907959
0 0.1766478270292282 0.5235289335250854 0.010526508092880249 0.00592118501663208
0 0.3829014301300049 0.5274763107299805 0.014802902936935425 0.01381605863571167
0 0.40855979919433594 0.5240223407745361 0.013816028833389282 0.016776621341705322
0 0.38750678300857544 0.5151405930519104 0.009210705757141113 0.006908059120178223
0 0.3898094594478607 0.5259960889816284 0.003289520740509033 0.006414592266082764
0 0.2542807459831238 0.5195814371109009 0.009868592023849487 0.004934251308441162
0 0.30625537037849426 0.5171143412590027 0.012171268463134766 0.00789487361907959
0 0.4210599958896637 0.5195814371109009 0.008552789688110352 0.0098685622215271
0 0.4171125590801239 0.5195814371109009 0.003289520740509033 0.004934251308441162
