0 0.5759969353675842 0.6044513583183289 0.17335832118988037 0.08338963985443115
0 0.0989326536655426 0.5694178342819214 0.1978653073310852 0.24326083064079285
0 0.6898146867752075 0.5506675243377686 0.02631622552871704 0.030592679977416992
1 0.7592238187789917 0.5738587379455566 0.015460789203643799 0.049342989921569824
1 0.9227126836776733 0.6454060673713684 0.0552639365196228 0.17566096782684326
0 0.7546184659004211 0.5560952425003052 0.04342186450958252 0.07993561029434204
1 0.7240258455276489 0.5422792434692383 0.0049343109130859375 0.023191213607788086
1 0.05131668597459793 0.6463928818702698 0.042763903737068176 0.16431212425231934
0 0.7013280391693115 0.5482003688812256 0.029276788234710693 0.02368462085723877
0 0.6358664035797119 0.5560952425003052 0.043421804904937744 0.03602033853530884
