0 0.4253358840942383 0.5573357343673706 0.04177704453468323 0.05032986402511597
0 0.5049430131912231 0.5324106216430664 0.0098685622215271 0.012829184532165527
0 0.6700775027275085 0.5176077485084534 0.035855889320373535 0.010362029075622559
0 0.7710661292076111 0.5176077485084534 0.02993476390838623 0.008881688117980957
0 0.49737709760665894 0.5245157480239868 0.008552759885787964 0.009868621826171875
0 0.392441064119339 0.620241105556488 0.10789662599563599 0.12779831886291504
0 0.2634933590888977 0.5923656225204468 0.08700689673423767 0.08091956377029419
0 0.49507445096969604 0.5812602043151855 0.061843156814575195 0.08240276575088501
0 0.3842172622680664 0.5324106216430664 0.016447633504867554 0.008881747722625732
0 0.4440852701663971 0.5267423391342163 0.006249606609344482 0.007400035858154297
0 0.43717873096466064 0.5269829034805298 0.005921155214309692 0.006414532661437988
0 0.4098756015300751 0.5412923693656921 0.008552789688110352 0.018750309944152832
0 0.3539535701274872 0.5299434661865234 0.008552789688110352 0.012829184532165527
0 0.8457384705543518 0.5185946226119995 0.08519887924194336 0.012829184532165527
0 0.4615212380886078 0.5319172143936157 0.013158142566680908 0.017763495445251465
0 0.4723767042160034 0.5319172143936157 0.008552759885787964 0.012335777282714844
0 0.3937568962574005 0.5269829034805298 0.01644766330718994 0.008388280868530273
0 0.937343180179596 0.5437595248222351 0.1253136396408081 0.11003482341766357
0 0.49342966079711914 0.5398120880126953 0.02072402834892273 0.008388280868530273
0 0.4838895797729492 0.5210689902305603 0.014967113733291626 0.033553242683410645
0 0.4727056622505188 0.5245157480239868 0.006579071283340454 0.005921125411987305
