0 0.05361936241388321 0.46777135133743286 0.06085633113980293 0.0345400869846344
0 0.14367049932479858 0.7305217981338501 0.28734099864959717 0.2822415232658386
1 0.7986981868743896 0.5324106216430664 0.016118645668029785 0.04292839765548706
0 0.0345400795340538 0.8866021633148193 0.0690801590681076 0.22679567337036133
1 0.1757345199584961 0.4644816517829895 0.015460953116416931 0.029112577438354492
0 0.2888210415840149 0.636523962020874 0.1605282425880432 0.18059486150741577
1 0.24806061387062073 0.4976911246776581 0.012500226497650146 0.06118530035018921
1 0.30493953824043274 0.48553481698036194 0.011513352394104004 0.04835611581802368
1 0.292439341545105 0.4825742542743683 0.011513382196426392 0.04292839765548706
1 0.2401357889175415 0.47961366176605225 0.012500211596488953 0.041448116302490234
0 0.774073600769043 0.5599016547203064 0.054324209690093994 0.061537742614746094
1 0.7755067348480225 0.5279697179794312 0.012829124927520752 0.030099213123321533
0 0.19582125544548035 0.48955270648002625 0.0770689845085144 0.04356271028518677
1 0.6708996295928955 0.512426495552063 0.01101982593536377 0.03626668453216553
1 0.7817898988723755 0.5246144533157349 0.005789637565612793 0.030099213123321533
0 0.7946844100952148 0.5654698610305786 0.07427746057510376 0.06098783016204834
0 0.35740768909454346 0.5050250291824341 0.020394891500473022 0.032565951347351074
1 0.8177775144577026 0.5151405930519104 0.004605352878570557 0.009868621826171875
0 0.6190076470375061 0.5092194080352783 0.01110219955444336 0.030592620372772217
0 0.7560988068580627 0.5556018352508545 0.034211158752441406 0.056744396686553955
0 0.771651029586792 0.5269829034805298 0.011842310428619385 0.013706564903259277
0 0.8177773356437683 0.5728718042373657 0.050823211669921875 0.04860275983810425
0 0.32796603441238403 0.5743494629859924 0.08355307579040527 0.09769487380981445
0 0.8579097986221313 0.5921156406402588 0.04704028367996216 0.07450789213180542
1 0.31250548362731934 0.48948225378990173 0.010526508092880249 0.0325663685798645
0 0.491784930229187 0.5341376662254333 0.2602018415927887 0.4352048635482788
0 0.7291477918624878 0.5302249789237976 0.08830022811889648 0.04645276069641113
0 0.09737037867307663 0.4759126901626587 0.08996857702732086 0.046875834465026855
1 0.6437612771987915 0.5097125768661499 0.008552789688110352 0.03700721263885498
0 0.7760003805160522 0.5176076889038086 0.025987327098846436 0.024671494960784912
1 0.2345435917377472 0.5250091552734375 0.03125055134296417 0.09128448367118835
0 0.9348485469818115 0.6051086783409119 0.13030284643173218 0.12549519538879395
0 0.013240265659987926 0.4638237953186035 0.026480531319975853 0.04144808650016785
1 0.34671658277511597 0.5037916898727417 0.020066142082214355 0.04687580466270447
0 0.8292908668518066 0.5699112415313721 0.07763296365737915 0.0828961730003357
1 0.6542877554893494 0.5060117244720459 0.006579041481018066 0.030099183320999146
1 0.0845409482717514 0.4500078558921814 0.008552782237529755 0.02417805790901184
0 0.982820987701416 0.644912600517273 0.034358084201812744 0.10658085346221924
1 0.6643209457397461 0.502311110496521 0.006085753440856934 0.018750369548797607
