0 0.5496807098388672 0.5329040884971619 0.021381914615631104 0.03157949447631836
0 0.3313380777835846 0.5444996356964111 0.030099213123321533 0.06587284803390503
0 0.5398120880126953 0.5293515920639038 0.013815999031066895 0.027632057666778564
1 0.542772650718689 0.5161274671554565 0.0049343109130859375 0.011348903179168701
0 0.3912348747253418 0.5316704511642456 0.02900269627571106 0.04597121477127075
0 0.9355427026748657 0.5491872429847717 0.0960543155670166 0.10213994979858398
1 0.3669472932815552 0.5166208744049072 0.002631634473800659 0.003947436809539795
0 0.591457724571228 0.5422792434692383 0.053619384765625 0.06661301851272583
0 0.37089478969573975 0.5390720367431641 0.036513686180114746 0.04761606454849243
0 0.40855979919433594 0.5284631848335266 0.022039860486984253 0.03454005718231201
0 0.5526412725448608 0.5353711843490601 0.011184394359588623 0.03454011678695679
0 0.3532956540584564 0.5422792434692383 0.03223741054534912 0.05279695987701416
0 0.28947898745536804 0.5472134947776794 0.07592231035232544 0.08240270614624023
1 0.784224271774292 0.5501741170883179 0.025329411029815674 0.09276479482650757
0 0.6130038499832153 0.5556015968322754 0.06266534328460693 0.06981998682022095
0 0.56843101978302 0.5353711843490601 0.037829577922821045 0.04983639717102051
1 0.6719191074371338 0.5468186140060425 0.022730648517608643 0.0918763279914856
