1 0.8572518825531006 0.5388252139091492 0.018750369548797607 0.07648158073425293
0 0.4095466434955597 0.5324106216430664 0.034046709537506104 0.031086087226867676
1 0.5937603712081909 0.8013297915458679 0.10789662599563599 0.3962240219116211
1 0.6694196462631226 0.5228712558746338 0.010197579860687256 0.039474427700042725
1 0.6749018430709839 0.5251747965812683 0.009650051593780518 0.043587446212768555
1 0.09276477992534637 0.5758324265480042 0.024671480059623718 0.10460710525512695
0 0.4961596131324768 0.49609431624412537 0.005296260118484497 0.02348870038986206
0 0.4245145916938782 0.56843101978302 0.07499852776527405 0.08980423212051392
0 0.5759968757629395 0.52303546667099 0.011842310428619385 0.03157949447631836
1 0.544525146484375 0.5130026340484619 0.010197579860687256 0.022533535957336426
1 0.9694268703460693 0.5763235092163086 0.02927720546722412 0.11274176836013794
0 0.6072474718093872 0.5078269243240356 0.05690884590148926 0.08148172497749329
1 0.6617714166641235 0.5250914096832275 0.012829184532165527 0.03811746835708618
0 0.46586114168167114 0.5497143268585205 0.027239590883255005 0.057271480560302734
1 0.6908646821975708 0.5299434661865234 0.013957083225250244 0.04953104257583618
1 0.13585764169692993 0.570898175239563 0.022039860486984253 0.0828961730003357
1 0.8036324977874756 0.5146471858024597 0.024671494960784912 0.03947439789772034
1 0.34137898683547974 0.5423791408538818 0.01611870527267456 0.04954272508621216
1 0.687873363494873 0.5144014358520508 0.005724132061004639 0.03153163194656372
1 0.30066317319869995 0.7732043266296387 0.09013316035270691 0.41004008054733276
1 0.1496736705303192 0.56843101978302 0.01875033974647522 0.08141589164733887
1 0.7727115154266357 0.5306808948516846 0.01611870527267456 0.054025888442993164
1 0.622708261013031 0.7238613367080688 0.06973803043365479 0.31579500436782837
1 0.8050148487091064 0.5388252139091492 0.026316285133361816 0.08862042427062988
1 0.6532957553863525 0.552914023399353 0.021714508533477783 0.07135790586471558
1 0.3743121027946472 0.5338909029960632 0.010197550058364868 0.03947436809539795
1 0.8845549821853638 0.5565886497497559 0.024671494960784912 0.09572535753250122
1 0.682907223701477 0.5238993167877197 0.010444462299346924 0.04255884885787964
0 0.47928470373153687 0.5047785639762878 0.033224284648895264 0.04144808650016785
1 0.05613786727190018 0.579779863357544 0.028947874903678894 0.11678063869476318
1 0.7098792195320129 0.5109479427337646 0.009703516960144043 0.016776561737060547
1 0.477925181388855 0.5121800303459167 0.2492367923259735 0.08269897103309631
1 0.7408024072647095 0.5210617780685425 0.021381914615631104 0.039474427700042725
0 0.7717240452766418 0.6384980082511902 0.30822908878326416 0.1958916187286377
1 0.7079070806503296 0.5146471261978149 0.01611870527267456 0.028125464916229248
1 0.6417877078056335 0.5155354142189026 0.009210586547851562 0.03454020619392395
1 0.6559325456619263 0.5146471858024597 0.01019752025604248 0.026154160499572754
1 0.6404716968536377 0.5296474695205688 0.009210646152496338 0.03700721263885498
0 0.2539518177509308 0.5477069616317749 0.1325681209564209 0.15049603581428528
