0 0.8611992597579956 0.5482003688812256 0.04144805669784546 0.03404664993286133
0 0.15625274181365967 0.5452398061752319 0.007894888520240784 0.016776561737060547
0 0.21020105481147766 0.5753390192985535 0.16677923500537872 0.22500395774841309
0 0.42369163036346436 0.5368515253067017 0.010855436325073242 0.012335717678070068
0 0.07730398327112198 0.6883344054222107 0.15263424813747406 0.4401392936706543
1 0.4044809639453888 0.5437595248222351 0.016447484493255615 0.04006636142730713
0 0.9059368968009949 0.525502622127533 0.02138197422027588 0.008881688117980957
0 0.9325821399688721 0.5511609315872192 0.040132224559783936 0.04983645677566528
0 0.9585694074630737 0.5294500589370728 0.012829184532165527 0.008881688117980957
0 0.3016500174999237 0.5511609315872192 0.03519797325134277 0.033059775829315186
0 0.6247926354408264 0.5485295057296753 0.04605424404144287 0.08092302083969116
0 0.9773197174072266 0.5205683708190918 0.017434537410736084 0.003947436809539795
0 0.9200818538665771 0.525502622127533 0.021381914615631104 0.00789487361907959
0 0.8539623022079468 0.5324106216430664 0.02598726749420166 0.00789487361907959
0 0.2361883521080017 0.5654704570770264 0.07072491943836212 0.0750012993812561
0 0.9791202545166016 0.5491872429847717 0.04175955057144165 0.061185240745544434
1 0.7508354783058167 0.5654704570770264 0.020066142082214355 0.07549470663070679
0 0.8773180246353149 0.5333974957466125 0.02401357889175415 0.01578974723815918
1 0.2766495943069458 0.5842207670211792 0.012171238660812378 0.0212174654006958
0 0.47040295600891113 0.5141537189483643 0.02072402834892273 0.031086057424545288
0 0.5304917693138123 0.6260524988174438 0.1039491593837738 0.11792969703674316
0 0.9006736278533936 0.5452398061752319 0.04539555311203003 0.038980960845947266
0 0.45888960361480713 0.5363580584526062 0.005263239145278931 0.013815999031066895
0 0.5836725234985352 0.5284631848335266 0.036623477935791016 0.027796506881713867
0 0.15066052973270416 0.5491872429847717 0.014144986867904663 0.02911233901977539
1 0.16645027697086334 0.6005039215087891 0.038158565759658813 0.12434428930282593
0 0.34276914596557617 0.5383317470550537 0.006579071283340454 0.003947436809539795
0 0.4115203619003296 0.536358118057251 0.012171268463134766 0.016776621341705322
0 0.5496806502342224 0.5412923693656921 0.020066142082214355 0.023191213607788086
0 0.9546219706535339 0.5472135543823242 0.01743447780609131 0.033059775829315186
0 0.929950475692749 0.531423807144165 0.027961015701293945 0.01381605863571167
0 0.37961190938949585 0.5491872429847717 0.049342989921569824 0.04194152355194092
0 0.5029693245887756 0.5072457194328308 0.029934734106063843 0.045888930559158325
0 0.537838339805603 0.5269829034805298 0.026645183563232422 0.038980960845947266
0 0.4861927032470703 0.5452398061752319 0.023355692625045776 0.03602039813995361
0 0.47369250655174255 0.5363580584526062 0.012829184532165527 0.01578974723815918
0 0.4419485032558441 0.537838339805603 0.008717238903045654 0.012582480907440186
0 0.5151405930519104 0.5634967088699341 0.06677746772766113 0.0730276107788086
0 0.18026632070541382 0.5442529320716858 0.007236972451210022 0.010855436325073242
0 0.4344373941421509 0.5373449325561523 0.01118442416191101 0.011294126510620117
