0 0.7664607763290405 0.5432660579681396 0.00789487361907959 0.00592118501663208
0 0.1809242069721222 0.5605361461639404 0.04671134054660797 0.046875834465026855
0 0.3167818784713745 0.5501741170883179 0.025987297296524048 0.02713865041732788
0 0.39638853073120117 0.5644835233688354 0.029934734106063843 0.03207296133041382
0 0.08914630115032196 0.5225419998168945 0.030263684689998627 0.016776621341705322
0 0.24539902806282043 0.5615229606628418 0.04013228416442871 0.037007272243499756
0 0.029276827350258827 0.5531346797943115 0.058553654700517654 0.03207290172576904
0 0.7723819017410278 0.5452398061752319 0.00592118501663208 0.0049343109130859375
0 0.4829031825065613 0.5556018352508545 0.020066142082214355 0.020230650901794434
0 0.44902101159095764 0.5556018352508545 0.025329411029815674 0.031086087226867676
0 0.4822452664375305 0.5373449325561523 0.005263239145278931 0.005921125411987305
0 0.028947874903678894 0.5832338333129883 0.05789574980735779 0.07993561029434204
