0 0.4194152355194092 0.5412923693656921 0.057237863540649414 0.038980960845947266
0 0.9344648122787476 0.5664572715759277 0.1310703158378601 0.1075676679611206
0 0.13322600722312927 0.5595492720603943 0.04079018533229828 0.0424349308013916
0 0.33520323038101196 0.5240223407745361 0.041119158267974854 0.022204339504241943
0 0.3213872015476227 0.5630033016204834 0.04835611581802368 0.05575758218765259
0 0.05394831299781799 0.5896484851837158 0.07204073667526245 0.07944214344024658
0 0.8366835117340088 0.7682700157165527 0.3266329765319824 0.32072925567626953
0 0.37040120363235474 0.5713915824890137 0.08059349656105042 0.08388304710388184
0 0.8325803279876709 0.574845552444458 0.14967364072799683 0.09375160932540894
0 0.40691500902175903 0.5279697775840759 0.08947524428367615 0.03207290172576904
