0 0.6164581775665283 0.488495409488678 0.026645243167877197 0.024671465158462524
0 0.6908015608787537 0.5131669044494629 0.040461182594299316 0.049836426973342896
0 0.7167888879776001 0.5215551853179932 0.0523034930229187 0.0577312707901001
0 0.28520235419273376 0.5906352996826172 0.12138371169567108 0.11842316389083862
0 0.18125316500663757 0.6330702900886536 0.20329302549362183 0.1667792797088623
0 0.599681556224823 0.5023114681243896 0.005592226982116699 0.01924377679824829
1 0.3858620226383209 0.49885743856430054 0.00822383165359497 0.04736927151679993
0 0.6134315729141235 0.5047785639762878 0.026645183563232422 0.03187549114227295
0 0.8151458501815796 0.533890962600708 0.059869468212127686 0.04835611581802368
1 0.7799478769302368 0.5067523121833801 0.013487100601196289 0.03157952427864075
1 0.4421130120754242 0.48750853538513184 0.00822383165359497 0.028125524520874023
1 0.4276390075683594 0.4902225136756897 0.010855376720428467 0.022697776556015015
0 0.5923347473144531 0.5106996297836304 0.01019752025604248 0.006907999515533447
0 0.5729538202285767 0.5019413828849792 0.027878761291503906 0.03157949447631836
0 0.5858654975891113 0.5116865634918213 0.0026316046714782715 0.008388340473175049
0 0.6763275861740112 0.500831127166748 0.011842310428619385 0.017763465642929077
1 0.28750503063201904 0.512179970741272 0.020395100116729736 0.03848749399185181
0 0.49589651823043823 0.49318310618400574 0.009210675954818726 0.01924377679824829
1 0.34901925921440125 0.500831127166748 0.015131831169128418 0.04046127200126648
0 0.4305996298789978 0.5822470188140869 0.13881823420524597 0.16973981261253357
0 0.9515703916549683 0.5600427389144897 0.09685921669006348 0.09523195028305054
0 0.06019842252135277 0.6898146867752075 0.12039684504270554 0.2551031708717346
0 0.521554708480835 0.5116865634918213 0.04556012153625488 0.062172144651412964
0 0.5526410341262817 0.5052720904350281 0.00748366117477417 0.010731786489486694
0 0.6486955881118774 0.5215551853179932 0.05888265371322632 0.07056045532226562
1 0.9638326168060303 0.5052720308303833 0.0098685622215271 0.014802873134613037
0 0.3460586667060852 0.560042679309845 0.0615142285823822 0.08141589164733887
0 0.48460257053375244 0.5047785639762878 0.03157946467399597 0.03898093104362488
1 0.4355335533618927 0.48750853538513184 0.00822383165359497 0.022697746753692627
