0 0.2792811989784241 0.5842207670211792 0.06842224299907684 0.08338963985443115
1 0.8891602754592896 0.5200749039649963 0.0049343109130859375 0.028618931770324707
0 0.12722262740135193 0.5585623979568481 0.25444525480270386 0.273360013961792
0 0.7756714820861816 0.5245157480239868 0.027632057666778564 0.0325663685798645
1 0.8602124452590942 0.5506675243377686 0.015460789203643799 0.054770708084106445
0 0.8519885540008545 0.531423807144165 0.045724451541900635 0.08536332845687866
1 0.8138300180435181 0.5171142816543579 0.011184394359588623 0.03355318307876587
0 0.8881734609603882 0.5102062821388245 0.0029606223106384277 0.010362029075622559
1 0.818764328956604 0.5106997489929199 0.0049343109130859375 0.012829184532165527
1 0.012089027091860771 0.6444191932678223 0.024178054183721542 0.1771412491798401
0 0.788171648979187 0.5210617780685425 0.029276788234710693 0.023684680461883545
0 0.7230389714241028 0.5324106216430664 0.04506659507751465 0.03700721263885498
