1 0.5360840559005737 0.5153050422668457 0.009539663791656494 0.047040343284606934
0 0.47599518299102783 0.5037916898727417 0.014474064111709595 0.027632057666778564
1 0.5534084439277649 0.5047787427902222 0.006688714027404785 0.03832295536994934
0 0.33355847001075745 0.5393186807632446 0.05559307336807251 0.03602033853530884
0 0.19704292714595795 0.5363580584526062 0.08158037066459656 0.05032980442047119
0 0.38349008560180664 0.5003377199172974 0.024238646030426025 0.010362029075622559
0 0.30263686180114746 0.5156340599060059 0.02072402834892273 0.014309465885162354
0 0.2993473410606384 0.5526412725448608 0.0460534393787384 0.04243499040603638
0 0.45987647771835327 0.5176077485084534 0.02401357889175415 0.037994056940078735
0 0.29309722781181335 0.5259960889816284 0.03289532661437988 0.02171093225479126
0 0.35888785123825073 0.5363580584526062 0.04309284687042236 0.03996777534484863
0 0.33355847001075745 0.5097128748893738 0.017763495445251465 0.012335777282714844
0 0.3246767520904541 0.5190880298614502 0.0289478600025177 0.011348843574523926
0 0.7302759289741516 0.48158738017082214 0.04671132564544678 0.018750309944152832
0 0.5085615515708923 0.5013245344161987 0.04868507385253906 0.08240276575088501
1 0.5907998085021973 0.5210617780685425 0.01644766330718994 0.06365245580673218
0 0.15526586771011353 0.5333974361419678 0.012500211596488953 0.014309465885162354
1 0.5579046010971069 0.5133312940597534 0.012719511985778809 0.053619444370269775
0 0.47007399797439575 0.5126734375953674 0.010197550058364868 0.036020368337631226
0 0.3822435140609741 0.5003377199172974 0.023355692625045776 0.010362029075622559
0 0.142107754945755 0.5373449325561523 0.02269776165485382 0.012335777282714844
0 0.6315900087356567 0.5106997489929199 0.02401357889175415 0.019737184047698975
0 0.3766513168811798 0.5324106216430664 0.03157949447631836 0.04736924171447754
0 0.06921689212322235 0.6572487354278564 0.1384337842464447 0.20822787284851074
0 0.36776959896087646 0.5003377199172974 0.008881747722625732 0.006414562463760376
0 0.3424401879310608 0.6320834159851074 0.1384892761707306 0.15049606561660767
0 0.4231433868408203 0.5370159149169922 0.06962841749191284 0.09111997485160828
0 0.23454329371452332 0.5837274789810181 0.13081400096416473 0.13700920343399048
0 0.12785260379314423 0.5830695629119873 0.09638350456953049 0.08766621351242065
