0 0.25460970401763916 0.5077391266822815 0.04243496060371399 0.03898093104362488
0 0.9621791839599609 0.5881681442260742 0.0756416916847229 0.12187713384628296
1 0.7240258455276489 0.56843101978302 0.033882200717926025 0.15296319127082825
0 0.7812636494636536 0.49096253514289856 0.06447482109069824 0.03602033853530884
0 0.3993490934371948 0.4840545356273651 0.007236957550048828 0.003947436809539795
1 0.7036307454109192 0.5580689907073975 0.03157949447631836 0.14901578426361084
0 0.874355137348175 0.5584380626678467 0.14572548866271973 0.10325002670288086
0 0.41053348779678345 0.488495409488678 0.011842310428619385 0.015296310186386108
0 0.3056788742542267 0.5077391266822815 0.02516496181488037 0.03083941340446472
0 0.4032965302467346 0.4993508458137512 0.023026704788208008 0.02615177631378174
0 0.3865199089050293 0.488495409488678 0.010197550058364868 0.012335747480392456
0 0.9085685014724731 0.4840545058250427 0.05888265371322632 0.02911236882209778
0 0.15263426303863525 0.503298282623291 0.021053001284599304 0.012335747480392456
1 0.835211992263794 0.4791202247142792 0.008552789688110352 0.012829184532165527
0 0.40691500902175903 0.48306766152381897 0.007236957550048828 0.005427718162536621
0 0.3763223886489868 0.49688369035720825 0.02138194441795349 0.024671465158462524
1 0.6978397965431213 0.5093177556991577 0.009671449661254883 0.02911236882209778
0 0.32928207516670227 0.5106997489929199 0.033224284648895264 0.03750064969062805
0 0.41415199637413025 0.48553481698036194 0.00822383165359497 0.010855436325073242
0 0.4095466434955597 0.4939231276512146 0.014802873134613037 0.020724058151245117
0 0.8506727814674377 0.5422792434692383 0.17796361446380615 0.10115307569503784
0 0.7572500705718994 0.5506675243377686 0.022039830684661865 0.02911233901977539
0 0.9510034918785095 0.4954034090042114 0.06644856929779053 0.030592650175094604
0 0.4039544463157654 0.4648107588291168 0.004605352878570557 0.005427718162536621
0 0.9792025089263916 0.4786267876625061 0.04159504175186157 0.07352101802825928
0 0.7519868612289429 0.48553478717803955 0.007236957550048828 0.009868592023849487
0 0.12829171121120453 0.5092194080352783 0.032237403094768524 0.01924377679824829
0 0.8542913198471069 0.49096256494522095 0.07565921545028687 0.03157952427864075
0 0.16973981261253357 0.5106997489929199 0.03125053644180298 0.024671494960784912
0 0.8236986398696899 0.4899756908416748 0.01644766330718994 0.015296310186386108
0 0.9262410402297974 0.5674441456794739 0.14751797914505005 0.11496913433074951
0 0.799027144908905 0.48701509833335876 0.03782963752746582 0.033059775829315186
1 0.6602089405059814 0.5477069616317749 0.01776343584060669 0.1287851631641388
0 0.13758082687854767 0.5464742183685303 0.06702525168657303 0.07475548982620239
0 0.19375339150428772 0.4993508458137512 0.030592650175094604 0.017763495445251465
0 0.2572413384914398 0.5812602043151855 0.11348883807659149 0.11496907472610474
0 0.5358646512031555 0.5200749039649963 0.24441218376159668 0.3942503035068512
0 0.2039509415626526 0.5521478056907654 0.0921068787574768 0.09671223163604736
1 0.6806040406227112 0.56843101978302 0.027961015701293945 0.1361865997314453
0 0.22434602677822113 0.500831127166748 0.02401357889175415 0.015296310186386108
0 0.40033596754074097 0.48701509833335876 0.009210675954818726 0.005427718162536621
0 0.05263250321149826 0.52303546667099 0.035855893045663834 0.03305983543395996
1 0.673695981502533 0.5871813297271729 0.04079020023345947 0.14901578426361084
0 0.38976186513900757 0.4945574402809143 0.015742838382720947 0.014661997556686401
0 0.3460586667060852 0.4993508458137512 0.017434507608413696 0.017763495445251465
0 0.2381620705127716 0.4978705644607544 0.008223816752433777 0.009868621826171875
