0 0.4921138882637024 0.5087260007858276 0.006908029317855835 0.010362029075622559
0 0.5098773241043091 0.4973771274089813 0.004276394844055176 0.003947436809539795
0 0.3075711727142334 0.5106997489929199 0.01644766330718994 0.0029606223106384277
0 0.534548819065094 0.5106997489929199 0.009539604187011719 0.012335717678070068
0 0.18750327825546265 0.5106997489929199 0.02269776165485382 0.014309465885162354
0 0.39874160289764404 0.503298282623291 0.006908029317855835 0.0034160614013671875
0 0.3674588203430176 0.5032402276992798 0.01596316695213318 0.010362029075622559
0 0.48076528310775757 0.503298282623291 0.002631634473800659 0.0029605627059936523
0 0.5407989025115967 0.5106997489929199 0.0019736886024475098 0.010362029075622559
0 0.38586199283599854 0.4973771274089813 0.017105549573898315 0.017270028591156006
0 0.4878374934196472 0.5106997489929199 0.011513352394104004 0.013322591781616211
0 0.5250091552734375 0.5116865634918213 0.01151341199874878 0.014309465885162354
0 0.25066226720809937 0.5116865634918213 0.025987297296524048 0.010362029075622559
0 0.6233661770820618 0.5817536115646362 0.0733565092086792 0.0750012993812561
0 0.4309285879135132 0.5166208744049072 0.022697776556015015 0.025658369064331055
0 0.3837239146232605 0.503298282623291 0.015789777040481567 0.010362029075622559
0 0.3865199089050293 0.5259960293769836 0.032895296812057495 0.038980960845947266
0 0.26020193099975586 0.4973771274089813 0.056908875703811646 0.03799408674240112
0 0.20855627954006195 0.5126734375953674 0.025329381227493286 0.012335777282714844
0 0.4358628988265991 0.4993508458137512 0.00822383165359497 0.012335747480392456
0 0.34507182240486145 0.49639028310775757 0.03486901521682739 0.034046679735183716
0 0.5154695510864258 0.5087260007858276 0.006908059120178223 0.010362029075622559
0 0.47359851002693176 0.4978000521659851 0.015131831169128418 0.017270058393478394
0 0.5023114681243896 0.5106997489929199 0.00822383165359497 0.010362029075622559
