0 0.8210669755935669 0.5467200875282288 0.10065966844558716 0.09276473522186279
1 0.9181081652641296 0.5393186807632446 0.01578974723815918 0.08536332845687866
1 0.8325803279876709 0.5023114681243896 0.00822383165359497 0.011348903179168701
1 0.6381690502166748 0.48504137992858887 0.003618478775024414 0.005427718162536621
1 0.9250161647796631 0.5482003688812256 0.02236884832382202 0.11250194907188416
0 0.6236951351165771 0.5047785639762878 0.02401357889175415 0.037500619888305664
1 0.9829119443893433 0.5585623979568481 0.028618931770324707 0.09227132797241211
0 0.17796364426612854 0.5822470188140869 0.10789662599563599 0.11200857162475586
0 0.44474461674690247 0.4692516326904297 0.011184394359588623 0.017763495445251465
1 0.892778754234314 0.542772650718689 0.02236884832382202 0.09227132797241211
0 0.5552728772163391 0.4978705644607544 0.02598726749420166 0.02911236882209778
0 0.46579763293266296 0.45642244815826416 0.011184394359588623 0.009868592023849487
0 0.4944165349006653 0.45247501134872437 0.007236987352371216 0.008388310670852661
1 0.9970569610595703 0.5506675243377686 0.004605352878570557 0.07450789213180542
1 0.3213872015476227 0.4998442530632019 0.011184394359588623 0.04144808650016785
1 0.4648107588291168 0.48750853538513184 0.004605352878570557 0.02368462085723877
0 0.43915241956710815 0.4731990694999695 0.014802873134613037 0.020724058151245117
0 0.5404700040817261 0.4771465063095093 0.10329130291938782 0.05131670832633972
0 0.5111931562423706 0.4924428462982178 0.024013549089431763 0.026151806116104126
1 0.8243565559387207 0.4998442530632019 0.011184394359588623 0.012335747480392456
0 0.6431033611297607 0.5106997489929199 0.030592679977416992 0.04292839765548706
0 0.40691500902175903 0.4939231276512146 0.030592650175094604 0.027632027864456177
0 0.6605378985404968 0.5116865634918213 0.028618931770324707 0.04835611581802368
0 0.24178054928779602 0.5368515253067017 0.08026456832885742 0.04835611581802368
0 0.43356022238731384 0.4786267876625061 0.014802873134613037 0.019243746995925903
0 0.6013263463973999 0.4939231276512146 0.037829577922821045 0.04292836785316467
0 0.47796887159347534 0.45642244815826416 0.022039860486984253 0.01085546612739563
0 0.08125142753124237 0.5674441456794739 0.1615159809589386 0.30592644214630127
0 0.43553394079208374 0.4771465063095093 0.013816028833389282 0.015296339988708496
0 0.44112613797187805 0.4746793508529663 0.007236957550048828 0.015296310186386108
0 0.7158019542694092 0.5023114681243896 0.08848839998245239 0.1189165711402893
1 0.24704378843307495 0.4954034090042114 0.01578974723815918 0.0439152717590332
1 0.645734965801239 0.48306766152381897 0.003618478775024414 0.010362029075622559
0 0.4473762512207031 0.4593830406665802 0.01644766330718994 0.024671494960784912
0 0.4806005358695984 0.457902729511261 0.01118442416191101 0.013816028833389282
0 0.5157985091209412 0.45247501134872437 0.009210705757141113 0.005427747964859009
1 0.3325716257095337 0.48504137992858887 0.004605323076248169 0.020230621099472046
1 0.960709810256958 0.5583159923553467 0.031415462493896484 0.09671264886856079
1 0.4345470666885376 0.49096256494522095 0.00822383165359497 0.023684650659561157
1 0.4473762512207031 0.48750853538513184 0.00822383165359497 0.025658369064331055
0 0.2805970311164856 0.6034644842147827 0.14112088084220886 0.13964062929153442
