0 0.5138248205184937 0.4884953796863556 0.005592167377471924 0.022204339504241943
0 0.4305996298789978 0.48010706901550293 0.009210675954818726 0.006908029317855835
0 0.5243512988090515 0.4894822835922241 0.026645183563232422 0.0345400869846344
0 0.207569420337677 0.5023114085197449 0.03125053644180298 0.010855436325073242
0 0.5309303402900696 0.4993508458137512 0.021052956581115723 0.03305980563163757
0 0.3671116828918457 0.4954034090042114 0.022039860486984253 0.02615177631378174
0 0.591457724571228 0.48553481698036194 0.01019752025604248 0.006907999515533447
0 0.542772650718689 0.503298282623291 0.025000452995300293 0.03700721263885498
0 0.5638256669044495 0.5146471858024597 0.04506659507751465 0.049836426973342896
0 0.45625799894332886 0.48948225378990173 0.016447633504867554 0.022204339504241943
0 0.14539727568626404 0.5324106216430664 0.07269863784313202 0.06069183349609375
0 0.12237055599689484 0.52303546667099 0.03585588186979294 0.03996777534484863
0 0.4250074326992035 0.4786267876625061 0.003618478775024414 0.008388310670852661
0 0.48668643832206726 0.4759119749069214 0.021053016185760498 0.008388310670852661
0 0.32007139921188354 0.4840545058250427 0.017434507608413696 0.008388310670852661
0 0.3615194857120514 0.48701512813568115 0.011842310428619385 0.009868592023849487
0 0.2733600437641144 0.500831127166748 0.03947436809539795 0.030592650175094604
0 0.5950762033462524 0.4840545058250427 0.01644766330718994 0.019243746995925903
0 0.3845462203025818 0.4840545058250427 0.01842138171195984 0.009868592023849487
0 0.5141537189483643 0.488495409488678 0.00822383165359497 0.024671465158462524
0 0.34145334362983704 0.4993508458137512 0.017434537410736084 0.03602039813995361
0 0.5750100612640381 0.4924428462982178 0.02763211727142334 0.03157952427864075
0 0.40099385380744934 0.4939231276512146 0.021053016185760498 0.03157949447631836
0 0.5134958028793335 0.48553481698036194 0.010197579860687256 0.022204339504241943
0 0.48586374521255493 0.5324106216430664 0.05789574980735779 0.07450789213180542
0 0.3532956540584564 0.4954034090042114 0.01644766330718994 0.022204309701919556
0 0.17006877064704895 0.5077391862869263 0.03782960772514343 0.01529628038406372
0 0.031990692019462585 0.5422792434692383 0.06398138403892517 0.065132737159729
0 0.5065878033638 0.4840545058250427 0.012829184532165527 0.02072402834892273
0 0.30099210143089294 0.4924428462982178 0.01578974723815918 0.015296339988708496
0 0.2555965781211853 0.49639028310775757 0.011842310428619385 0.01085546612739563
0 0.46185019612312317 0.4840545058250427 0.01644766330718994 0.024671465158462524
0 0.2381620556116104 0.503298282623291 0.03388217091560364 0.02911233901977539
0 0.4204021096229553 0.48010706901550293 0.007236987352371216 0.01085546612739563
0 0.4417840242385864 0.4993508458137512 0.02664521336555481 0.03454005718231201
0 0.08190932869911194 0.5284631848335266 0.05329040810465813 0.0439152717590332
0 0.380927711725235 0.4993508458137512 0.03223741054534912 0.02911233901977539
0 0.4095466434955597 0.48701509833335876 0.01644766330718994 0.027632057666778564
0 0.27796536684036255 0.503298282623291 0.04243496060371399 0.03700721263885498
0 0.3174397647380829 0.5077391862869263 0.05065876245498657 0.05082327127456665
0 0.35230880975723267 0.48158738017082214 0.011842310428619385 0.006907999515533447
1 0.5480359196662903 0.48553481698036194 0.004276394844055176 0.006414592266082764
0 0.18388479948043823 0.503298282623291 0.017434507608413696 0.010855436325073242
1 0.7154730558395386 0.5146471858024597 0.017763495445251465 0.06365242600440979
0 0.3687564432621002 0.5560952425003052 0.08750152587890625 0.09128451347351074
0 0.48125842213630676 0.48553481698036194 0.02401357889175415 0.024671494960784912
0 0.20427989959716797 0.5131669044494629 0.06447480618953705 0.022204339504241943
0 0.48586374521255493 0.488495409488678 0.02927681803703308 0.017763465642929077
0 0.23470860719680786 0.6330699920654297 0.21118766069412231 0.24005436897277832
