0 0.5509964823722839 0.5639901161193848 0.02039504051208496 0.01381605863571167
0 0.4194152355194092 0.707578182220459 0.03782960772514343 0.0439152717590332
0 0.6533008813858032 0.6759986877441406 0.2539518475532532 0.11842310428619385
0 0.5713915824890137 0.570898175239563 0.023026704788208008 0.01381605863571167
0 0.5273118615150452 0.6429388523101807 0.021052956581115723 0.01529628038406372
0 0.3569141626358032 0.6814264059066772 0.09473851323127747 0.09523189067840576
0 0.5049430131912231 0.6661300659179688 0.02927681803703308 0.03700721263885498
0 0.21349097788333893 0.6725426912307739 0.24013474583625793 0.12212294340133667
0 0.7465552687644958 0.6491043567657471 0.3555941581726074 0.2000846266746521
0 0.5437595248222351 0.7144861817359924 0.04967188835144043 0.03700721263885498
