0 0.09573386609554291 0.5332297086715698 0.02861703187227249 0.018750309944152832
0 0.016776610165834427 0.5945827960968018 0.032566361129283905 0.06365245580673218
0 0.41448092460632324 0.5279697775840759 0.03190845251083374 0.018750309944152832
1 0.6838935613632202 0.5309303402900696 0.00822383165359497 0.01727008819580078
0 0.5069167613983154 0.5605361461639404 0.0424349308013916 0.05082327127456665
0 0.508232593536377 0.5185946226119995 0.032566338777542114 0.0557575523853302
0 0.26020193099975586 0.5289566516876221 0.013816028833389282 0.01381605863571167
0 0.2697422206401825 0.5279691219329834 0.010197341442108154 0.009867250919342041
0 0.1595422625541687 0.5817536115646362 0.0710538774728775 0.06661301851272583
0 0.7802163362503052 0.5201548337936401 0.03344321250915527 0.013980269432067871
0 0.48915329575538635 0.5195814371109009 0.00789487361907959 0.0098685622215271
0 0.3000052571296692 0.5486937761306763 0.03125053644180298 0.03207296133041382
0 0.46645551919937134 0.5195814371109009 0.004605323076248169 0.006907999515533447
0 0.3253346383571625 0.5417857766151428 0.025329411029815674 0.023191213607788086
0 0.6292868852615356 0.5324102640151978 0.015460848808288574 0.011842310428619385
0 0.2750054597854614 0.5259953737258911 0.01118442416191101 0.009868621826171875
1 0.21974068880081177 0.5412923693656921 0.009210675954818726 0.030592679977416992
0 0.9029763340950012 0.5240223407745361 0.01809239387512207 0.009868621826171875
0 0.443101167678833 0.5353702306747437 0.026316016912460327 0.025164902210235596
0 0.1250021904706955 0.533890962600708 0.01118440181016922 0.011842310428619385
0 0.3233609199523926 0.5329040288925171 0.022039860486984253 0.018750369548797607
0 0.6227083206176758 0.5156340003013611 0.03190845251083374 0.03898093104362488
0 0.5782996416091919 0.5250091552734375 0.0690801739692688 0.11990338563919067
0 0.4829031825065613 0.5259960889816284 0.010526508092880249 0.014802873134613037
1 0.42566534876823425 0.5274763107299805 0.006907999515533447 0.01924377679824829
0 0.7365260124206543 0.6616891622543335 0.16381865739822388 0.16875296831130981
0 0.34869033098220825 0.5240223407745361 0.024671465158462524 0.038980960845947266
0 0.5375094413757324 0.5309303402900696 0.022039830684661865 0.028125524520874023
0 0.6286294460296631 0.5778061747550964 0.08388304710388184 0.09177792072296143
1 0.4057099223136902 0.5327372550964355 0.007565915584564209 0.015733659267425537
0 0.9315952062606812 0.5240223407745361 0.02335566282272339 0.01578974723815918
