0 0.084540955722332 0.503298282623291 0.03388217091560364 0.022204309701919556
0 0.18085762858390808 0.5016204714775085 0.019013553857803345 0.009868621826171875
0 0.29901838302612305 0.5131669044494629 0.01578974723815918 0.024671494960784912
0 0.21242201328277588 0.5084794163703918 0.014556214213371277 0.020724058151245117
0 0.2917814254760742 0.5102062821388245 0.017434537410736084 0.02615174651145935
0 0.14506793022155762 0.49737703800201416 0.011184409260749817 0.006908029317855835
0 0.31645292043685913 0.5146471261978149 0.02861890196800232 0.03848749399185181
0 0.16842401027679443 0.5215551853179932 0.018421366810798645 0.03602039813995361
0 0.14901575446128845 0.5215551853179932 0.038487508893013 0.04983639717102051
0 0.01652989536523819 0.5102062821388245 0.03305979073047638 0.03157949447631836
0 0.2786232829093933 0.5062588453292847 0.011842340230941772 0.017763465642929077
0 0.39474374055862427 0.5047785639762878 0.048685044050216675 0.030592650175094604
0 0.20987209677696228 0.5102063417434692 0.007236972451210022 0.01924377679824829
0 0.25493866205215454 0.500831127166748 0.013816028833389282 0.012335747480392456
0 0.42237579822540283 0.5462266802787781 0.08815941214561462 0.10065963864326477
0 0.20789837837219238 0.5116865634918213 0.00657905638217926 0.022204339504241943
0 0.28421550989151 0.5062588453292847 0.007236987352371216 0.01924377679824829
0 0.09572535753250122 0.5422792434692383 0.04704029858112335 0.06759989261627197
0 0.3634932041168213 0.5102062821388245 0.02401357889175415 0.02911233901977539
0 0.05164564028382301 0.5531346797943115 0.08355409651994705 0.08289623260498047
0 0.19868768751621246 0.5102062821388245 0.01842138171195984 0.02615174651145935
0 0.26776784658432007 0.503298282623291 0.01644766330718994 0.012335747480392456
0 0.1904638558626175 0.5161274671554565 0.01578974723815918 0.02615177631378174
0 0.2227012664079666 0.5062588453292847 0.00822383165359497 0.017763465642929077
0 0.3561745285987854 0.5088494420051575 0.020395100116729736 0.023684650659561157
0 0.11983425915241241 0.524727463722229 0.04271695762872696 0.07972431182861328
0 0.37467724084854126 0.544252872467041 0.038487523794174194 0.07088935375213623
0 0.32928207516670227 0.52303546667099 0.035855889320373535 0.03848755359649658
0 0.196056067943573 0.5146471261978149 0.00921069085597992 0.022204339504241943
0 0.17927944660186768 0.5171142816543579 0.019408240914344788 0.029112398624420166
0 0.9915381669998169 0.5738587379455566 0.016923606395721436 0.0537838339805603
