0 0.42171791195869446 0.4709787368774414 0.012829184532165527 0.022204339504241943
0 0.5933215022087097 0.5088908672332764 0.03223741054534912 0.036020368337631226
0 0.5884971618652344 0.4993508458137512 0.025987327098846436 0.030592650175094604
0 0.5687599182128906 0.4808473289012909 0.020395100116729736 0.02689182758331299
0 0.676985502243042 0.5921156406402588 0.05822473764419556 0.05970501899719238
0 0.514811635017395 0.46777135133743286 0.007236957550048828 0.006908029317855835
0 0.3769805133342743 0.4988577365875244 0.033224284648895264 0.03898093104362488
0 0.4153851866722107 0.4746793508529663 0.014802902936935425 0.022573858499526978
0 0.42994171380996704 0.46333047747612 0.014802902936935425 0.01924377679824829
0 0.40033596754074097 0.48701512813568115 0.01842138171195984 0.026151806116104126
1 0.6023131608963013 0.47763991355895996 0.0049343109130859375 0.021710902452468872
0 0.2921929955482483 0.6117289066314697 0.07664605975151062 0.08178544044494629
0 0.41612571477890015 0.6009970307350159 0.07204073667526245 0.09671223163604736
0 0.6533008813858032 0.5728718638420105 0.04440867900848389 0.05131673812866211
0 0.40814918279647827 0.48010706901550293 0.013321876525878906 0.023930996656417847
1 0.26250457763671875 0.531423807144165 0.014473944902420044 0.035526931285858154
0 0.3460586667060852 0.5190880298614502 0.03684273362159729 0.04440867900848389
0 0.3336527943611145 0.529732346534729 0.03966253995895386 0.04440861940383911
1 0.9329110383987427 0.6562615036964417 0.02368462085723877 0.0942450761795044
0 0.31645292043685913 0.5422792434692383 0.04506656527519226 0.04835611581802368
1 0.6989599466323853 0.5462257862091064 0.01611870527267456 0.04440861940383911
0 0.1901349127292633 0.6281359791755676 0.10987034440040588 0.08980417251586914
1 0.5014345645904541 0.46250900626182556 0.00592118501663208 0.016776621341705322
0 0.36448007822036743 0.5161274671554565 0.01842138171195984 0.03750064969062805
1 0.2480306625366211 0.538825273513794 0.01447393000125885 0.05625098943710327
1 0.7595527768135071 0.5644835233688354 0.01019752025604248 0.04835611581802368
2 0.6355374455451965 0.5908346176147461 0.02203989028930664 0.0675998330116272
1 0.9812672138214111 0.6394848823547363 0.02631622552871704 0.024178028106689453
0 0.6088922023773193 0.5245159268379211 0.03125053644180298 0.030592679977416992
0 0.5780900716781616 0.4899749755859375 0.011842310428619385 0.02615174651145935
1 0.4931008815765381 0.4625904858112335 0.00493428111076355 0.01727008819580078
1 0.5937603712081909 0.4791202247142792 0.00592118501663208 0.02171093225479126
0 0.438165545463562 0.46234363317489624 0.009210675954818726 0.016776591539382935
0 0.630932092666626 0.5467201471328735 0.047040343284606934 0.04588896036148071
0 0.5628387928009033 0.4786267876625061 0.020395100116729736 0.024671494960784912
0 0.9409616589546204 0.7968889474868774 0.11807668209075928 0.30444610118865967
0 0.7049465179443359 0.6182674169540405 0.07927769422531128 0.07204073667526245
0 0.5582334995269775 0.47171878814697266 0.017434537410736084 0.022204339504241943
0 0.6181029081344604 0.533890962600708 0.03782963752746582 0.04292839765548706
0 0.27039945125579834 0.5743521451950073 0.06644853949546814 0.0636523962020874
0 0.5019824504852295 0.46777135133743286 0.020395100116729736 0.005427718162536621
0 0.39474374055862427 0.4924428462982178 0.01644766330718994 0.02911236882209778
1 0.08322514593601227 0.6103725433349609 0.02039509266614914 0.08141589164733887
