1 0.42402058839797974 0.570898175239563 0.0289478600025177 0.10065966844558716
1 0.6371822357177734 0.7287956476211548 0.10625189542770386 0.33750593662261963
1 0.4128361642360687 0.5136603116989136 0.004276394844055176 0.017763495445251465
0 0.4454025328159332 0.5077391862869263 0.004605352878570557 0.003947436809539795
0 0.33499765396118164 0.5353711843490601 0.01118442416191101 0.029112398624420166
0 0.3774671256542206 0.5190880298614502 0.01644766330718994 0.017763495445251465
1 0.7917901277542114 0.5605361461639404 0.02631622552871704 0.10312682390213013
1 0.24390068650245667 0.5509538650512695 0.019408226013183594 0.04973149299621582
0 0.5516543984413147 0.5398120880126953 0.057237863540649414 0.0828961730003357
1 0.24539902806282043 0.5590558052062988 0.021381959319114685 0.06118530035018921
1 0.39671745896339417 0.5146471261978149 0.008552789688110352 0.02417808771133423
1 0.1384892612695694 0.7837220430374146 0.08158037066459656 0.4325558543205261
0 0.47599518299102783 0.5092194080352783 0.006579071283340454 0.022204339504241943
0 0.4988245368003845 0.5146471858024597 0.025987297296524048 0.0345400869846344
1 0.20987209677696228 0.579779863357544 0.02631625533103943 0.10312682390213013
1 0.3075711727142334 0.5541215538978577 0.03157949447631836 0.04736924171447754
1 0.725670576095581 0.5388252139091492 0.023026704788208008 0.0789487361907959
0 0.3993490934371948 0.5077391862869263 0.01644766330718994 0.008388340473175049
1 0.08750153332948685 0.6039579510688782 0.028947874903678894 0.10806107521057129
2 0.7799478769302368 0.6281360387802124 0.15131843090057373 0.23684626817703247
1 0.8598834276199341 0.5669506788253784 0.033882200717926025 0.13125234842300415
1 0.9684380292892456 0.7312628030776978 0.062172114849090576 0.30444610118865967
0 0.4398103356361389 0.5062588453292847 0.01578974723815918 0.009868621826171875
0 0.25822821259498596 0.5546149611473083 0.019408240914344788 0.046875834465026855
0 0.45066577196121216 0.5126734375953674 0.01282915472984314 0.015296339988708496
1 0.07236968725919724 0.5950762033462524 0.0365137942135334 0.10065960884094238
1 0.1271551102399826 0.5479315519332886 0.014773420989513397 0.040507614612579346
0 0.42270427942276 0.5077391266822815 0.020395100116729736 0.030592650175094604
0 0.5296145677566528 0.5605361461639404 0.07204073667526245 0.07352101802825928
1 0.21175196766853333 0.5171142816543579 0.013487070798873901 0.01388639211654663
1 0.5802733302116394 0.7732043266296387 0.09671223163604736 0.3922766447067261
1 0.45625799894332886 0.5121800303459167 0.010197550058364868 0.024178028106689453
1 0.37204599380493164 0.5171142816543579 0.004276394844055176 0.01924377679824829
0 0.3852863609790802 0.5193347930908203 0.00822383165359497 0.016776621341705322
0 0.3881646990776062 0.5146471261978149 0.011842310428619385 0.012335717678070068
0 0.3753355145454407 0.503298282623291 0.030263662338256836 0.015296339988708496
1 0.4519816040992737 0.5501741170883179 0.02138194441795349 0.054770708084106445
0 0.31645292043685913 0.5329040884971619 0.04144808650016785 0.04440867900848389
0 0.2055957019329071 0.5560952425003052 0.05625098943710327 0.07450789213180542
1 0.6537532210350037 0.531423807144165 0.014597296714782715 0.053506314754486084
1 0.3552693724632263 0.5274763107299805 0.004276394844055176 0.02417808771133423
0 0.3598747253417969 0.6503403186798096 0.3246767520904541 0.17566096782684326
1 0.4858637750148773 0.5146471261978149 0.004276394844055176 0.02417808771133423
0 0.4825742244720459 0.5106997489929199 0.013816028833389282 0.022204339504241943
0 0.40099385380744934 0.5161274671554565 0.01644766330718994 0.017763495445251465
1 0.7401444911956787 0.5491872429847717 0.024671494960784912 0.09671223163604736
0 0.1595422625541687 0.5713915824890137 0.08388304710388184 0.07450783252716064
0 0.2805970311164856 0.5477069616317749 0.03980335593223572 0.03996777534484863
1 0.7579079866409302 0.579779863357544 0.03157949447631836 0.12089025974273682
1 0.5829049348831177 0.5743521451950073 0.027961015701293945 0.10065966844558716
0 0.5029945969581604 0.5170384049415588 0.02861890196800232 0.03305983543395996
1 0.6385992765426636 0.5223902463912964 0.015359580516815186 0.04251086711883545
0 0.3687564432621002 0.5200749039649963 0.003618478775024414 0.009868621826171875
1 0.23191195726394653 0.570898175239563 0.01611870527267456 0.06611961126327515
1 0.6098790764808655 0.5363580584526062 0.013487100601196289 0.05230355262756348
0 0.4111914038658142 0.5131669044494629 0.007236957550048828 0.01381605863571167
1 0.14237108826637268 0.5324106216430664 0.013487070798873901 0.024178028106689453
0 0.4842190146446228 0.5131669044494629 0.01118442416191101 0.016776621341705322
1 0.5911287665367126 0.5185946226119995 0.01296079158782959 0.042632341384887695
0 0.4687581956386566 0.5116865634918213 0.011184394359588623 0.010855495929718018
0 0.3615194857120514 0.5131669044494629 0.006579041481018066 0.0098685622215271
0 0.43915241956710815 0.5116865634918213 0.01578974723815918 0.01381605863571167
0 0.3036237359046936 0.5422792434692383 0.026645183563232422 0.03454005718231201
