1 0.5706584453582764 0.45093879103660583 0.005920529365539551 0.017270028591156006
0 0.8544470071792603 0.7433841824531555 0.29110604524612427 0.513231635093689
0 0.6508336067199707 0.535864531993866 0.05246800184249878 0.07031369209289551
0 0.4286259114742279 0.500831127166748 0.02401357889175415 0.027632087469100952
0 0.56843101978302 0.4939231276512146 0.021053016185760498 0.013816028833389282
0 0.6697485446929932 0.5491872429847717 0.054277241230010986 0.08536338806152344
0 0.549351692199707 0.4746793508529663 0.017434537410736084 0.022204339504241943
0 0.5778061151504517 0.5042850375175476 0.021053016185760498 0.019243746995925903
1 0.32961103320121765 0.5052720308303833 0.015131831169128418 0.035526931285858154
0 0.4480341672897339 0.5215551853179932 0.044079720973968506 0.048356086015701294
1 0.5993525981903076 0.5126734375953674 0.009539604187011719 0.03700721263885498
1 0.6315900087356567 0.4983639717102051 0.008552789688110352 0.017270058393478394
1 0.6786302328109741 0.5025580525398254 0.008552789688110352 0.01578974723815918
1 0.6542878150939941 0.4998442530632019 0.007565915584564209 0.01282915472984314
0 0.4710608720779419 0.46234363317489624 0.004605352878570557 0.005427747964859009
0 0.5069167613983154 0.49639028310775757 0.0671064555644989 0.11743628978729248
0 0.5648125410079956 0.488495409488678 0.02861887216567993 0.0345400869846344
0 0.460863322019577 0.4731990694999695 0.01644766330718994 0.022204339504241943
0 0.6236951351165771 0.5324106216430664 0.033224284648895264 0.0537838339805603
1 0.3184269070625305 0.5426492691040039 0.01661205291748047 0.03651314973831177
1 0.5832338929176331 0.4727056622505188 0.004605293273925781 0.02417805790901184
0 0.3542824983596802 0.4963902533054352 0.02927681803703308 0.03602033853530884
0 0.5069167613983154 0.5215551853179932 0.06546163558959961 0.0439152717590332
0 0.46382391452789307 0.46629106998443604 0.013816028833389282 0.017763465642929077
0 0.3542824983596802 0.5422792434692383 0.05789574980735779 0.062172114849090576
0 0.5095484256744385 0.5570821166038513 0.07072490453720093 0.08536338806152344
0 0.5417858362197876 0.49639028310775757 0.011184394359588623 0.02911236882209778
0 0.7424471974372864 0.570898175239563 0.02203989028930664 0.05230355262756348
0 0.4727056622505188 0.46333047747612 0.0055921971797943115 0.008388280868530273
0 0.56843101978302 0.52303546667099 0.04506659507751465 0.04983639717102051
0 0.4516526460647583 0.4840545058250427 0.02401357889175415 0.03157952427864075
0 0.37270388007164 0.5240223407745361 0.051645636558532715 0.06908014416694641
0 0.45823168754577637 0.47566622495651245 0.015789777040481567 0.022204339504241943
1 0.6200766563415527 0.5023114085197449 0.010526478290557861 0.025658339262008667
0 0.7204073667526245 0.5615229606628418 0.10197550058364868 0.11990338563919067
0 0.08306066691875458 0.6690906286239624 0.16612133383750916 0.20279961824417114
0 0.43783658742904663 0.4939231276512146 0.01842138171195984 0.020724058151245117
