0 0.8026456236839294 0.6241885423660278 0.24737274646759033 0.19095730781555176
0 0.2944130301475525 0.5422792434692383 0.03684273362159729 0.03750067949295044
0 0.9595562815666199 0.8368567228317261 0.07829082012176514 0.2975381016731262
0 0.03536245971918106 0.5990236401557922 0.07072491943836212 0.13125228881835938
0 0.6484764814376831 0.5766549110412598 0.11809432506561279 0.09210693836212158
0 0.630932092666626 0.5536280870437622 0.08848834037780762 0.0537838339805603
0 0.3993490934371948 0.5047785639762878 0.023026704788208008 0.019243717193603516
0 0.0904621109366417 0.5837273597717285 0.08289618790149689 0.10362023115158081
1 0.35099297761917114 0.5161274671554565 0.006907999515533447 0.025658369064331055
0 0.4289548695087433 0.5047785639762878 0.009210705757141113 0.015296310186386108
0 0.5950762033462524 0.5047785639762878 0.009210705757141113 0.008388280868530273
0 0.4171125888824463 0.5106997489929199 0.0055921971797943115 0.01776343584060669
0 0.691130518913269 0.6034644842147827 0.035855889320373535 0.1174362301826477
0 0.3348742723464966 0.5329040288925171 0.028618931770324707 0.033059775829315186
0 0.47961366176605225 0.5560952425003052 0.06447482109069824 0.07352101802825928
0 0.5552728772163391 0.5437594652175903 0.025000452995300293 0.051316678524017334
0 0.7950797080993652 0.5047785639762878 0.023026704788208008 0.013815999031066895
0 0.6697485446929932 0.5896484851837158 0.09408062696456909 0.10954141616821289
0 0.5960630774497986 0.5329040288925171 0.07664608955383301 0.056744396686553955
0 0.5102062821388245 0.5037916898727417 0.02861890196800232 0.015296310186386108
0 0.5175526142120361 0.500831127166748 0.011294126510620117 0.01282927393913269
0 0.48882436752319336 0.5131669044494629 0.033224254846572876 0.022204339504241943
0 0.43125593662261963 0.5054829716682434 0.01311078667640686 0.017763465642929077
0 0.861528217792511 0.722381055355072 0.27599167823791504 0.25460970401763916
0 0.5977078676223755 0.5605361461639404 0.06644850969314575 0.07056045532226562
0 0.9059369564056396 0.5161274671554565 0.014802873134613037 0.030592620372772217
0 0.4556000828742981 0.5077391862869263 0.027632057666778564 0.027632057666778564
0 0.17335829138755798 0.5728718638420105 0.07829083502292633 0.06217217445373535
0 0.5657986402511597 0.5128706693649292 0.05736929178237915 0.05437588691711426
0 0.6006684303283691 0.5467201471328735 0.08486992120742798 0.051316678524017334
0 0.48158738017082214 0.500831127166748 0.01644766330718994 0.015296310186386108
0 0.5019824504852295 0.4939231276512146 0.01842138171195984 0.019243746995925903
0 0.5172230005264282 0.5251734256744385 0.045504987239837646 0.035033583641052246
1 0.3457297086715698 0.5185946226119995 0.005921155214309692 0.010362029075622559
0 0.6208986639976501 0.5111931562423706 0.04161250591278076 0.02615174651145935
0 0.6549456715583801 0.5037916898727417 0.019408226013183594 0.010855436325073242
