0 0.02442476898431778 0.47023850679397583 0.04884953796863556 0.036020368337631226
0 0.08001784980297089 0.8426868915557861 0.16003569960594177 0.31462615728378296
1 0.7995437383651733 0.5352309942245483 0.017951130867004395 0.044902682304382324
1 0.23947787284851074 0.5111931562423706 0.015131846070289612 0.06118527054786682
1 0.12829172611236572 0.45987647771835327 0.0115133598446846 0.017270028591156006
0 0.17986908555030823 0.7121191620826721 0.29494261741638184 0.2669471502304077
1 0.2572413384914398 0.4870150685310364 0.011513352394104004 0.04687580466270447
1 0.24786905944347382 0.48331594467163086 0.01003369688987732 0.04268345236778259
1 0.20427988469600677 0.5037916898727417 0.01611870527267456 0.08388301730155945
0 0.809057891368866 0.5721320509910583 0.06134915351867676 0.07130026817321777
1 0.8413482904434204 0.5513262748718262 0.012500226497650146 0.06118530035018921
1 0.6580373048782349 0.5139575004577637 0.005987107753753662 0.03167840838432312
0 0.1401340365409851 0.4884953796863556 0.07006702572107315 0.04588896036148071
1 0.6940910816192627 0.5240223407745361 0.012500226497650146 0.04292839765548706
1 0.7873824834823608 0.5216549634933472 0.00973731279373169 0.019737184047698975
0 0.8331279754638672 0.5812602043151855 0.08486968278884888 0.07204073667526245
0 0.34375739097595215 0.5030031204223633 0.09177544713020325 0.0489484965801239
1 0.8470542430877686 0.5250091552734375 0.003947436809539795 0.011348903179168701
0 0.612017035484314 0.5111942291259766 0.026645183563232422 0.031086325645446777
0 0.7883340120315552 0.5671985745429993 0.043421387672424316 0.06562530994415283
0 0.7944217920303345 0.5284632444381714 0.029605746269226074 0.027632057666778564
0 0.8651461601257324 0.5928558707237244 0.059869468212127686 0.0761110782623291
0 0.2902801036834717 0.6260908246040344 0.15136322379112244 0.1707245111465454
0 0.926162838935852 0.6177741885185242 0.0608554482460022 0.0870891809463501
1 0.28586238622665405 0.48964813351631165 0.011513352394104004 0.03848749399185181
0 0.49416977167129517 0.5306837558746338 0.22261902689933777 0.37969404458999634
0 0.7461599111557007 0.5385432243347168 0.09628939628601074 0.052092134952545166
0 0.06184318661689758 0.48158735036849976 0.10065965354442596 0.05526408553123474
1 0.650669276714325 0.5136603116989136 0.008552789688110352 0.041448116302490234
0 0.7949683666229248 0.5187605023384094 0.030811727046966553 0.030592679977416992
1 0.2230302095413208 0.5324106216430664 0.028618916869163513 0.10263335704803467
0 0.973387598991394 0.6365243196487427 0.05322486162185669 0.1319217085838318
1 0.31108206510543823 0.5176074504852295 0.021929562091827393 0.06644624471664429
0 0.8809365034103394 0.5896484851837158 0.09408062696456909 0.09967279434204102
1 0.6618536710739136 0.5195814371109009 0.006579041481018066 0.035526931285858154
1 0.6694196462631226 0.5136603116989136 0.006579101085662842 0.032566338777542114
