0 0.45658695697784424 0.4899756908416748 0.006579071283340454 0.015296310186386108
0 0.3875732123851776 0.48069965839385986 0.004605352878570557 0.006907999515533447
0 0.4674423933029175 0.48701509833335876 0.022039860486984253 0.022204339504241943
0 0.17927944660186768 0.5092194080352783 0.029276832938194275 0.033059775829315186
0 0.14671309292316437 0.5131669044494629 0.033224254846572876 0.03157952427864075
0 0.47204774618148804 0.49639028310775757 0.01940825581550598 0.024671465158462524
0 0.41415196657180786 0.48553481698036194 0.014802902936935425 0.020724058151245117
0 0.4848769009113312 0.5023114085197449 0.025000452995300293 0.02911233901977539
0 0.5009956359863281 0.5146471858024597 0.037829577922821045 0.04292836785316467
0 0.40099385380744934 0.488495409488678 0.012829184532165527 0.005427747964859009
0 0.3062553405761719 0.49836260080337524 0.02883806824684143 0.024506419897079468
0 0.13388392329216003 0.5210617780685425 0.017434507608413696 0.029112398624420166
0 0.20510584115982056 0.5050239562988281 0.05657835304737091 0.039227306842803955
0 0.42763906717300415 0.4884953796863556 0.01842138171195984 0.027632057666778564
0 0.32336026430130005 0.4897276759147644 0.013816505670547485 0.019488483667373657
0 0.26414936780929565 0.5077391266822815 0.04144808650016785 0.036020368337631226
0 0.3118475675582886 0.4924428462982178 0.01842138171195984 0.019243746995925903
0 0.4572448432445526 0.48948222398757935 0.00822383165359497 0.017763465642929077
0 0.0615142360329628 0.5200749039649963 0.0230267196893692 0.03157949447631836
0 0.3440849781036377 0.48701509833335876 0.010197550058364868 0.010855436325073242
0 0.48948225378990173 0.48701512813568115 0.017434537410736084 0.017763465642929077
0 0.3763223886489868 0.48158738017082214 0.011842310428619385 0.005427718162536621
0 0.4552711248397827 0.48158735036849976 0.011842310428619385 0.008388310670852661
0 0.4444156885147095 0.5269829034805298 0.05329039692878723 0.0636523962020874
0 0.28520235419273376 0.4993508458137512 0.019408226013183594 0.02368462085723877
0 0.24539902806282043 0.5047785639762878 0.023026704788208008 0.027632087469100952
0 0.4473762512207031 0.4771465063095093 0.01644766330718994 0.012335717678070068
0 0.1269759088754654 0.5062588453292847 0.017434515058994293 0.017763465642929077
0 0.02787877805531025 0.5284632444381714 0.0557575561106205 0.056744396686553955
0 0.29901838302612305 0.488495409488678 0.007236957550048828 0.009868592023849487
0 0.40658605098724365 0.488495409488678 0.016447633504867554 0.023684650659561157
0 0.2694126069545746 0.488495409488678 0.014802873134613037 0.006908029317855835
0 0.3993490934371948 0.500831127166748 0.022039830684661865 0.02911233901977539
0 0.3687564432621002 0.4924428462982178 0.011842310428619385 0.020724058151245117
0 0.37731003761291504 0.4786275029182434 0.011842310428619385 0.0076483190059661865
0 0.33109045028686523 0.4902227520942688 0.02121710777282715 0.020725488662719727
0 0.3554878234863281 0.4924417734146118 0.02171042561531067 0.02615174651145935
1 0.5361936092376709 0.49688369035720825 0.008552789688110352 0.026645183563232422
0 0.09309373050928116 0.531423807144165 0.08684362471103668 0.0690801739692688
0 0.32204538583755493 0.5641554594039917 0.08925619721412659 0.09194248914718628
0 0.28890329599380493 0.48997628688812256 0.01644766330718994 0.014802634716033936
0 0.43323126435279846 0.49639028310775757 0.021053016185760498 0.03157952427864075
0 0.004769820254296064 0.5560952425003052 0.009539640508592129 0.056744396686553955
0 0.33438098430633545 0.4978713393211365 0.02483612298965454 0.024178266525268555
0 0.44145509600639343 0.49639028310775757 0.03223741054534912 0.03157952427864075
0 0.19145072996616364 0.6384980082511902 0.21809592843055725 0.23881995677947998
