0 0.541125476360321 0.5496824979782104 0.016446471214294434 0.02417808771133423
0 0.5753390192985535 0.5844682455062866 0.01924431324005127 0.041569411754608154
0 0.537838339805603 0.542772650718689 0.024671494960784912 0.02911233901977539
0 0.8851218819618225 0.8271439075469971 0.22975623607635498 0.34571224451065063
0 0.564236581325531 0.5660877227783203 0.03207290172576904 0.03700721263885498
0 0.4164546728134155 0.5531346797943115 0.01940825581550598 0.028125524520874023
0 0.5176900625228882 0.5403062701225281 0.009786248207092285 0.015296339988708496
1 0.31464865803718567 0.5780569314956665 0.011513352394104004 0.04440867900848389
0 0.6032998561859131 0.6059316992759705 0.04133838415145874 0.04555976390838623
0 0.5969635844230652 0.5871813297271729 0.053698062896728516 0.05119204521179199
1 0.5888261198997498 0.5516543984413147 0.00789487361907959 0.02368462085723877
0 0.546802282333374 0.5647920370101929 0.024671494960784912 0.03608202934265137
0 0.42566534876823425 0.5504271984100342 0.006415724754333496 0.02146703004837036
0 0.5217196941375732 0.542772650718689 0.011842310428619385 0.015296339988708496
1 0.3390412926673889 0.5778064131736755 0.008662551641464233 0.03486907482147217
0 0.5093306303024292 0.5518226623535156 0.02412480115890503 0.030100643634796143
0 0.3924880027770996 0.5769602060317993 0.02913588285446167 0.036302387714385986
0 0.4070248007774353 0.5666221380233765 0.02006608247756958 0.027961254119873047
0 0.3763223886489868 0.6537942886352539 0.06973806023597717 0.0902976393699646
0 0.41250723600387573 0.5620164275169373 0.020395100116729736 0.02852022647857666
