0 0.47796887159347534 0.5115744471549988 0.007236987352371216 0.025983572006225586
1 0.7207362651824951 0.5264894962310791 0.01381605863571167 0.03157949447631836
0 0.5064480304718018 0.506213903427124 0.011094510555267334 0.013771116733551025
1 0.15625274181365967 0.570898175239563 0.03125055134296417 0.11200851202011108
1 0.37401968240737915 0.5304368734359741 0.013816028833389282 0.030592620372772217
0 0.4861927032470703 0.5072457194328308 0.009210675954818726 0.018750280141830444
0 0.4861927032470703 0.5116865634918213 0.005644649267196655 0.012987196445465088
1 0.7914612293243408 0.5225420594215393 0.015131831169128418 0.04490208625793457
1 0.32566267251968384 0.53274005651474 0.014254778623580933 0.05488097667694092
0 0.6315789222717285 0.5101897120475769 0.04144805669784546 0.016776561737060547
0 0.6365228891372681 0.5459789037704468 0.04555928707122803 0.05131453275680542
0 0.4628205895423889 0.5110450983047485 0.029605776071548462 0.055782198905944824
0 0.5642203092575073 0.5176076889038086 0.02138197422027588 0.027632057666778564
0 0.5899514555931091 0.5269829034805298 0.025519847869873047 0.03524124622344971
0 0.6937621831893921 0.5590558052062988 0.06283003091812134 0.0675998330116272
1 0.6842224597930908 0.5679376125335693 0.03125053644180298 0.09325820207595825
0 0.4519816040992737 0.5467200875282288 0.021930068731307983 0.05649733543395996
1 0.331204354763031 0.5524592995643616 0.017278283834457397 0.07331287860870361
0 0.5934363007545471 0.5309449434280396 0.0207289457321167 0.03408306837081909
1 0.7967244386672974 0.5561729073524475 0.019079267978668213 0.07146966457366943
1 0.7258836030960083 0.5105836987495422 0.010874807834625244 0.02658727765083313
1 0.7444208860397339 0.5333974957466125 0.019079267978668213 0.028618931770324707
1 0.6783013343811035 0.5077391266822815 0.008552789688110352 0.015789717435836792
0 0.44836312532424927 0.5200748443603516 0.02664521336555481 0.01924377679824829
0 0.5516543984413147 0.5134361982345581 0.018600940704345703 0.02341526746749878
0 0.5020252466201782 0.5047785639762878 0.004991471767425537 0.009868592023849487
1 0.4263232350349426 0.5106997489929199 0.008552759885787964 0.022697746753692627
1 0.19474025070667267 0.5610295534133911 0.025658339262008667 0.09819245338439941
1 0.3944147825241089 0.5264894962310791 0.005921155214309692 0.047862708568573
0 0.4243495464324951 0.5590558052062988 0.06085631251335144 0.08141595125198364
0 0.4813002645969391 0.5092194080352783 0.010897278785705566 0.021585404872894287
0 0.5664572715759277 0.4993508458137512 0.02598726749420166 0.012335747480392456
1 0.7029728293418884 0.5146471261978149 0.008552789688110352 0.0325663685798645
0 0.5792864561080933 0.5257312059402466 0.019231677055358887 0.03140288591384888
1 0.48915329575538635 0.5126734375953674 0.008552789688110352 0.028618931770324707
1 0.6454060077667236 0.670570969581604 0.09671217203140259 0.2703995108604431
1 0.22434604167938232 0.574845552444458 0.028783217072486877 0.10115200281143188
1 0.24980178475379944 0.5546525716781616 0.027555331587791443 0.09629404544830322
0 0.5698744058609009 0.5200749039649963 0.018622756004333496 0.02615177631378174
0 0.6148432493209839 0.5313791036605835 0.03944450616836548 0.04629307985305786
1 0.8082377910614014 0.5264894962310791 0.01381605863571167 0.03996783494949341
0 0.7060818672180176 0.56843101978302 0.06298917531967163 0.05970495939254761
0 0.6588336825370789 0.5521478056907654 0.049433231353759766 0.05369400978088379
1 0.9602141976356506 0.5679376125335693 0.02368462085723877 0.09325820207595825
1 0.9472953081130981 0.5699113011360168 0.02885812520980835 0.10411369800567627
0 0.5184301137924194 0.5047785639762878 0.017434537410736084 0.013815999031066895
0 0.5746811032295227 0.5245157480239868 0.007236957550048828 0.027632057666778564
