1 0.7375129461288452 0.5259960889816284 0.010197579860687256 0.05625098943710327
0 0.41217827796936035 0.5299434661865234 0.030263692140579224 0.030592620372772217
1 0.05290709435939789 0.7329074740409851 0.10581418871879578 0.2930971384048462
1 0.17763468623161316 0.7159664630889893 0.07565921545028687 0.2955644130706787
0 0.5141537189483643 0.48948222398757935 0.011842310428619385 0.009868592023849487
0 0.43158650398254395 0.5615229606628418 0.07171177864074707 0.08141589164733887
1 0.1750030517578125 0.5669506788253784 0.021381959319114685 0.03207296133041382
1 0.21250371634960175 0.6715577840805054 0.07236969470977783 0.23191195726394653
0 0.5755035877227783 0.5200748443603516 0.011019766330718994 0.028125107288360596
1 0.3595457673072815 0.5694178342819214 0.03157949447631836 0.10954135656356812
1 0.7730398178100586 0.5259960293769836 0.01611870527267456 0.03947436809539795
1 0.38323038816452026 0.6917884349822998 0.06118530035018921 0.24720829725265503
0 0.6082343459129333 0.5077391266822815 0.05888259410858154 0.08289620280265808
1 0.2881629467010498 0.6789592504501343 0.0671064555644989 0.25855720043182373
0 0.47007399797439575 0.5462266802787781 0.022039860486984253 0.06069183349609375
1 0.6983674764633179 0.7134993076324463 0.14276564121246338 0.351815402507782
1 0.6570723056793213 0.5195814371109009 0.009774625301361084 0.03815275430679321
1 0.5309303402900696 0.5644835233688354 0.038158535957336426 0.10065966844558716
0 0.6411296129226685 0.5215551853179932 0.009210646152496338 0.010855436325073242
1 0.12319527566432953 0.7110319137573242 0.06842239946126938 0.2706458568572998
1 0.7332366704940796 0.5198279023170471 0.011349141597747803 0.04440799355506897
1 0.9243582487106323 0.5477069616317749 0.02960580587387085 0.1134888231754303
1 0.20822733640670776 0.6676104068756104 0.07565923035144806 0.22401708364486694
1 0.4595475196838379 0.6917884349822998 0.05361935496330261 0.2674388885498047
1 0.6983674764633179 0.5210617780685425 0.011184394359588623 0.043421804904937744
0 0.9779776334762573 0.5876747369766235 0.0424349308013916 0.14358800649642944
0 0.5049430131912231 0.5116865634918213 0.048685044050216675 0.030592650175094604
0 0.44342881441116333 0.5116865634918213 0.030263662338256836 0.024671494960784912
0 0.48125842213630676 0.5062588453292847 0.01644766330718994 0.02072402834892273
1 0.6867221593856812 0.5230352878570557 0.01611870527267456 0.05694156885147095
1 0.045066576451063156 0.7391576766967773 0.09013315290212631 0.3310912847518921
1 0.3763223886489868 0.5321639180183411 0.010526508092880249 0.03947436809539795
1 0.12664695084095 0.5644835233688354 0.01611870527267456 0.07006698846817017
1 0.7246837615966797 0.531423807144165 0.01611870527267456 0.05723780393600464
1 0.2904655933380127 0.570898175239563 0.022039860486984253 0.07154732942581177
0 0.5003377199172974 0.4939231276512146 0.01842135190963745 0.015296339988708496
1 0.4674423933029175 0.508805513381958 0.24195027351379395 0.07358473539352417
1 0.6677748560905457 0.5185946226119995 0.013487100601196289 0.044408708810806274
1 0.565470814704895 0.5681841373443604 0.035197675228118896 0.09942591190338135
1 0.6575772762298584 0.5210617780685425 0.011184394359588623 0.03207296133041382
0 0.2713863253593445 0.5447463989257812 0.12039685249328613 0.14901572465896606
