0 0.4477052092552185 0.5605361461639404 0.005921155214309692 0.0098685622215271
0 0.46448180079460144 0.5279697179794312 0.003947436809539795 0.003947436809539795
0 0.43125754594802856 0.5546149611473083 0.029934734106063843 0.04194152355194092
0 0.4138230085372925 0.5496807098388672 0.0019737184047698975 0.0098685622215271
0 0.45987647771835327 0.5269829034805298 0.0019737184047698975 0.003947436809539795
0 0.4039544463157654 0.5546149611473083 0.02401357889175415 0.028125524520874023
0 0.45296844840049744 0.5486937761306763 0.00789487361907959 0.0098685622215271
0 0.4572448432445526 0.5398120880126953 0.009210705757141113 0.011842310428619385
0 0.46250808238983154 0.5319172143936157 0.007236987352371216 0.00789487361907959
0 0.4503368139266968 0.5546149611473083 0.009868592023849487 0.009868621826171875
