0 0.512179970741272 0.5556018352508545 0.005263268947601318 0.006908059120178223
1 0.4457314908504486 0.56843101978302 0.003618478775024414 0.01381605863571167
0 0.4924428164958954 0.5605361461639404 0.00789487361907959 0.0098685622215271
0 0.5052719116210938 0.5570821762084961 0.0019736886024475098 0.004934251308441162
0 0.5012149214744568 0.5579044818878174 0.006140470504760742 0.007565915584564209
0 0.4437577724456787 0.5674441456794739 0.02401357889175415 0.012829184532165527
0 0.10224907100200653 0.5889903903007507 0.02149161696434021 0.01907932758331299
0 0.08404846489429474 0.5911287665367126 0.029934674501419067 0.020724058151245117
0 0.5102063417434692 0.5575755834579468 0.006907999515533447 0.008388340473175049
0 0.024014674127101898 0.5935959219932556 0.03519786149263382 0.024671435356140137
0 0.523693323135376 0.5625098347663879 0.011184394359588623 0.012829184532165527
0 0.5322461128234863 0.5565886497497559 0.0026316046714782715 0.006907999515533447
0 0.10940979421138763 0.58629310131073 0.03421112895011902 0.024671494960784912
0 0.537838339805603 0.5575755834579468 0.00822383165359497 0.012335717678070068
2 0.25625449419021606 0.5940893292427063 0.012171268463134766 0.03947436809539795
0 0.48487693071365356 0.5615229606628418 0.009868592023849487 0.011842310428619385
0 0.5335619449615479 0.5565886497497559 0.005592167377471924 0.007401406764984131
0 0.08585676550865173 0.7184336185455322 0.1710556149482727 0.1746741533279419
0 0.5292855501174927 0.5521479249000549 0.003947436809539795 0.0049343109130859375
0 0.16497081518173218 0.5857011079788208 0.033553093671798706 0.018010079860687256
0 0.1595422625541687 0.5807667374610901 0.0460534393787384 0.028125524520874023
0 0.5281341075897217 0.5585625767707825 0.0037828683853149414 0.007401466369628906
