0 0.560865044593811 0.5353711843490601 0.08223825693130493 0.07746845483779907
0 0.7019859552383423 0.6088922619819641 0.15691065788269043 0.14950919151306152
0 0.15493692457675934 0.5674441456794739 0.111515112221241 0.16184496879577637
0 0.22599080204963684 0.5398120880126953 0.07565921545028687 0.11496913433074951
0 0.8778026700019836 0.7041242122650146 0.24439465999603271 0.256089985370636
0 0.2858602702617645 0.5077391266822815 0.02401357889175415 0.04687580466270447
0 0.5092194080352783 0.5131669044494629 0.05263251066207886 0.0690801739692688
0 0.4595475196838379 0.48553478717803955 0.054277271032333374 0.07056042551994324
0 0.3062553405761719 0.5116865634918213 0.025000423192977905 0.027632057666778564
0 0.07804413139820099 0.6182674169540405 0.15608826279640198 0.2116813063621521
0 0.24441218376159668 0.52303546667099 0.05526413023471832 0.08289620280265808
0 0.2750048041343689 0.5131669044494629 0.033224254846572876 0.05526414513587952
