1 0.5621808767318726 0.5259960293769836 0.012500226497650146 0.07006701827049255
0 0.4769820272922516 0.5067523121833801 0.019079267978668213 0.03207293152809143
1 0.6054710149765015 0.5196801424026489 0.015460789203643799 0.0692281424999237
0 0.11595577001571655 0.5780524611473083 0.09671222418546677 0.07450723648071289
0 0.152633935213089 0.6233662366867065 0.169301375746727 0.1355288028717041
0 0.007401445414870977 0.5921156406402588 0.014802890829741955 0.028618931770324707
0 0.36628928780555725 0.5068756341934204 0.028536677360534668 0.02615177631378174
0 0.054112788289785385 0.7031372785568237 0.10822557657957077 0.1998390555381775
0 0.4592185616493225 0.5289566516876221 0.02401357889175415 0.05329042673110962
0 0.20460884273052216 0.5526412725448608 0.06381690502166748 0.04934293031692505
0 0.2592148780822754 0.5810956954956055 0.10142728686332703 0.09309381246566772
0 0.2610790729522705 0.5310947895050049 0.0460534393787384 0.017763495445251465
0 0.8161327242851257 0.4692516326904297 0.06381690502166748 0.0424349308013916
0 0.5217196941375732 0.5106997489929199 0.07138282060623169 0.1287851631641388
0 0.1440814733505249 0.5363580584526062 0.01710556447505951 0.012335777282714844
1 0.756263256072998 0.5649769902229309 0.03980332612991333 0.15444350242614746
0 0.0769750326871872 0.5477069616317749 0.042434949427843094 0.030099213123321533
1 0.588957667350769 0.5304368734359741 0.021118760108947754 0.08911344408988953
0 0.4687581956386566 0.5210617780685425 0.01578974723815918 0.04736927151679993
0 0.35179173946380615 0.5217666029930115 0.045254647731781006 0.051880598068237305
0 0.9708232879638672 0.4719654321670532 0.05592221021652222 0.03318348526954651
0 0.038377679884433746 0.5597137212753296 0.052961453795433044 0.032730817794799805
0 0.7207363247871399 0.5126734375953674 0.06329059600830078 0.056349724531173706
0 0.15987122058868408 0.5393186211585999 0.02401357889175415 0.02368462085723877
0 0.31886518001556396 0.5529701709747314 0.06743541359901428 0.08010011911392212
0 0.261517733335495 0.5136603116989136 0.02335566282272339 0.017270028591156006
0 0.1460551917552948 0.5363580584526062 0.01447393000125885 0.013322591781616211
0 0.37204599380493164 0.6034644842147827 0.11184406280517578 0.12779825925827026
1 0.30625537037849426 0.5052720308303833 0.004276394844055176 0.008388340473175049
0 0.4174415171146393 0.542772650718689 0.07960665225982666 0.10707426071166992
0 0.20921418070793152 0.5250091552734375 0.028289958834648132 0.010361969470977783
