0 0.7437630295753479 0.5388252139091492 0.04868507385253906 0.028125524520874023
0 0.9790380001068115 0.5595492720603943 0.04192399978637695 0.04194152355194092
0 0.33520323038101196 0.542772650718689 0.02401357889175415 0.027138590812683105
0 0.35658520460128784 0.5358646512031555 0.029934734106063843 0.018750309944152832
0 0.24145159125328064 0.5324106216430664 0.0052632540464401245 0.009868621826171875
0 0.30428171157836914 0.5375915765762329 0.013816028833389282 0.01702338457107544
0 0.227964848279953 0.5361112952232361 0.0212174654006958 0.00789487361907959
0 0.20138543844223022 0.5352724194526672 0.029276758432388306 0.011447548866271973
0 0.2773074805736542 0.5250091552734375 0.012500226497650146 0.011842310428619385
0 0.4865216910839081 0.5338909029960632 0.0325663685798645 0.020724058151245117
0 0.05394831299781799 0.5417857766151428 0.03519798815250397 0.023191213607788086
0 0.6000105142593384 0.5338909029960632 0.051316678524017334 0.02615177631378174
0 0.42237579822540283 0.5289566516876221 0.029934734106063843 0.02319115400314331
0 0.5368515253067017 0.5309303998947144 0.037829577922821045 0.019737184047698975
