0 0.40494075417518616 0.5158808827400208 0.014144957065582275 0.01578974723815918
0 0.37763750553131104 0.5136603116989136 0.011019855737686157 0.01578974723815918
0 0.4255000948905945 0.5210617780685425 0.01003316044807434 0.021217525005340576
0 0.4358628988265991 0.5210617780685425 0.022697776556015015 0.022697746753692627
0 0.338163822889328 0.5181012153625488 0.011513352394104004 0.014309465885162354
0 0.46119171380996704 0.5240223407745361 0.02664521336555481 0.024178028106689453
0 0.360861599445343 0.5195814371109009 0.0190792977809906 0.0212174654006958
0 0.20279811322689056 0.6256696581840515 0.2259937822818756 0.23215985298156738
0 0.3118470311164856 0.5188411474227905 0.017105549573898315 0.019737184047698975
0 0.28108999133110046 0.5203217267990112 0.015132009983062744 0.018503785133361816
0 0.4768167734146118 0.5272294878959656 0.027632057666778564 0.024178028106689453
