0 0.29630935192108154 0.4593830406665802 0.007236987352371216 0.006907999515533447
0 0.2944130301475525 0.45099472999572754 0.009079128503799438 0.010855436325073242
1 0.596392035484314 0.4904690980911255 0.008552789688110352 0.011348873376846313
1 0.7852110862731934 0.4998442530632019 0.012171268463134766 0.04736921191215515
0 0.24934646487236023 0.4455670118331909 0.00822383165359497 0.010855436325073242
0 0.07927770167589188 0.503298282623291 0.03322426974773407 0.012335747480392456
1 0.4901401400566101 0.49639028310775757 0.007565945386886597 0.03157952427864075
0 0.1989070177078247 0.4777495861053467 0.018750324845314026 0.02154642343521118
0 0.1905108541250229 0.47171878814697266 0.005545198917388916 0.006908029317855835
0 0.10033070296049118 0.4993508458137512 0.028618916869163513 0.017763495445251465
0 0.056045401841402054 0.5025169849395752 0.03244299441576004 0.01924377679824829
0 0.2309250831604004 0.4603698253631592 0.007236972451210022 0.01003292202949524
0 0.2963867783546448 0.47023850679397583 0.011779636144638062 0.02072402834892273
0 0.28322863578796387 0.4593830406665802 0.004605352878570557 0.008388280868530273
0 0.1000487357378006 0.48884785175323486 0.028618916869163513 0.016776621341705322
0 0.17651621997356415 0.48010706901550293 0.024539917707443237 0.03187558054924011
0 0.22618821263313293 0.48819926381111145 0.02315826714038849 0.025460898876190186
1 0.7613769769668579 0.5119109153747559 0.015939295291900635 0.06594017148017883
0 0.8444226980209351 0.500831127166748 0.10296231508255005 0.062172144651412964
0 0.18222424387931824 0.49021071195602417 0.025251075625419617 0.02786707878112793
1 0.4980350732803345 0.4957323670387268 0.008881717920303345 0.036020368337631226
0 0.3210582435131073 0.46333047747612 0.03684276342391968 0.04539555311203003
0 0.19145071506500244 0.4731990694999695 0.00921069085597992 0.01381605863571167
0 0.13881821930408478 0.5102063417434692 0.041448093950748444 0.04835611581802368
0 0.18684537708759308 0.5131668448448181 0.03947436809539795 0.04144808650016785
0 0.6181029081344604 0.5102063417434692 0.10493606328964233 0.06365245580673218
0 0.34353822469711304 0.5342198014259338 0.13700884580612183 0.07713940739631653
0 0.21579334139823914 0.4746793508529663 0.013322561979293823 0.018503576517105103
1 0.0825672298669815 0.48158738017082214 0.010197527706623077 0.02368462085723877
0 0.06957358121871948 0.4946632385253906 0.024013575166463852 0.010855436325073242
0 0.10428344458341599 0.7496953010559082 0.20856688916683197 0.5006093978881836
0 0.12960752844810486 0.48444634675979614 0.015751078724861145 0.012727558612823486
1 0.7731256484985352 0.5091550946235657 0.01673370599746704 0.07154729962348938
0 0.4628370404243469 0.7936956882476807 0.2967766523361206 0.4126085638999939
0 0.3174397647380829 0.48158740997314453 0.027632057666778564 0.03700724244117737
0 0.250333309173584 0.46777135133743286 0.00811418890953064 0.012335747480392456
0 0.6996833682060242 0.49145588278770447 0.023355603218078613 0.030592620372772217
1 0.08190932869911194 0.49096256494522095 0.012171268463134766 0.018256932497024536
1 0.9654774069786072 0.5945827960968018 0.04572451114654541 0.19490471482276917
1 0.6463928818702698 0.6034644842147827 0.08947527408599854 0.19687843322753906
0 0.11378785967826843 0.4936539828777313 0.014294527471065521 0.024671494960784912
1 0.4684292674064636 0.4919494092464447 0.010526508092880249 0.03503352403640747
0 0.15921330451965332 0.4801070988178253 0.01743452250957489 0.02615177631378174
0 0.22434604167938232 0.46777135133743286 0.021053001284599304 0.015296310186386108
0 0.12000524997711182 0.49321824312210083 0.018421374261379242 0.02727961540222168
0 0.28322863578796387 0.46629106998443604 0.002631634473800659 0.013816028833389282
0 0.24112263321876526 0.460863322019577 0.010197535157203674 0.016776621341705322
1 0.8980420231819153 0.49688369035720825 0.015131831169128418 0.04095467925071716
1 0.9118582010269165 0.5144003629684448 0.021710872650146484 0.08561015129089355
1 0.8010478019714355 0.5136603116989136 0.017716407775878906 0.0654146671295166
