0 0.38125666975975037 0.5195814371109009 0.013158142566680908 0.014802873134613037
0 0.29342618584632874 0.5156340599060059 0.014473915100097656 0.010855495929718018
0 0.5661283731460571 0.5087260007858276 0.012500226497650146 0.017763465642929077
0 0.2687566578388214 0.5343836545944214 0.027302145957946777 0.030591905117034912
0 0.03503350913524628 0.574845552444458 0.07006701827049255 0.07894879579544067
0 0.31020280718803406 0.5097128748893738 0.012500226497650146 0.00789487361907959
0 0.37599343061447144 0.5156340599060059 0.008552789688110352 0.011842310428619385
0 0.21480639278888702 0.5417858362197876 0.04736924171447754 0.04391521215438843
0 0.31217652559280396 0.533890962600708 0.08717259764671326 0.048849523067474365
1 0.006908015348017216 0.525996208190918 0.005921156611293554 0.022697806358337402
0 0.15033158659934998 0.5496807098388672 0.04934297502040863 0.03996783494949341
0 0.5095484256744385 0.5516543388366699 0.046711355447769165 0.05871814489364624
0 0.3937568664550781 0.5126734375953674 0.009868592023849487 0.009868621826171875
0 0.4865216612815857 0.5077391266822815 0.0365138053894043 0.05773124098777771
0 0.0671084001660347 0.5200744867324829 0.007236972451210022 0.010360896587371826
0 0.14835786819458008 0.5195814371109009 0.0365137904882431 0.01776343584060669
1 0.5865234136581421 0.5106997489929199 0.003947436809539795 0.01578974723815918
0 0.35658520460128784 0.5215551853179932 0.005263239145278931 0.012829184532165527
0 0.5062588453292847 0.5136603116989136 0.009210705757141113 0.014802932739257812
0 0.165134459733963 0.5195814371109009 0.012500211596488953 0.014802873134613037
0 0.19506920874118805 0.5185946226119995 0.011842310428619385 0.012829184532165527
0 0.1861874759197235 0.5185946226119995 0.009868606925010681 0.011842310428619385
0 0.10098861157894135 0.5215551853179932 0.020066142082214355 0.013815999031066895
0 0.1730293482542038 0.5156340599060059 0.020066142082214355 0.01381605863571167
0 0.07861979305744171 0.5615229606628418 0.02598728984594345 0.048849523067474365
0 0.26480725407600403 0.5146471261978149 0.02401357889175415 0.04588896036148071
0 0.35263776779174805 0.5215551853179932 0.012500196695327759 0.024178028106689453
1 0.9200818538665771 0.5393186211585999 0.021381914615631104 0.03404664993286133
0 0.24145159125328064 0.5388252139091492 0.018092438578605652 0.03207290172576904
1 0.1463167369365692 0.5229381322860718 0.006908014416694641 0.01825690269470215
0 0.6421165466308594 0.5097128748893738 0.07993561029434204 0.15049603581428528
1 0.1978307068347931 0.5640503168106079 0.029727861285209656 0.08992522954940796
0 0.5763258934020996 0.5136603116989136 0.015460789203643799 0.01578974723815918
0 0.554286003112793 0.5097128748893738 0.01809239387512207 0.023191213607788086
0 0.858238697052002 0.7184336185455322 0.28158390522003174 0.332078218460083
0 0.5184301137924194 0.5087260007858276 0.010526478290557861 0.014802932739257812
1 0.16316848993301392 0.5673443078994751 0.028091609477996826 0.08694034814834595
0 0.025329390540719032 0.5289566516876221 0.02730311080813408 0.01381605863571167
0 0.12039683759212494 0.5225420594215393 0.011842302978038788 0.012829184532165527
