1 0.17171353101730347 0.5482003688812256 0.006908029317855835 0.017270028591156006
0 0.2289513647556305 0.5585623979568481 0.03125055134296417 0.02615177631378174
0 0.24934646487236023 0.537838339805603 0.011184394359588623 0.008881747722625732
0 0.5204038619995117 0.5289566516876221 0.006579041481018066 0.00592118501663208
0 0.3825724720954895 0.5437595248222351 0.009210675954818726 0.012829184532165527
0 0.2575702965259552 0.5575755834579468 0.0325663685798645 0.040954649448394775
0 0.43915241956710815 0.5338909029960632 0.012500226497650146 0.00789487361907959
1 0.6085633039474487 0.537838339805603 0.006907999515533447 0.011348903179168701
0 0.49836400151252747 0.5615229606628418 0.0325663685798645 0.03996783494949341
0 0.4996798038482666 0.5329040288925171 0.028618931770324707 0.04292839765548706
0 0.5157985091209412 0.5368515253067017 0.009868621826171875 0.012829124927520752
0 0.7783030867576599 0.6552746295928955 0.26217567920684814 0.25658345222473145
0 0.2694126069545746 0.6355374455451965 0.09901487827301025 0.11792969703674316
0 0.3993490934371948 0.542772650718689 0.012500226497650146 0.014802932739257812
0 0.18026630580425262 0.5437594652175903 0.05789574980735779 0.03799408674240112
0 0.8684362173080444 0.537838339805603 0.025987327098846436 0.010855436325073242
0 0.37007224559783936 0.5457332134246826 0.025987297296524048 0.020724058151245117
0 0.9694161415100098 0.5457332134246826 0.061167776584625244 0.03207296133041382
0 0.05460621789097786 0.7889940738677979 0.10855453461408615 0.30049872398376465
1 0.911858081817627 0.5560952425003052 0.010526478290557861 0.048849523067474365
0 0.40658605098724365 0.537838339805603 0.009210675954818726 0.0098685622215271
0 0.32796627283096313 0.6005039215087891 0.06579062342643738 0.08190929889678955
0 0.3898094594478607 0.570898175239563 0.0325663685798645 0.04588896036148071
1 0.8562649488449097 0.5620164275169373 0.014473974704742432 0.06611955165863037
0 0.41184931993484497 0.537838339805603 0.007236957550048828 0.00789487361907959
0 0.5713915824890137 0.537838339805603 0.008552789688110352 0.0098685622215271
1 0.32763731479644775 0.5437595248222351 0.005921155214309692 0.01825690269470215
0 0.11447568237781525 0.5896484851837158 0.06250109523534775 0.04786264896392822
0 0.4631659984588623 0.537838339805603 0.011842310428619385 0.014802873134613037
0 0.3957306146621704 0.5388252139091492 0.010526508092880249 0.014802932739257812
0 0.3825724720954895 0.5299434661865234 0.009868592023849487 0.014802873134613037
0 0.5743521451950073 0.5279697179794312 0.011184394359588623 0.014802873134613037
1 0.5852075815200806 0.5333974957466125 0.004605352878570557 0.00789487361907959
0 0.8742663860321045 0.855022668838501 0.25146716833114624 0.28995466232299805
0 0.5503385663032532 0.5319172143936157 0.0480271577835083 0.08881735801696777
0 0.6161292195320129 0.5965564846992493 0.07105386257171631 0.08092248439788818
0 0.17039772868156433 0.6824132204055786 0.17960840463638306 0.17467409372329712
0 0.40263861417770386 0.5289566516876221 0.010526508092880249 0.012829124927520752
0 0.526324987411499 0.5417858362197876 0.016776621341705322 0.030099213123321533
0 0.5815891027450562 0.5654704570770264 0.04934293031692505 0.056744396686553955
0 0.3753355145454407 0.5807667374610901 0.05394831299781799 0.0577312707901001
