0 0.5204038619995117 0.8109513521194458 0.3542388677597046 0.3780973553657532
1 0.8783048391342163 0.6439257264137268 0.0480271577835083 0.12829172611236572
1 0.3401375412940979 0.5718849897384644 0.02105298638343811 0.06414586305618286
0 0.5384962558746338 0.533890962600708 0.01611870527267456 0.019737184047698975
0 0.5046803951263428 0.5264894962310791 0.010526478290557861 0.012829184532165527
0 0.0960543155670166 0.570898175239563 0.016118697822093964 0.017270028591156006
1 0.7283022403717041 0.542772650718689 0.011184394359588623 0.04736924171447754
0 0.5072457194328308 0.5269829034805298 0.007236957550048828 0.009758949279785156
1 0.8431068658828735 0.5156340599060059 0.007434248924255371 0.029408633708953857
0 0.5521356463432312 0.5367377400398254 0.02150869369506836 0.026911139488220215
1 0.49300408363342285 0.6109560132026672 0.02927684783935547 0.04777264595031738
0 0.6250109672546387 0.5407989621162415 0.027632057666778564 0.028618931770324707
1 0.3371517062187195 0.5649769902229309 0.015789777040481567 0.06069183349609375
1 0.7552763819694519 0.540305495262146 0.010526537895202637 0.04835611581802368
1 0.5960630178451538 0.6044514179229736 0.010526478290557861 0.04835611581802368
1 0.6598799228668213 0.6774789690971375 0.04276388883590698 0.19046390056610107
1 0.7868558764457703 0.6439257860183716 0.04342186450958252 0.1766478419303894
1 0.6706812381744385 0.5776417255401611 0.02232825756072998 0.08130019903182983
1 0.9140768051147461 0.5506570339202881 0.01578974723815918 0.0568808913230896
0 0.4896232485771179 0.5173962712287903 0.009586602449417114 0.01367497444152832
1 0.7980402708053589 0.5955696105957031 0.038158535957336426 0.1263180375099182
1 0.3730328381061554 0.5630033016204834 0.019408226013183594 0.06488591432571411
0 0.5282163619995117 0.518101155757904 0.013404667377471924 0.024178028106689453
0 0.03782960772514343 0.5768193006515503 0.03223740682005882 0.02911233901977539
1 0.9181081652641296 0.6315900087356567 0.051645636558532715 0.11595594882965088
0 0.17171353101730347 0.5560952425003052 0.01842138171195984 0.022204339504241943
1 0.8437647819519043 0.5023114085197449 0.006907999515533447 0.012335747480392456
0 0.15493690967559814 0.5590558052062988 0.0250004380941391 0.022204339504241943
1 0.9006279706954956 0.5378379821777344 0.019884586334228516 0.05403846502304077
1 0.8662959933280945 0.608399510383606 0.02401411533355713 0.12557846307754517
1 0.4803786873817444 0.6024776697158813 0.03552669286727905 0.06792885065078735
0 0.45987647771835327 0.533890962600708 0.02105298638343811 0.01924377679824829
1 0.3540509343147278 0.540305495262146 0.010526508092880249 0.01578974723815918
0 0.47204774618148804 0.5240223407745361 0.021710902452468872 0.0325663685798645
0 0.5088905096054077 0.5279697179794312 0.007565915584564209 0.011348903179168701
1 0.3500061333179474 0.56843101978302 0.019408226013183594 0.06051898002624512
1 0.6782453060150146 0.5245157480239868 0.010526478290557861 0.02754807472229004
0 0.534548819065094 0.5210617780685425 0.009539604187011719 0.008388340473175049
0 0.491784930229187 0.5496806502342224 0.02664521336555481 0.028618931770324707
1 0.0018914805259555578 0.5871813297271729 0.0037829610519111156 0.021710872650146484
0 0.5299434661865234 0.5324106216430664 0.009539663791656494 0.01578974723815918
1 0.549338161945343 0.6140719652175903 0.028947830200195312 0.03750014305114746
1 0.6756697297096252 0.5324106216430664 0.008552789688110352 0.028618931770324707
1 0.9855435490608215 0.64244544506073 0.027961015701293945 0.08733701705932617
0 0.3133278787136078 0.5422792434692383 0.017105579376220703 0.01652991771697998
1 0.3829014301300049 0.5560952425003052 0.010526508092880249 0.03277909755706787
1 0.1381603181362152 0.6236951351165771 0.029276825487613678 0.15296322107315063
0 0.04901401698589325 0.5699112415313721 0.012829173356294632 0.016776621341705322
1 0.6087354421615601 0.6177800893783569 0.03487151861190796 0.08327704668045044
0 0.29490649700164795 0.5437594652175903 0.02138194441795349 0.017270028591156006
0 0.46645551919937134 0.5422792434692383 0.021710902452468872 0.02713865041732788
1 0.6773145198822021 0.6404716968536377 0.03980332612991333 0.13964062929153442
0 0.5191704034805298 0.5250091552734375 0.010526478290557861 0.011718690395355225
1 0.6430978178977966 0.6574918031692505 0.03459429740905762 0.17022651433944702
1 0.018010184168815613 0.6587285995483398 0.036020368337631226 0.20625358819961548
0 0.4937586486339569 0.5279697179794312 0.013158142566680908 0.011348903179168701
1 0.6606881618499756 0.580569326877594 0.021875441074371338 0.08028101921081543
1 0.6809329986572266 0.636030912399292 0.04276388883590698 0.14309459924697876
1 0.35974299907684326 0.5630033016204834 0.011842310428619385 0.060691893100738525
0 0.5157985091209412 0.5353711843490601 0.01809239387512207 0.022697746753692627
0 0.11612045019865036 0.565963864326477 0.0230267196893692 0.01924377679824829
0 0.878131628036499 0.8397263288497925 0.24373674392700195 0.32054734230041504
0 0.5062588453292847 0.5437594652175903 0.01809239387512207 0.02713865041732788
1 0.7342233657836914 0.5411271452903748 0.00822383165359497 0.04506552219390869
0 0.4595475196838379 0.5250091552734375 0.010526508092880249 0.00592118501663208
0 0.49277177453041077 0.5309303402900696 0.011020421981811523 0.007648944854736328
0 0.2771425247192383 0.5467200875282288 0.022039860486984253 0.018008947372436523
1 0.6390846371650696 0.652442216873169 0.04153478145599365 0.1200372576713562
