0 0.06398138403892517 0.5921156406402588 0.12796276807785034 0.08980423212051392
1 0.4940876066684723 0.5097128748893738 0.00822383165359497 0.037994056940078735
0 0.44277089834213257 0.5003377199172974 0.012500226497650146 0.021710902452468872
1 0.5079036355018616 0.5023114085197449 0.006250143051147461 0.031086057424545288
0 0.34562015533447266 0.5378387570381165 0.03782948851585388 0.04638242721557617
0 0.24901752173900604 0.5250091552734375 0.054277271032333374 0.03996783494949341
0 0.36250633001327515 0.49639028310775757 0.0190792977809906 0.008388310670852661
0 0.14909878373146057 0.570898175239563 0.05501766502857208 0.06722956895828247
0 0.33043351769447327 0.5050253868103027 0.012006819248199463 0.006414592266082764
0 0.3367162346839905 0.5440060496330261 0.017730742692947388 0.038092732429504395
0 0.051069971174001694 0.6814264059066772 0.10213994234800339 0.1944112777709961
0 0.4302706718444824 0.5116865634918213 0.023355692625045776 0.03207296133041382
0 0.35494041442871094 0.532082200050354 0.02467137575149536 0.039309799671173096
0 0.34145331382751465 0.5045320391654968 0.01085546612739563 0.012335777282714844
0 0.4707319140434265 0.5003377199172974 0.041119128465652466 0.06809332966804504
1 0.5217196941375732 0.5106997489929199 0.010855495929718018 0.04539552330970764
0 0.1694108545780182 0.5259960293769836 0.016447648406028748 0.015296339988708496
1 0.5167853832244873 0.5042851567268372 0.009539663791656494 0.04243496060371399
0 0.44079717993736267 0.5077391266822815 0.008881747722625732 0.031086057424545288
0 0.15000256896018982 0.5380853414535522 0.026316195726394653 0.021464407444000244
0 0.3618484437465668 0.5077396631240845 0.014693081378936768 0.011677682399749756
0 0.21809685230255127 0.5779705047607422 0.10000109672546387 0.1046067476272583
0 0.3519798517227173 0.5003377199172974 0.002631634473800659 0.006414562463760376
0 0.19770082831382751 0.52303546667099 0.015131831169128418 0.008388280868530273
0 0.31645289063453674 0.6330702900886536 0.1401340216398239 0.1514829397201538
1 0.28553131222724915 0.5067522525787354 0.0026316046714782715 0.004934251308441162
0 0.3980332612991333 0.5324106216430664 0.06579062342643738 0.08437645435333252
0 0.2988542914390564 0.542772650718689 0.0748363733291626 0.06389856338500977
