0 0.656590461730957 0.500831127166748 0.02401357889175415 0.012829184532165527
0 0.3667828440666199 0.51227867603302 0.009736984968185425 0.0098685622215271
0 0.2687547206878662 0.5176076889038086 0.013816028833389282 0.011842310428619385
0 0.16776609420776367 0.5329040288925171 0.022697776556015015 0.019737184047698975
0 0.18947699666023254 0.5279697775840759 0.029934734106063843 0.028125524520874023
0 0.22434602677822113 0.5259960889816284 0.027961015701293945 0.02417808771133423
0 0.06052737310528755 0.5407989025115967 0.021381951868534088 0.025164902210235596
0 0.3239092528820038 0.5160568952560425 0.0035401582717895508 0.009586632251739502
0 0.49691659212112427 0.5803719758987427 0.0753302276134491 0.09789639711380005
0 0.47040295600891113 0.5126734375953674 0.010526508092880249 0.013815999031066895
0 0.49639028310775757 0.5083970427513123 0.030373364686965942 0.05181014537811279
0 0.28586024045944214 0.5195814371109009 0.017105549573898315 0.014802873134613037
0 0.44704729318618774 0.5047785639762878 0.04473763704299927 0.076975017786026
0 0.41250723600387573 0.505765438079834 0.013816028833389282 0.011842280626296997
0 0.07607035338878632 0.5412924289703369 0.018832534551620483 0.025164902210235596
0 0.31283441185951233 0.5185946226119995 0.008552789688110352 0.012829184532165527
0 0.4789557456970215 0.5106997489929199 0.007236957550048828 0.010855495929718018
0 0.3957306146621704 0.5185946226119995 0.02138194441795349 0.025164902210235596
0 0.3493482172489166 0.5146471261978149 0.00789487361907959 0.0098685622215271
0 0.4671134352684021 0.5087260007858276 0.006579041481018066 0.006908059120178223
0 0.4787364602088928 0.5417857766151428 0.03761032223701477 0.04161250591278076
0 0.084540955722332 0.5398120880126953 0.051974598318338394 0.031086087226867676
0 0.32993999123573303 0.5156340003013611 0.016776621341705322 0.012829184532165527
0 0.4230337142944336 0.5097128748893738 0.0019737184047698975 0.0029605627059936523
0 0.481316477060318 0.514008641242981 0.005495429039001465 0.010158836841583252
0 0.24342530965805054 0.5259960889816284 0.013816043734550476 0.016776621341705322
0 0.3779074549674988 0.5107893943786621 0.008971422910690308 0.011393725872039795
0 0.5582334995269775 0.5106997489929199 0.011842310428619385 0.012829184532165527
0 0.5164564251899719 0.505765438079834 0.00789487361907959 0.011842280626296997
0 0.29868942499160767 0.520568311214447 0.01940825581550598 0.013815999031066895
0 0.34013769030570984 0.5144278407096863 0.011257469654083252 0.012061595916748047
0 0.25888609886169434 0.5240223407745361 0.020724043250083923 0.013815999031066895
