0 0.6348795294761658 0.5491872429847717 0.035855889320373535 0.0577312707901001
1 0.5455688238143921 0.47492656111717224 0.004605352878570557 0.013569355010986328
0 0.8231964111328125 0.7036307454109192 0.3536071181297302 0.431751012802124
0 0.5667862296104431 0.5131669044494629 0.021052956581115723 0.03602033853530884
0 0.4398103356361389 0.4993508458137512 0.01842138171195984 0.020724058151245117
0 0.5391541719436646 0.4939231276512146 0.012829184532165527 0.012335777282714844
0 0.56843101978302 0.5171143412590027 0.01381605863571167 0.03700724244117737
0 0.4766530990600586 0.4746793508529663 0.002631634473800659 0.006908029317855835
0 0.5289566516876221 0.4786267876625061 0.012829124927520752 0.017763465642929077
1 0.20691151916980743 0.5407989025115967 0.01611870527267456 0.06710642576217651
0 0.5437595248222351 0.5047785639762878 0.01644766330718994 0.02220436930656433
1 0.3733617961406708 0.5067523121833801 0.010526478290557861 0.015789777040481567
0 0.460863322019577 0.5116865634918213 0.025000452995300293 0.029112309217453003
1 0.5611940622329712 0.4939231276512146 0.006579101085662842 0.012829184532165527
0 0.3957306146621704 0.5491872429847717 0.07072490453720093 0.06463932991027832
0 0.6190897822380066 0.537838339805603 0.03848755359649658 0.05526411533355713
0 0.469087153673172 0.4746793508529663 0.007236957550048828 0.01085546612739563
0 0.4940875768661499 0.4939231276512146 0.03947436809539795 0.0730276107788086
0 0.5381673574447632 0.488495409488678 0.021053016185760498 0.02072402834892273
0 0.4608633518218994 0.4771465063095093 0.013816028833389282 0.017763495445251465
0 0.557575523853302 0.5146471261978149 0.012829184532165527 0.027632057666778564
1 0.40263861417770386 0.508232593536377 0.009539633989334106 0.03404664993286133
0 0.4727056324481964 0.4746793508529663 0.004605352878570557 0.008388310670852661
0 0.49671921133995056 0.5131669044494629 0.03684276342391968 0.0345400869846344
0 0.4628370404243469 0.4746793508529663 0.011184394359588623 0.012335747480392456
0 0.39277005195617676 0.5768193006515503 0.07467237114906311 0.08289623260498047
0 0.4194152355194092 0.5185946226119995 0.027632057666778564 0.03157949447631836
0 0.4977060854434967 0.5699112415313721 0.0690801739692688 0.0828961730003357
0 0.5960630774497986 0.5240223407745361 0.03947436809539795 0.05230355262756348
0 0.3983622193336487 0.4978705644607544 0.06085631251335144 0.03700724244117737
0 0.5335619449615479 0.5131669044494629 0.026645243167877197 0.03157952427864075
0 0.4552711248397827 0.488495409488678 0.01842135190963745 0.023684650659561157
0 0.4230337142944336 0.5131669044494629 0.025658339262008667 0.03602033853530884
0 0.4592185616493225 0.48158735036849976 0.011842310428619385 0.013816028833389282
0 0.6743538975715637 0.5546149611473083 0.07730400562286377 0.09227132797241211
0 0.32204511761665344 0.5615229606628418 0.07533025741577148 0.08536332845687866
0 0.24835960566997528 0.5407989025115967 0.1095413863658905 0.0690801739692688
0 0.5842207670211792 0.5185946226119995 0.03684276342391968 0.04835611581802368
0 0.37434864044189453 0.536358118057251 0.033224254846572876 0.04292839765548706
0 0.44704729318618774 0.49639028310775757 0.014802873134613037 0.019243746995925903
