0 0.6898146867752075 0.5279697775840759 0.01842135190963745 0.015296339988708496
0 0.43717870116233826 0.5447463989257812 0.01842135190963745 0.02368462085723877
0 0.56843101978302 0.5412923693656921 0.017105579376220703 0.015296339988708496
0 0.30822908878326416 0.5477069616317749 0.006908029317855835 0.011348843574523926
0 0.4838900566101074 0.5373449325561523 0.01578974723815918 0.013322591781616211
0 0.5065878629684448 0.5373449325561523 0.008881747722625732 0.009375214576721191
0 0.8958054780960083 0.5510623455047607 0.07250142097473145 0.057928621768951416
0 0.4182639718055725 0.552888035774231 0.029934734106063843 0.03454005718231201
0 0.4283674657344818 0.5385608673095703 0.006884515285491943 0.007401406764984131
0 0.7569211721420288 0.5363580584526062 0.01842135190963745 0.021710872650146484
0 0.4187573194503784 0.5304369330406189 0.012500226497650146 0.013322591781616211
0 0.9355427026748657 0.5600427389144897 0.008881747722625732 0.03996783494949341
0 0.4667844772338867 0.5353711843490601 0.012500226497650146 0.007401406764984131
0 0.48446571826934814 0.6330704092979431 0.14946821331977844 0.1770796775817871
0 0.6134975552558899 0.5393186807632446 0.01578974723815918 0.027632057666778564
0 0.7404735088348389 0.5240223407745361 0.017105519771575928 0.015296339988708496
0 0.7069202661514282 0.5240223407745361 0.020724058151245117 0.021710872650146484
0 0.5970499515533447 0.5269829034805298 0.01381605863571167 0.007401466369628906
0 0.6740249395370483 0.5304368734359741 0.010855436325073242 0.014309465885162354
1 0.6858672499656677 0.5832338929176331 0.027303099632263184 0.07598817348480225
0 0.8283039331436157 0.5363580584526062 0.026645243167877197 0.031086087226867676
0 0.5559307932853699 0.5412923693656921 0.020724058151245117 0.016283154487609863
0 0.47566622495651245 0.5333974957466125 0.0049343109130859375 0.007401466369628906
1 0.7467706799507141 0.5157045125961304 0.006579041481018066 0.011842310428619385
0 0.49474549293518066 0.5393186807632446 0.007565915584564209 0.012335717678070068
0 0.23881995677947998 0.6518206000328064 0.21217475831508636 0.21020102500915527
0 0.5052720308303833 0.5353711843490601 0.004934251308441162 0.006414592266082764
0 0.47007399797439575 0.5393186807632446 0.02072402834892273 0.012335717678070068
0 0.45987647771835327 0.5457332134246826 0.020724058151245117 0.009375154972076416
0 0.5161274671554565 0.5363580584526062 0.02335566282272339 0.010362029075622559
0 0.8667914867401123 0.531423807144165 0.050000905990600586 0.0310860276222229
0 0.4516526460647583 0.5412923693656921 0.006907999515533447 0.010362029075622559
