0 0.6789592504501343 0.5630033016204834 0.05888259410858154 0.0675998330116272
0 0.5806022882461548 0.5146471858024597 0.025000393390655518 0.03157952427864075
0 0.4269811511039734 0.5161274671554565 0.010197550058364868 0.020724058151245117
1 0.7148151397705078 0.5166208744049072 0.013487100601196289 0.028125524520874023
0 0.47928470373153687 0.4978705644607544 0.011842310428619385 0.016776591539382935
0 0.46448180079460144 0.5082313418388367 0.02401357889175415 0.03157949447631836
0 0.29901838302612305 0.570898175239563 0.06611958146095276 0.0675998330116272
0 0.511522114276886 0.5062588453292847 0.01743447780609131 0.022204339504241943
0 0.526324987411499 0.4978705644607544 0.011842310428619385 0.015296339988708496
0 0.7424472570419312 0.5723784565925598 0.11217302083969116 0.11052823066711426
1 0.7525182366371155 0.5104026198387146 0.01414501667022705 0.026743084192276
1 0.34671658277511597 0.5077391266822815 0.00822383165359497 0.020230621099472046
0 0.4628370404243469 0.4924428462982178 0.011842310428619385 0.008388310670852661
1 0.6486955881118774 0.5102062821388245 0.00822383165359497 0.028125494718551636
0 0.4194152355194092 0.5133302807807922 0.00756603479385376 0.02615177631378174
1 0.5901418924331665 0.49737709760665894 0.00822383165359497 0.015789717435836792
0 0.49869292974472046 0.500831127166748 0.01019752025604248 0.009868592023849487
1 0.7431051135063171 0.5102063417434692 0.01644766330718994 0.024671494960784912
0 0.43158650398254395 0.5131669044494629 0.01842138171195984 0.024671494960784912
1 0.6658011674880981 0.5077391266822815 0.00822383165359497 0.028125494718551636
0 0.5868524312973022 0.5200749039649963 0.027632057666778564 0.03157949447631836
0 0.3763223886489868 0.537838339805603 0.02401357889175415 0.03848749399185181
0 0.40058255195617676 0.5106989145278931 0.0351158082485199 0.05563431978225708
0 0.5217196345329285 0.49639028310775757 0.012829184532165527 0.020724058151245117
0 0.49310073256492615 0.525502622127533 0.03486901521682739 0.046875834465026855
0 0.653958797454834 0.5516543984413147 0.046053409576416016 0.05526411533355713
1 0.3648087680339813 0.505106508731842 0.00822383165359497 0.020230650901794434
1 0.7342233657836914 0.5121800303459167 0.013487100601196289 0.024671465158462524
1 0.3574063181877136 0.5042831301689148 0.009375810623168945 0.018011480569839478
1 0.602971076965332 0.5067522525787354 0.006908059120178223 0.028125464916229248
0 0.3348742723464966 0.5546149611473083 0.044079720973968506 0.05230355262756348
0 0.39934849739074707 0.527721643447876 0.01611950993537903 0.03454005718231201
0 0.38224270939826965 0.5311753749847412 0.03536278009414673 0.04835611581802368
1 0.8424489498138428 0.5516543388366699 0.01644766330718994 0.07204073667526245
1 0.6891567707061768 0.512179970741272 0.004605352878570557 0.020230591297149658
0 0.6200766563415527 0.5240223407745361 0.04309284687042236 0.05230355262756348
0 0.4782978296279907 0.4978705644607544 0.011842340230941772 0.01085546612739563
0 0.3509921431541443 0.5420308113098145 0.04325786232948303 0.05452442169189453
0 0.4398103356361389 0.5062588453292847 0.01842138171195984 0.027632087469100952
0 0.4177704453468323 0.5213891267776489 0.0055921971797943115 0.020231187343597412
1 0.698698103427887 0.5125073790550232 0.01414501667022705 0.0212174654006958
0 0.622708261013031 0.5353711843490601 0.04309284687042236 0.04687577486038208
0 0.5279697775840759 0.4978705644607544 0.01019752025604248 0.01085546612739563
0 0.4766530990600586 0.5906352996826172 0.08454099297523499 0.1115151047706604
