1 0.3993490934371948 0.542772650718689 0.022039830684661865 0.08141589164733887
1 0.25066226720809937 0.4993508458137512 0.004276379942893982 0.011348873376846313
0 0.37007227540016174 0.4865216612815857 0.13552868366241455 0.07401442527770996
0 0.01414498407393694 0.5546149611473083 0.027632063254714012 0.046875834465026855
0 0.26579412817955017 0.5235289335250854 0.03881646692752838 0.04391521215438843
1 0.295728862285614 0.5136603116989136 0.010197550058364868 0.03552690148353577
1 0.07894875109195709 0.5388252139091492 0.018750324845314026 0.0636523962020874
1 0.9013315439224243 0.540305495262146 0.033882200717926025 0.12730488181114197
0 0.9243495464324951 0.6384980082511902 0.15130096673965454 0.24868857860565186
0 0.4611922800540924 0.4993508458137512 0.046382367610931396 0.03552696108818054
1 0.02730311080813408 0.540305495262146 0.012829171493649483 0.057237863540649414
1 0.5361936092376709 0.5950762033462524 0.04506659507751465 0.20131933689117432
0 0.34342706203460693 0.5146471858024597 0.06546169519424438 0.05822470784187317
2 0.04079018905758858 0.542772650718689 0.03388217091560364 0.0636523962020874
0 0.16702595353126526 0.7776452302932739 0.3340519070625305 0.3996780514717102
1 0.3634932041168213 0.5477069616317749 0.02368462085723877 0.09276479482650757
1 0.4417840242385864 0.4865216612815857 0.005921155214309692 0.015296310186386108
