0 0.44059982895851135 0.5001403093338013 0.004276394844055176 0.0021710991859436035
0 0.2710573673248291 0.5087260007858276 0.022697776556015015 0.013322591781616211
0 0.48948225378990173 0.5087260007858276 0.006907999515533447 0.010362029075622559
0 0.9595562815666199 0.6138265132904053 0.08026456832885742 0.09375160932540894
0 0.5325751304626465 0.5079858899116516 0.008881747722625732 0.010362029075622559
0 0.29309722781181335 0.5052720308303833 0.011513352394104004 0.010361969470977783
0 0.42007315158843994 0.503298282623291 0.006908029317855835 0.0029605627059936523
0 0.4111914038658142 0.503298282623291 0.006907999515533447 0.003947436809539795
0 0.43280380964279175 0.5423527956008911 0.01610216498374939 0.003947436809539795
0 0.4789557456970215 0.5042850971221924 0.006907999515533447 0.003947436809539795
0 0.10098861157894135 0.6982029676437378 0.2019772231578827 0.4342181086540222
0 0.21678009629249573 0.5067522525787354 0.034869030117988586 0.017270028591156006
0 0.5388252139091492 0.5087260007858276 0.006908059120178223 0.010362029075622559
0 0.3075711727142334 0.5052720308303833 0.011513352394104004 0.010361969470977783
0 0.4838900566101074 0.5106997489929199 0.009539633989334106 0.012335717678070068
0 0.3210582435131073 0.5052720308303833 0.011513352394104004 0.010361969470977783
0 0.5210617780685425 0.5116865634918213 0.01151341199874878 0.014309465885162354
0 0.6000105142593384 0.5664572715759277 0.06250107288360596 0.0636523962020874
0 0.43717870116233826 0.5116865634918213 0.017105579376220703 0.024671494960784912
0 0.4092176854610443 0.5200749039649963 0.025329411029815674 0.031086087226867676
0 0.34309810400009155 0.49639028310775757 0.0365138053894043 0.031086087226867676
0 0.5121800303459167 0.5106997489929199 0.001973748207092285 0.010362029075622559
0 0.4743503928184509 0.4976590573787689 0.016447633504867554 0.017270028591156006
0 0.5003377199172974 0.5106997489929199 0.00822383165359497 0.010362029075622559
