0 0.5059298872947693 0.4963902533054352 0.015789717435836792 0.01776343584060669
0 0.48948225378990173 0.4963902533054352 0.014802873134613037 0.01776343584060669
0 0.24737274646759033 0.5023114085197449 0.14901576936244965 0.07598817348480225
0 0.5156339406967163 0.4731990694999695 0.004112064838409424 0.009868621826171875
1 0.9587661027908325 0.562213659286499 0.02197432518005371 0.0962187647819519
1 0.048132721334695816 0.5028048753738403 0.02039509266614914 0.06299358606338501
1 0.41086244583129883 0.4924428164958954 0.005921155214309692 0.022697746753692627
1 0.7611975073814392 0.5018166303634644 0.01776707172393799 0.06957221031188965
1 0.21923452615737915 0.5300580859184265 0.015131831169128418 0.08012500405311584
1 0.44145509600639343 0.4944165349006653 0.007236957550048828 0.022697776556015015
1 0.15099665522575378 0.49122506380081177 0.03849200904369354 0.06120479106903076
0 0.5898129940032959 0.4986723065376282 0.020696699619293213 0.04767754673957825
1 0.14572623372077942 0.47171878814697266 0.01578974723815918 0.04786267876625061
1 0.41612571477890015 0.49145597219467163 0.015131860971450806 0.0439152717590332
0 0.29084861278533936 0.6053571701049805 0.15336880087852478 0.15787726640701294
1 0.20789837837219238 0.46382391452789307 0.00921069085597992 0.00789487361907959
0 0.49310073256492615 0.5592825412750244 0.10669642686843872 0.05367720127105713
1 0.25181347131729126 0.5087260007858276 0.0248357355594635 0.05773147940635681
1 0.9378453493118286 0.5630033016204834 0.013158142566680908 0.09819251298904419
0 0.48347461223602295 0.477769672870636 0.014231473207473755 0.03077411651611328
1 0.16546697914600372 0.5041758418083191 0.02631625533103943 0.06152975559234619
0 0.511522114276886 0.47566622495651245 0.007236957550048828 0.009868592023849487
1 0.023244449868798256 0.4861936569213867 0.03278786316514015 0.08009958267211914
0 0.7213941812515259 0.6330702900886536 0.18125313520431519 0.1805952787399292
0 0.49507445096969604 0.47023850679397583 0.013815999031066895 0.015296310186386108
1 0.989153265953064 0.5639901161193848 0.021693408489227295 0.10312682390213013
0 0.6223793029785156 0.5023114085197449 0.043216168880462646 0.04706081748008728
0 0.4625334143638611 0.48158735036849976 0.037348777055740356 0.06319698691368103
1 0.9263980388641357 0.5590558052062988 0.020395100116729736 0.10115307569503784
0 0.3687618374824524 0.5062588453292847 0.11340704560279846 0.06636521220207214
1 0.00855278130620718 0.5146471858024597 0.015131844207644463 0.046875834465026855
1 0.2151353359222412 0.525502622127533 0.020395085215568542 0.08437648415565491
1 0.19737187027931213 0.4924428462982178 0.010526493191719055 0.03157952427864075
1 0.2035120725631714 0.5245157480239868 0.02193070948123932 0.08273133635520935
1 0.15625274181365967 0.48750853538513184 0.009868606925010681 0.019737184047698975
1 0.18849052488803864 0.5097128748893738 0.020395100116729736 0.06957414746284485
1 0.7483683824539185 0.5245157480239868 0.02236884832382202 0.05279695987701416
0 0.49310070276260376 0.5357301831245422 0.0809224545955658 0.03700721263885498
1 0.915805459022522 0.5630033016204834 0.02565830945968628 0.10312682390213013
0 0.4516526460647583 0.7228745222091675 0.26217567920684814 0.35872334241867065
1 0.22960928082466125 0.5185946226119995 0.015131831169128418 0.08116871118545532
0 0.6074894666671753 0.4957851767539978 0.037829577922821045 0.04983639717102051
1 0.3615194857120514 0.47763994336128235 0.013158142566680908 0.014802873134613037
0 0.5095484256744385 0.4954034090042114 0.0072370171546936035 0.017763495445251465
0 0.5575755834579468 0.488495409488678 0.01381605863571167 0.019243746995925903
1 0.28677165508270264 0.5028048753738403 0.02434253692626953 0.055605918169021606
1 0.2648072838783264 0.4944165349006653 0.009868592023849487 0.04687580466270447
0 0.8325803279876709 0.5916222333908081 0.12779587507247925 0.11916226148605347
1 0.82547527551651 0.5128706097602844 0.01986861228942871 0.04509925842285156
1 0.7636942267417908 0.5028048157691956 0.013552665710449219 0.05457386374473572
0 0.5309303402900696 0.48553478717803955 0.01019752025604248 0.013816028833389282
1 0.7663860321044922 0.5388258695602417 0.023027002811431885 0.06069141626358032
1 0.42566534876823425 0.49145597219467163 0.007236957550048828 0.025658369064331055
1 0.20789837837219238 0.4995753765106201 0.009639725089073181 0.045383453369140625
1 0.7371875047683716 0.500831127166748 0.01743227243423462 0.05772861838340759
0 0.528717041015625 0.47023850679397583 0.02903825044631958 0.017898231744766235
0 0.6079378128051758 0.570898175239563 0.08947420120239258 0.10228818655014038
1 0.7809346914291382 0.5037916898727417 0.020395100116729736 0.07056042551994324
0 0.49869292974472046 0.46629106998443604 0.03223741054534912 0.019243746995925903
1 0.8602124452590942 0.5097128748893738 0.015131831169128418 0.05279698967933655
0 0.49112701416015625 0.4746793508529663 0.004605352878570557 0.009868592023849487
0 0.12864410877227783 0.685373842716217 0.25728821754455566 0.3720489740371704
1 0.23584026098251343 0.5185946226119995 0.02252344787120819 0.08913618326187134
1 0.9387221336364746 0.5590558052062988 0.020541250705718994 0.09928840398788452
1 0.5161274671554565 0.4944165349006653 0.005263268947601318 0.01578974723815918
0 0.5289566516876221 0.48010706901550293 0.010197579860687256 0.012335747480392456
0 0.542772650718689 0.503298282623291 0.044079720973968506 0.048356086015701294
0 0.5003377199172974 0.4786267876625061 0.00822383165359497 0.01085546612739563
1 0.8750152587890625 0.5245157480239868 0.020395100116729736 0.0636523962020874
