0 0.5171142816543579 0.5195814371109009 0.010526478290557861 0.014802873134613037
0 0.3421112298965454 0.5329040288925171 0.010526508092880249 0.018750369548797607
0 0.31612396240234375 0.5225420594215393 0.004605352878570557 0.00789487361907959
0 0.3539535701274872 0.5269829034805298 0.011842310428619385 0.010855436325073242
0 0.3746775984764099 0.5319172143936157 0.039145439863204956 0.030099213123321533
1 0.7552763819694519 0.5393186807632446 0.012171268463134766 0.022697746753692627
0 0.49507445096969604 0.5664572715759277 0.05263248085975647 0.06069183349609375
0 0.3980332612991333 0.520568311214447 0.005921155214309692 0.005921125411987305
0 0.48915329575538635 0.5156340599060059 0.0325663685798645 0.05871814489364624
0 0.18684537708759308 0.5289566516876221 0.018092423677444458 0.01381605863571167
0 0.4710608720779419 0.5279697775840759 0.006579041481018066 0.01578974723815918
0 0.32796627283096313 0.5329040288925171 0.022039860486984253 0.02417808771133423
0 0.8602124452590942 0.5225419998168945 0.020066142082214355 0.0098685622215271
0 0.4671134352684021 0.5185946226119995 0.008552789688110352 0.0098685622215271
0 0.44507357478141785 0.5195814371109009 0.006579041481018066 0.0098685622215271
0 0.68784099817276 0.533890962600708 0.02598726749420166 0.014802873134613037
1 0.05428235977888107 0.5533847808837891 0.014966625720262527 0.03873950242996216
0 0.39310067892074585 0.5477069616317749 0.044571757316589355 0.04736828804016113
0 0.09309373795986176 0.5664572715759277 0.07533026486635208 0.0690801739692688
0 0.3052684962749481 0.5146471858024597 0.020066142082214355 0.020724058151245117
0 0.6746828556060791 0.5087260007858276 0.0592116117477417 0.054770708084106445
0 0.5687599182128906 0.520568311214447 0.077303946018219 0.136680006980896
0 0.45099472999572754 0.5195814371109009 0.010526508092880249 0.011842310428619385
1 0.37171703577041626 0.5368515253067017 0.006907999515533447 0.0365138053894043
0 0.9389879703521729 0.8763635158538818 0.12202411890029907 0.2472730278968811
0 0.2194117307662964 0.5185946226119995 0.05394831299781799 0.054770708084106445
0 0.5322461724281311 0.5259960293769836 0.019408226013183594 0.02615177631378174
0 0.6740249395370483 0.6044513583183289 0.1250022053718567 0.136680006980896
1 0.349677175283432 0.5368515253067017 0.011513352394104004 0.033059775829315186
0 0.17566096782684326 0.5279697179794312 0.013816028833389282 0.016776621341705322
0 0.153621107339859 0.5299434661865234 0.015460789203643799 0.014802873134613037
