0 0.35625624656677246 0.5023114085197449 0.030592650175094604 0.03305980563163757
1 0.6121817827224731 0.6735315322875977 0.06480377912521362 0.273360013961792
0 0.9910447597503662 0.52303546667099 0.017910420894622803 0.02615177631378174
0 0.426632285118103 0.4804210662841797 0.007236987352371216 0.013816028833389282
1 0.5710626244544983 0.6577417850494385 0.05822467803955078 0.28914976119995117
0 0.7269864082336426 0.5852075815200806 0.24342530965805054 0.12039679288864136
0 0.5046141147613525 0.4786267876625061 0.022039830684661865 0.015296310186386108
0 0.4980350136756897 0.47744256258010864 0.01223704218864441 0.012631803750991821
1 0.2977025508880615 0.6922818422317505 0.08618572354316711 0.30296581983566284
1 0.12829172611236572 0.6982029676437378 0.08750153332948685 0.2940841317176819
0 0.47961366176605225 0.46958059072494507 0.006579071283340454 0.006908029317855835
0 0.9262410402297974 0.5605361461639404 0.14751797914505005 0.10510051250457764
0 0.25658342242240906 0.5131669044494629 0.04440866410732269 0.03750067949295044
0 0.4203290343284607 0.48158738017082214 0.014254659414291382 0.018092453479766846
0 0.522344708442688 0.4826235771179199 0.014802873134613037 0.02072402834892273
0 0.5380332469940186 0.4939231276512146 0.01578974723815918 0.020724058151245117
1 0.3059263825416565 0.4973771274089813 0.009210675954818726 0.03750067949295044
0 0.44277089834213257 0.4746793508529663 0.03125053644180298 0.019243746995925903
0 0.565963864326477 0.5077391266822815 0.04276388883590698 0.04983636736869812
0 0.44474464654922485 0.4771465063095093 0.014802902936935425 0.017763495445251465
0 0.37928295135498047 0.5077391862869263 0.041448116302490234 0.04292839765548706
1 0.8658046126365662 0.5185946226119995 0.022368788719177246 0.05082324147224426
0 0.17434515058994293 0.5630033016204834 0.26842573285102844 0.14260119199752808
0 0.32368987798690796 0.49913936853408813 0.03294229507446289 0.04088422656059265
0 0.4023096561431885 0.4840545058250427 0.015789777040481567 0.019243746995925903
1 0.37796714901924133 0.7352102398872375 0.059540510177612305 0.18355584144592285
0 0.4842190146446228 0.4746793508529663 0.009210675954818726 0.012335747480392456
0 0.4859503507614136 0.4649925231933594 0.01118442416191101 0.01547810435295105
0 0.37994086742401123 0.4840545058250427 0.020395100116729736 0.01085546612739563
0 0.2286224216222763 0.5200749039649963 0.03125053644180298 0.02368462085723877
1 0.18520060181617737 0.4884953796863556 0.01447393000125885 0.019737184047698975
0 0.28125491738319397 0.5077391862869263 0.03223741054534912 0.03750067949295044
