0 0.35263776779174805 0.42656996846199036 0.016052931547164917 0.012829184532165527
0 0.3118475675582886 0.4475407302379608 0.07796189188957214 0.049342989921569824
0 0.47599518299102783 0.42237579822540283 0.008552759885787964 0.008388310670852661
0 0.49145597219467163 0.4263232350349426 0.008552789688110352 0.01282915472984314
0 0.05032983049750328 0.4263232350349426 0.015460796654224396 0.010361999273300171
0 0.4615212380886078 0.4243495464324951 0.0049343109130859375 0.01282915472984314
0 0.4746793508529663 0.42731010913848877 0.00296059250831604 0.010362029075622559
0 0.3707301616668701 0.44112613797187805 0.02730312943458557 0.023191213607788086
0 0.4980350136756897 0.4307641386985779 0.00296059250831604 0.008388310670852661
0 0.5036272406578064 0.4307641386985779 0.012500196695327759 0.01628318428993225
1 0.2723731994628906 0.4445801377296448 0.005263239145278931 0.030592650175094604
0 0.47599518299102783 0.4263232350349426 0.006908029317855835 0.015789777040481567
1 0.43915241956710815 0.4287903904914856 0.005263268947601318 0.014802902936935425
1 0.4023096561431885 0.579779863357544 0.03157952427864075 0.14654862880706787
0 0.4444156885147095 0.4287903904914856 0.021710902452468872 0.013816028833389282
1 0.2552676200866699 0.44902104139328003 0.009868592023849487 0.036020368337631226
0 0.13339048624038696 0.7653094530105591 0.2667809724807739 0.45888960361480713
0 0.3773458003997803 0.4225951135158539 0.02664521336555481 0.018750309944152832
0 0.4769820272922516 0.4263232350349426 0.0049343109130859375 0.010361999273300171
0 0.3322426676750183 0.42237579822540283 0.029605776071548462 0.008388310670852661
0 0.5118510723114014 0.4287903904914856 0.005592226982116699 0.012829184532165527
0 0.3460586667060852 0.44577476382255554 0.03130248188972473 0.04272061586380005
0 0.15658169984817505 0.423362672328949 0.021053001284599304 0.016776621341705322
1 0.21250371634960175 0.4447774887084961 0.006250113248825073 0.03167816996574402
0 0.4845479726791382 0.4287903904914856 0.01118442416191101 0.01578974723815918
0 0.219082772731781 0.423362672328949 0.012500211596488953 0.010362029075622559
0 0.36382216215133667 0.4529684782028198 0.008698970079421997 0.016557306051254272
0 0.49079805612564087 0.6917884349822998 0.2325698435306549 0.34342706203460693
0 0.49639028310775757 0.4287903904914856 0.006908029317855835 0.010362029075622559
1 0.7745749950408936 0.4858637750148773 0.02401357889175415 0.07993561029434204
0 0.4690871834754944 0.4243495464324951 0.006250113248825073 0.009375184774398804
1 0.5931024551391602 0.46382391452789307 0.018750369548797607 0.05279698967933655
0 0.2773074805736542 0.4263232350349426 0.012500226497650146 0.0074014365673065186
0 0.5118510723114014 0.4287903904914856 0.005592226982116699 0.010362029075622559
1 0.24901753664016724 0.4482315182685852 0.005921170115470886 0.0325663685798645
1 0.5931024551391602 0.4322444200515747 0.005263268947601318 0.019243746995925903
0 0.29507094621658325 0.423362672328949 0.01611870527267456 0.007401466369628906
0 0.41842836141586304 0.43175098299980164 0.0289478600025177 0.016776621341705322
1 0.2324288785457611 0.4447211027145386 0.010197564959526062 0.03355321288108826
1 0.7335654497146606 0.4771465063095093 0.02171093225479126 0.056250959634780884
