0 0.8223828077316284 0.5269829034805298 0.0480271577835083 0.031086087226867676
0 0.45296844840049744 0.5215551853179932 0.020066142082214355 0.018750309944152832
0 0.7990270853042603 0.5126734375953674 0.012500226497650146 0.005921125411987305
1 0.012335741892457008 0.6286294460296631 0.024671483784914017 0.08536332845687866
0 0.0413658544421196 0.570898175239563 0.0827317088842392 0.08388304710388184
0 0.7541799545288086 0.5222131609916687 0.025877654552459717 0.03207290172576904
1 0.0057073053903877735 0.5896976590156555 0.011414610780775547 0.09651446342468262
0 0.7263284921646118 0.5042851567268372 0.12204164266586304 0.046382397413253784
0 0.8796206712722778 0.5299434661865234 0.07796186208724976 0.04588896036148071
0 0.7789609432220459 0.5126734375953674 0.03980332612991333 0.013815999031066895
0 0.41974419355392456 0.538825273513794 0.0365138053894043 0.04588896036148071
1 0.26414865255355835 0.6947498321533203 0.07944260537624359 0.28076261281967163
0 0.3481263518333435 0.545310378074646 0.03923943638801575 0.049131572246551514
0 0.9134206175804138 0.503298282623291 0.08084022998809814 0.05440065264701843
0 0.3019789457321167 0.5329040288925171 0.049342960119247437 0.018750369548797607
0 0.676985502243042 0.5195816159248352 0.04079025983810425 0.028619050979614258
0 0.3032947778701782 0.5546150207519531 0.05855363607406616 0.06661301851272583
0 0.3879786729812622 0.5351352691650391 0.03133627772331238 0.03799408674240112
0 0.07861980050802231 0.6197476983070374 0.14901576936244965 0.136680006980896
0 0.7948604822158813 0.5090550184249878 0.007675468921661377 0.00592118501663208
0 0.97763991355896 0.5077391266822815 0.0447201132774353 0.028125494718551636
0 0.20896750688552856 0.5449930429458618 0.1032090038061142 0.052056849002838135
0 0.7769403457641602 0.5402350425720215 0.05112868547439575 0.0505412220954895
0 0.5457332134246826 0.5146471858024597 0.012500226497650146 0.012829184532165527
0 0.3167818784713745 0.5225420594215393 0.05526414513587952 0.018750309944152832
0 0.35742247104644775 0.5270726680755615 0.032147735357284546 0.029112398624420166
0 0.4684292674064636 0.5240223407745361 0.012500196695327759 0.012829184532165527
