0 0.6766566038131714 0.5457332134246826 0.10921245813369751 0.046875834465026855
0 0.8811723589897156 0.8118475675582886 0.23765528202056885 0.37630486488342285
0 0.32489603757858276 0.5470490455627441 0.05855363607406616 0.06858670711517334
0 0.4631659984588623 0.5506675243377686 0.041119158267974854 0.04983639717102051
0 0.6486955881118774 0.5965564846992493 0.18684536218643188 0.10658085346221924
0 0.45545387268066406 0.5137699842453003 0.006798386573791504 0.0098685622215271
0 0.4629267454147339 0.5146471261978149 0.011064797639846802 0.0098685622215271
0 0.4131650924682617 0.5329040288925171 0.013026565313339233 0.01381605863571167
0 0.37418413162231445 0.538825273513794 0.02730312943458557 0.030099213123321533
0 0.40066492557525635 0.5486937761306763 0.041119128465652466 0.048849523067474365
0 0.4239625036716461 0.5294210314750671 0.015460789203643799 0.01724100112915039
