0 0.5335619449615479 0.5018180012702942 0.008552789688110352 0.009868621826171875
0 0.2269776612520218 0.5259960889816284 0.011842310428619385 0.01381605863571167
0 0.1828979253768921 0.5269829034805298 0.02532939612865448 0.023191213607788086
0 0.28750503063201904 0.5156340003013611 0.022039860486984253 0.01578974723815918
0 0.4072439670562744 0.505765438079834 0.007236957550048828 0.006907999515533447
0 0.1345418393611908 0.5338909029960632 0.019408240914344788 0.02615177631378174
0 0.5217196941375732 0.5037916898727417 0.006579101085662842 0.006907999515533447
0 0.4032965302467346 0.505765438079834 0.0026316046714782715 0.003947436809539795
0 0.3023078739643097 0.5141537189483643 0.01496732234954834 0.014802873134613037
0 0.5282987356185913 0.5876747369766235 0.08651465177536011 0.10954135656356812
0 0.4750083088874817 0.5097128748893738 0.010526478290557861 0.013815999031066895
0 0.5042851567268372 0.5018180012702942 0.027961045503616333 0.04490211606025696
0 0.3845462203025818 0.5097128748893738 0.01118442416191101 0.009868621826171875
0 0.35461145639419556 0.5106997489929199 0.01118442416191101 0.0098685622215271
0 0.33322951197624207 0.5156340599060059 0.013158142566680908 0.011842310428619385
0 0.446389377117157 0.500831127166748 0.049342960119247437 0.08585676550865173
0 0.34540078043937683 0.5116865634918213 0.010526478290557861 0.010855495929718018
0 0.48356109857559204 0.5087260007858276 0.009210705757141113 0.010855436325073242
0 0.2575702965259552 0.537838339805603 0.06052738428115845 0.05871814489364624
0 0.3937568962574005 0.5077391862869263 0.00789487361907959 0.008881747722625732
0 0.46990954875946045 0.5050252676010132 0.005263268947601318 0.010115295648574829
0 0.5023114681243896 0.5398120880126953 0.04046124219894409 0.046875834465026855
0 0.39869117736816406 0.5087260007858276 0.00789487361907959 0.008881747722625732
0 0.3286241888999939 0.5106997489929199 0.015460819005966187 0.01381605863571167
0 0.37730923295021057 0.5106997489929199 0.011184394359588623 0.0098685622215271
0 0.00855278130620718 0.5437595248222351 0.01611870341002941 0.024178028106689453
0 0.3167818784713745 0.5146471261978149 0.01118442416191101 0.011842310428619385
0 0.41184931993484497 0.5215551853179932 0.02335566282272339 0.02516496181488037
0 0.5434305667877197 0.5037916898727417 0.00789487361907959 0.008881747722625732
0 0.4210599958896637 0.5047785639762878 0.0026316046714782715 0.005921125411987305
