0 0.4079018831253052 0.4579027593135834 0.04046124219894409 0.02368462085723877
0 0.5690889358520508 0.4786267876625061 0.06283003091812134 0.02911236882209778
0 0.339232861995697 0.4560524523258209 0.025987297296524048 0.022204339504241943
0 0.6069185137748718 0.4746793508529663 0.03223741054534912 0.027632057666778564
0 0.4733635187149048 0.4480341672897339 0.03782960772514343 0.02072402834892273
1 0.5516543984413147 0.48948222398757935 0.009539604187011719 0.043915241956710815
0 0.5235288143157959 0.4463072419166565 0.03980332612991333 0.019243746995925903
0 0.36809855699539185 0.4731990694999695 0.03519800305366516 0.038980960845947266
0 0.3358611464500427 0.4455670118331909 0.023026704788208008 0.01924377679824829
0 0.4401392936706543 0.4458625912666321 0.040461212396621704 0.02072402834892273
0 0.3569141626358032 0.4455670118331909 0.02138194441795349 0.01924377679824829
0 0.4020404815673828 0.4980948567390442 0.07269865274429321 0.08038422465324402
0 0.6443251967430115 0.47749900817871094 0.02368462085723877 0.02417805790901184
1 0.1500026285648346 0.4825742244720459 0.021710902452468872 0.09523189067840576
