0 0.06806010007858276 0.5502728223800659 0.009802795946598053 0.009128451347351074
0 0.99425208568573 0.542772650718689 0.011495888233184814 0.014802932739257812
0 0.021381951868534088 0.5511609315872192 0.04243495315313339 0.012829124927520752
0 0.08552781492471695 0.5521478652954102 0.01611870527267456 0.017270028591156006
0 0.7033017873764038 0.5225419998168945 0.026316285133361816 0.02565830945968628
0 0.9901401996612549 0.5077391862869263 0.01971966028213501 0.010855495929718018
0 0.18487165868282318 0.5437595248222351 0.01644766330718994 0.010855436325073242
0 0.01430946122854948 0.5526412725448608 0.02861892245709896 0.014802873134613037
0 0.034704554826021194 0.5768193006515503 0.06940910965204239 0.04095470905303955
0 0.738828718662262 0.5245157480239868 0.0253293514251709 0.01825690269470215
0 0.551851749420166 0.537838339805603 0.01605290174484253 0.0144081711769104
0 0.06391531974077225 0.5467694401741028 0.012171268463134766 0.01154625415802002
0 0.21480639278888702 0.5437595248222351 0.01611870527267456 0.010855436325073242
0 0.9214634895324707 0.5256999731063843 0.019342482089996338 0.02210557460784912
0 0.9723767042160034 0.5250091552734375 0.05524665117263794 0.03602033853530884
0 0.8478768467903137 0.5215551853179932 0.0491786003112793 0.01924377679824829
