0 0.49342969059944153 0.5052720308303833 0.006907999515533447 0.010361969470977783
0 0.5210617780685425 0.4963902533054352 0.0042763352394104 0.003947436809539795
0 0.3865199089050293 0.5042851567268372 0.006908029317855835 0.0029605627059936523
0 0.17993736267089844 0.5106997489929199 0.030263692140579224 0.017270028591156006
0 0.5388252139091492 0.5087260007858276 0.008881688117980957 0.010362029075622559
0 0.2917814254760742 0.5042851567268372 0.011513352394104004 0.010362029075622559
0 0.4169016480445862 0.5029499530792236 0.04808643460273743 0.010361999273300171
0 0.47941482067108154 0.5036424398422241 0.0030294954776763916 0.0029605627059936523
0 0.542772650718689 0.5052720308303833 0.001973748207092285 0.010361969470977783
0 0.4111914038658142 0.4973771274089813 0.011513352394104004 0.014309465885162354
0 0.48882433772087097 0.5106997489929199 0.011513352394104004 0.012335717678070068
0 0.5256670713424683 0.5106997489929199 0.011513352394104004 0.014309465885162354
0 0.35494041442871094 0.5052720308303833 0.015131831169128418 0.006414592266082764
0 0.6289584040641785 0.5886616110801697 0.07796192169189453 0.08437645435333252
0 0.42763906717300415 0.5116865634918213 0.022697746753692627 0.031086057424545288
0 0.41371384263038635 0.503298282623291 0.011513352394104004 0.005016326904296875
0 0.3802698254585266 0.5259960889816284 0.03486904501914978 0.04539555311203003
0 0.3309268355369568 0.49737709760665894 0.03355321288108826 0.031086057424545288
0 0.32796627283096313 0.5052720308303833 0.011513352394104004 0.003947436809539795
0 0.38586199283599854 0.4963902533054352 0.025329381227493286 0.022697746753692627
0 0.5154695510864258 0.5087260007858276 0.006908059120178223 0.010362029075622559
0 0.4743503928184509 0.4983639717102051 0.015131860971450806 0.017270058393478394
0 0.5065878629684448 0.5052720308303833 0.006907999515533447 0.010361969470977783
