0 0.30205202102661133 0.5635881423950195 0.03563681244850159 0.04747879505157471
0 0.5217196345329285 0.5309303998947144 0.035855889320373535 0.022204339504241943
1 0.3007608652114868 0.5319572687149048 0.008552789688110352 0.011348843574523926
0 0.3440849781036377 0.5338909029960632 0.04769819974899292 0.03157949447631836
1 0.28372064232826233 0.5346313118934631 0.008552789688110352 0.011348843574523926
0 0.10394918918609619 0.6108659505844116 0.17566096782684326 0.09523189067840576
1 0.3761032819747925 0.5171142816543579 0.0016447603702545166 0.0034543871879577637
1 0.47928470373153687 0.5146471858024597 0.0016447901725769043 0.0049343109130859375
0 0.4088079333305359 0.5284631848335266 0.03857150673866272 0.020724058151245117
0 0.3302689492702484 0.5477069616317749 0.044079720973968506 0.045395493507385254
0 0.37230098247528076 0.5298333764076233 0.010159522294998169 0.00910031795501709
0 0.4361918568611145 0.5353711843490601 0.02664521336555481 0.029112398624420166
0 0.5447463989257812 0.5269829034805298 0.011842310428619385 0.019243717193603516
1 0.12237055599689484 0.5516543984413147 0.016118697822093964 0.028125524520874023
0 0.9918921589851379 0.602971076965332 0.015691280364990234 0.049735069274902344
1 0.28816336393356323 0.5324106216430664 0.009671568870544434 0.012829184532165527
0 0.21447744965553284 0.5822470188140869 0.060856327414512634 0.046875834465026855
0 0.24105432629585266 0.5753390192985535 0.07505857944488525 0.05403923988342285
0 0.590251088142395 0.5477069616317749 0.11798703670501709 0.11595597863197327
0 0.3825724720954895 0.5393186211585999 0.04243496060371399 0.02368462085723877
0 0.17682716250419617 0.5910838842391968 0.10036076605319977 0.0690801739692688
0 0.5049430727958679 0.5188906788825989 0.013816028833389282 0.015296339988708496
0 0.3230319619178772 0.5546149611473083 0.04506656527519226 0.041448116302490234
0 0.5289566516876221 0.5161274671554565 0.020395100116729736 0.012335717678070068
0 0.48750853538513184 0.5215551853179932 0.017434507608413696 0.022204339504241943
1 0.2558373212814331 0.5320256352424622 0.00592118501663208 0.011348843574523926
0 0.6167877912521362 0.570898175239563 0.10098791122436523 0.11809343099594116
0 0.22751599550247192 0.5837273597717285 0.0690801590681076 0.059211552143096924
0 0.020806284621357918 0.7006701231002808 0.041612569242715836 0.22352367639541626
0 0.5088905096054077 0.5906352996826172 0.0828961730003357 0.09605604410171509
0 0.25658345222473145 0.5634201765060425 0.07684333622455597 0.057917892932891846
0 0.39277005195617676 0.5847141742706299 0.08289620280265808 0.09523189067840576
0 0.4549420475959778 0.5200749039649963 0.01430925726890564 0.018503904342651367
0 0.5079036355018616 0.52303546667099 0.019408226013183594 0.02368462085723877
