0 0.5401409864425659 0.5146471261978149 0.011184394359588623 0.022204339504241943
0 0.5095484256744385 0.5077391862869263 0.004605352878570557 0.012335717678070068
2 0.18882259726524353 0.5590544939041138 0.0687502771615982 0.09967166185379028
0 0.4305996298789978 0.5131669044494629 0.03684273362159729 0.05526414513587952
0 0.4477875232696533 0.5076148509979248 0.01644742488861084 0.033429741859436035
0 0.730604887008667 0.5560952425003052 0.09112000465393066 0.08536332845687866
0 0.5550098419189453 0.5093185901641846 0.024408400058746338 0.04332315921783447
0 0.5161274671554565 0.503298282623291 0.01578974723815918 0.027632087469100952
0 0.469087153673172 0.5116865634918213 0.019408226013183594 0.024671494960784912
0 0.37270388007164 0.5185946226119995 0.04769819974899292 0.0730276107788086
1 0.8746863603591919 0.5570821166038513 0.01644766330718994 0.07746851444244385
1 0.7125124931335449 0.5121800303459167 0.00822383165359497 0.01578974723815918
1 0.6516561508178711 0.5077391862869263 0.00822383165359497 0.012335717678070068
1 0.058553654700517654 0.5200748443603516 0.008223824203014374 0.020230591297149658
1 0.17401620745658875 0.5551084280014038 0.023355677723884583 0.08783048391342163
0 0.5003377199172974 0.5047785639762878 0.009210705757141113 0.01677665114402771
0 0.0566621758043766 0.5630033016204834 0.1133243516087532 0.07154732942581177
1 0.6973806619644165 0.5200749039649963 0.00822383165359497 0.028125524520874023
0 0.5371804237365723 0.500831127166748 0.029276788234710693 0.046875834465026855
0 0.488495409488678 0.5131669044494629 0.022039860486984253 0.03157952427864075
1 0.7394835948944092 0.5148101449012756 0.014912068843841553 0.020888686180114746
1 0.6914594173431396 0.5235289335250854 0.00822383165359497 0.04046124219894409
0 0.4921138882637024 0.4993508458137512 0.008223801851272583 0.005427718162536621
1 0.5990233421325684 0.5161269903182983 0.00822383165359497 0.02935892343521118
1 0.303952693939209 0.5166208744049072 0.014144986867904663 0.01825690269470215
1 0.8049483299255371 0.5551084280014038 0.02171093225479126 0.10707420110702515
0 0.45625799894332886 0.5146471261978149 0.01118442416191101 0.01776343584060669
1 0.7980402708053589 0.5605361461639404 0.02335566282272339 0.10016626119613647
0 0.4782978296279907 0.5023114085197449 0.009210675954818726 0.015296310186386108
0 0.4176062345504761 0.5269820690155029 0.03536233305931091 0.04687541723251343
0 0.4654686748981476 0.500831127166748 0.011842310428619385 0.009868592023849487
0 0.5049430131912231 0.5047785639762878 0.005592167377471924 0.008388280868530273
0 0.5556018352508545 0.5200748443603516 0.009210705757141113 0.024671494960784912
0 0.56843101978302 0.5171143412590027 0.02401357889175415 0.03700724244117737
0 0.3973753750324249 0.5062588453292847 0.009210705757141113 0.015296310186386108
0 0.5556018352508545 0.5146471858024597 0.01578974723815918 0.02911233901977539
0 0.2289513647556305 0.5432660579681396 0.11579148471355438 0.07302755117416382
1 0.6329058408737183 0.5102063417434692 0.004605352878570557 0.020230591297149658
0 0.5233644247055054 0.5131669044494629 0.006579041481018066 0.016776621341705322
