0 0.48750853538513184 0.49639028310775757 0.010197550058364868 0.015296339988708496
0 0.5095484256744385 0.47171878814697266 0.011842310428619385 0.008388310670852661
1 0.9470560550689697 0.5590558052062988 0.019079267978668213 0.09128445386886597
1 0.015131843276321888 0.5097128748893738 0.029770324006676674 0.06365242600440979
1 0.763025164604187 0.5077391862869263 0.019664466381072998 0.07154732942581177
1 0.21381953358650208 0.525502622127533 0.015131846070289612 0.08240273594856262
1 0.44277089834213257 0.4963902533054352 0.005921155214309692 0.02565830945968628
1 0.2016010880470276 0.5211321115493774 0.039239510893821716 0.10841330885887146
0 0.5898129343986511 0.4978705644607544 0.019408226013183594 0.04484871029853821
1 0.7945085763931274 0.5087260007858276 0.02203965187072754 0.06266558170318604
1 0.2832321524620056 0.4750053882598877 0.014036893844604492 0.03206545114517212
0 0.2907945513725281 0.605438232421875 0.15263424813747406 0.1559237837791443
0 0.49310070276260376 0.5596826076507568 0.10767433047294617 0.05581086874008179
1 0.12372814863920212 0.48195749521255493 0.022533312439918518 0.03491008281707764
1 0.9167923927307129 0.5541215538978577 0.015131890773773193 0.09227132797241211
0 0.4838900566101074 0.4786267876625061 0.014802902936935425 0.03305980563163757
1 0.0821322351694107 0.48060402274131775 0.02795954793691635 0.04029339551925659
0 0.511522114276886 0.4757532477378845 0.007236957550048828 0.009868592023849487
1 0.5671151876449585 0.4944165349006653 0.005263209342956543 0.01578974723815918
0 0.6871830821037292 0.6069185137748718 0.14901578426361084 0.14901578426361084
1 0.9776486754417419 0.5590558052062988 0.013815999031066895 0.08733707666397095
0 0.6220105290412903 0.5022516846656799 0.04212605953216553 0.04983639717102051
0 0.4618501663208008 0.4831055998802185 0.0364631712436676 0.06520864367485046
1 0.8908050656318665 0.5570821166038513 0.022368788719177246 0.09720563888549805
0 0.5049430131912231 0.5015710592269897 0.033224284648895264 0.03996819257736206
1 0.1361865997314453 0.48948222398757935 0.021053001284599304 0.03355321288108826
1 0.9842277765274048 0.5728718638420105 0.03125053644180298 0.13125228881835938
1 0.22434604167938232 0.525502622127533 0.01871378719806671 0.08415713906288147
1 0.19566762447357178 0.5044185519218445 0.013457074761390686 0.06248399615287781
1 0.18322688341140747 0.5080673098564148 0.019079282879829407 0.06365242600440979
1 0.9648195505142212 0.5718849897384644 0.03519803285598755 0.11102169752120972
0 0.49310076236724854 0.5355010628700256 0.0826365053653717 0.038292765617370605
0 0.3246767520904541 0.5077391862869263 0.12335744500160217 0.060691893100738525
1 0.9118579626083374 0.5590558052062988 0.026316285133361816 0.10312682390213013
0 0.4534616768360138 0.7236145734786987 0.26086002588272095 0.35378849506378174
1 0.2342146337032318 0.5176077485084534 0.010526493191719055 0.08240273594856262
0 0.6080698370933533 0.4958968162536621 0.038158535957336426 0.04983636736869812
1 0.3539535403251648 0.4806005358695984 0.009868592023849487 0.030592650175094604
0 0.5539571046829224 0.49340057373046875 0.019059836864471436 0.024671465158462524
1 0.29309722781181335 0.5028048753738403 0.02434253692626953 0.0537838339805603
1 0.27204424142837524 0.5047785639762878 0.019605368375778198 0.05279695987701416
0 0.8301905393600464 0.59147709608078 0.12975263595581055 0.11968576908111572
1 0.8267322778701782 0.5137699842453003 0.02178400754928589 0.043915241956710815
1 0.7128413915634155 0.49416810274124146 0.013487160205841064 0.035770535469055176
0 0.5309303402900696 0.48553481698036194 0.012171149253845215 0.015296339988708496
1 0.9807723760604858 0.5728718638420105 0.027550578117370605 0.10263359546661377
1 0.42369163036346436 0.4924428164958954 0.009210705757141113 0.03355318307876587
1 0.21258597075939178 0.48553481698036194 0.009950846433639526 0.014926254749298096
1 0.8649809956550598 0.5097128748893738 0.022368788719177246 0.06069210171699524
0 0.5447463989257812 0.48435041308403015 0.005789458751678467 0.004243314266204834
0 0.519745945930481 0.47023850679397583 0.0460534393787384 0.02072402834892273
0 0.6037935018539429 0.56843101978302 0.08092248439788818 0.10065966844558716
1 0.7769873142242432 0.5047785639762878 0.019079267978668213 0.07154726982116699
0 0.4840857982635498 0.46330392360687256 0.015327811241149902 0.013069391250610352
1 0.7526447772979736 0.5028048753738403 0.01381605863571167 0.0537838339805603
0 0.49112701416015625 0.47519201040267944 0.004605352878570557 0.009868592023849487
0 0.1278942972421646 0.6931037902832031 0.2557885944843292 0.37944746017456055
1 0.2401357740163803 0.5097128748893738 0.0209214985370636 0.06898120045661926
1 0.9107069373130798 0.5541215538978577 0.019408106803894043 0.09177768230438232
0 0.5279697775840759 0.48010706901550293 0.008697509765625 0.011566013097763062
0 0.5398451089859009 0.5006831884384155 0.028421640396118164 0.03291180729866028
0 0.4990517497062683 0.4771465063095093 0.009345203638076782 0.008724689483642578
1 0.7056044340133667 0.5185946226119995 0.021053016185760498 0.04786267876625061
