1 0.5532485246658325 0.4632166028022766 0.004605352878570557 0.014764934778213501
0 0.8115273714065552 0.6592220664024353 0.3671116828918457 0.39869117736816406
0 0.5924445390701294 0.4939231276512146 0.03486901521682739 0.04983639717102051
0 0.4305996298789978 0.47566622495651245 0.02105298638343811 0.024671494960784912
0 0.5473780035972595 0.46629106998443604 0.014802932739257812 0.008388310670852661
0 0.5970499515533447 0.500831127166748 0.02401357889175415 0.05526411533355713
0 0.5355356931686401 0.45099472999572754 0.014802932739257812 0.01924377679824829
0 0.5565886497497559 0.48158738017082214 0.011842310428619385 0.024671494960784912
1 0.34869033098220825 0.4781333804130554 0.008552759885787964 0.02417805790901184
0 0.4516526460647583 0.4884953796863556 0.02927681803703308 0.03602033853530884
0 0.47204774618148804 0.4455670118331909 0.003618478775024414 0.008388310670852661
1 0.577312707901001 0.4712253510951996 0.008552730083465576 0.01578974723815918
0 0.26414936780929565 0.572378396987915 0.15098948776721954 0.1174362301826477
0 0.46382391452789307 0.4455670118331909 0.011184394359588623 0.010855436325073242
0 0.49507445096969604 0.46629106998443604 0.04967188835144043 0.07845532894134521
0 0.5447463989257812 0.46234363317489624 0.02565830945968628 0.022204309701919556
0 0.45625799894332886 0.45099472999572754 0.014802902936935425 0.020724058151245117
0 0.5769838094711304 0.4954034090042114 0.01940828561782837 0.03602039813995361
1 0.3684275150299072 0.49688369035720825 0.011513382196426392 0.04144808650016785
0 0.3671116828918457 0.47171878814697266 0.025000452995300293 0.03157949447631836
0 0.4710608720779419 0.4455670118331909 0.004605352878570557 0.008388310670852661
0 0.49507445096969604 0.4840545058250427 0.044079750776290894 0.03157952427864075
0 0.45823168754577637 0.44704729318618774 0.01282915472984314 0.015296339988708496
0 0.2115168571472168 0.673038125038147 0.245728000998497 0.23585933446884155
0 0.3901383876800537 0.4993508458137512 0.038487523794174194 0.041448116302490234
0 0.49869292974472046 0.5185946226119995 0.05986949801445007 0.07056048512458801
0 0.5361936092376709 0.48158738017082214 0.03486901521682739 0.02911233901977539
0 0.6457350254058838 0.5131669044494629 0.059869468212127686 0.07450789213180542
0 0.5417858362197876 0.4884953796863556 0.03486901521682739 0.03848749399185181
0 0.44704729318618774 0.460863322019577 0.022039860486984253 0.024671494960784912
0 0.3993490934371948 0.488495409488678 0.03684276342391968 0.04539552330970764
0 0.45263952016830444 0.4539552927017212 0.013816028833389282 0.019243746995925903
1 0.5822470188140869 0.4727056324481964 0.008552789688110352 0.012829184532165527
0 0.982820987701416 0.590635359287262 0.034358084201812744 0.18355587124824524
0 0.09037987142801285 0.6192542314529419 0.1807597428560257 0.21266824007034302
0 0.07080715894699097 0.5062588453292847 0.14161431789398193 0.043915241956710815
0 0.6210634708404541 0.503298282623291 0.05164569616317749 0.06908014416694641
0 0.3062553405761719 0.5284632444381714 0.0671064555644989 0.0690801739692688
0 0.437836617231369 0.47171878814697266 0.01644766330718994 0.019243746995925903
