0 0.6210634708404541 0.537838339805603 0.1305944323539734 0.12434428930282593
0 0.2980315089225769 0.5531346797943115 0.06611958146095276 0.08684360980987549
0 0.5401409864425659 0.5158810615539551 0.004111826419830322 0.006167769432067871
0 0.5417858362197876 0.5161274671554565 0.0026316046714782715 0.005427718162536621
1 0.9914647340774536 0.5837273001670837 0.01611870527267456 0.09671223163604736
0 0.0942450687289238 0.637511134147644 0.1884901374578476 0.17812812328338623
0 0.5227065086364746 0.5062588453292847 0.011842310428619385 0.015296310186386108
1 0.2440832257270813 0.4998442828655243 0.01611870527267456 0.019737184047698975
0 0.46645551919937134 0.52303546667099 0.013816028833389282 0.02368462085723877
0 0.23553043603897095 0.5669506788253784 0.12335741519927979 0.12286394834518433
0 0.4552711248397827 0.5269829034805298 0.014802873134613037 0.041448116302490234
1 0.7171177864074707 0.5136603116989136 0.010526478290557861 0.03848755359649658
1 0.2904655933380127 0.5023114085197449 0.010526508092880249 0.01282915472984314
1 0.850014865398407 0.5482003688812256 0.021710872650146484 0.09967279434204102
0 0.5740232467651367 0.5200749039649963 0.033224284648895264 0.0922713577747345
0 0.5539571046829224 0.5269829034805298 0.00822383165359497 0.02911233901977539
1 0.3049395680427551 0.5097128748893738 0.015131860971450806 0.025658369064331055
1 0.8072509765625 0.4998442828655243 0.013158082962036133 0.019737184047698975
0 0.7029727697372437 0.5284631848335266 0.044079720973968506 0.05230355262756348
0 0.47369250655174255 0.500831127166748 0.004605352878570557 0.006908029317855835
0 0.4940875768661499 0.5005847215652466 0.038487523794174194 0.04268151521682739
0 0.526324987411499 0.5131669044494629 0.017434537410736084 0.01529628038406372
0 0.4674423933029175 0.503298282623291 0.009210705757141113 0.012335747480392456
1 0.2743469178676605 0.5023114085197449 0.007565915584564209 0.017270058393478394
1 0.26217564940452576 0.5023114085197449 0.007565915584564209 0.019737213850021362
0 0.4766530990600586 0.500831127166748 0.002631634473800659 0.005427718162536621
0 0.4940875768661499 0.5240223407745361 0.038487523794174194 0.0439152717590332
0 0.47204774618148804 0.500831127166748 0.002631634473800659 0.006908029317855835
0 0.4342181086540222 0.52303546667099 0.04243496060371399 0.048356086015701294
0 0.6098790764808655 0.7243547439575195 0.26579412817955017 0.2995118498802185
0 0.5519833564758301 0.52303546667099 0.019408226013183594 0.02911233901977539
0 0.5289566516876221 0.5269829034805298 0.027632057666778564 0.03157949447631836
0 0.46382391452789307 0.5116865634918213 0.014802902936935425 0.01924377679824829
1 0.32368987798690796 0.5240223407745361 0.013158142566680908 0.04983639717102051
0 0.4674423933029175 0.5062588453292847 0.0026316046714782715 0.005427718162536621
0 0.20987209677696228 0.5062588453292847 0.021053001284599304 0.008388280868530273
1 0.11875207722187042 0.5324106216430664 0.026645205914974213 0.03404664993286133
0 0.5611940622329712 0.5309303402900696 0.00822383165359497 0.024671435356140137
0 0.7710661292076111 0.5768193006515503 0.15263426303863525 0.14901578426361084
0 0.41020455956459045 0.525502622127533 0.01578974723815918 0.03602039813995361
1 0.7036306858062744 0.508232593536377 0.013158142566680908 0.048356086015701294
0 0.19145071506500244 0.5102062821388245 0.004605337977409363 0.017763495445251465
2 0.22796452045440674 0.4983639717102051 0.021710902452468872 0.024178028106689453
0 0.45823168754577637 0.5240223407745361 0.017434507608413696 0.03848749399185181
0 0.5483648777008057 0.52303546667099 0.01644766330718994 0.02763211727142334
1 0.845080554485321 0.5324106216430664 0.02368462085723877 0.06266558170318604
