0 0.881255030632019 0.8118475675582886 0.23748993873596191 0.37630486488342285
0 0.32401883602142334 0.5465556383132935 0.059869468212127686 0.06965583562850952
0 0.46382391452789307 0.5496806502342224 0.04177704453468323 0.04983639717102051
0 0.9823275208473206 0.6158002614974976 0.03534495830535889 0.04588896036148071
0 0.4592185616493225 0.5126734375953674 0.006579041481018066 0.009868621826171875
0 0.4684292674064636 0.5117523670196533 0.008596628904342651 0.009868621826171875
0 0.4320799708366394 0.5269829034805298 0.01118442416191101 0.011842310428619385
0 0.4230337142944336 0.5319172143936157 0.013158142566680908 0.014802873134613037
0 0.5141537189483643 0.5787930488586426 0.14704203605651855 0.1055939793586731
0 0.4111914038658142 0.5457332134246826 0.03519797325134277 0.040954649448394775
0 0.44024893641471863 0.5217196345329285 0.012500226497650146 0.012006759643554688
