0 0.1615159809589386 0.5462266206741333 0.012829169631004333 0.01381605863571167
2 0.09671221673488617 0.5699113011360168 0.016447655856609344 0.054770708084106445
0 0.08125142008066177 0.5412923693656921 0.037171706557273865 0.020724058151245117
0 0.6779723763465881 0.6824132800102234 0.22237229347229004 0.18898355960845947
0 0.13519974052906036 0.5580689907073975 0.04375077039003372 0.03602039813995361
0 0.013404839672148228 0.5664572715759277 0.026809679344296455 0.04490208625793457
0 0.39474374055862427 0.5812602043151855 0.08289620280265808 0.0690801739692688
0 0.1809242069721222 0.5580689907073975 0.05723784863948822 0.049342989921569824
0 0.8710678815841675 0.5269829034805298 0.14210772514343262 0.04095470905303955
0 0.6095501184463501 0.5560952425003052 0.15493690967559814 0.08388304710388184
0 0.4138230085372925 0.5462266206741333 0.04276391863822937 0.03207296133041382
0 0.18026632070541382 0.5412923693656921 0.07533027231693268 0.028125524520874023
