0 0.4095466434955597 0.46333047747612 0.035855889320373535 0.022204339504241943
0 0.4733635187149048 0.48306766152381897 0.06447479128837585 0.033059775829315186
0 0.338492751121521 0.460863322019577 0.025987297296524048 0.022204339504241943
0 0.5950762033462524 0.48010706901550293 0.056250929832458496 0.02911236882209778
0 0.4723767042160034 0.4546964466571808 0.038816481828689575 0.021465182304382324
0 0.52303546667099 0.45065081119537354 0.03986918926239014 0.019243746995925903
0 0.42994171380996704 0.4939231276512146 0.029605776071548462 0.041448116302490234
0 0.3302689492702484 0.45099472999572754 0.00822383165359497 0.016776621341705322
0 0.44112613797187805 0.45099472999572754 0.04046124219894409 0.022204339504241943
0 0.3552693724632263 0.45099472999572754 0.026645183563232422 0.020724058151245117
0 0.380927711725235 0.5062588453292847 0.08684360980987549 0.09276479482650757
0 0.6447480916976929 0.4840545058250427 0.022697746753692627 0.02417805790901184
1 0.16250422596931458 0.4904698133468628 0.023686006665229797 0.08634880185127258
