1 0.4572448432445526 0.5018180012702942 0.01019752025604248 0.03947436809539795
0 0.5720494985580444 0.5235289335250854 0.04736924171447754 0.05822473764419556
0 0.4838900566101074 0.5047785639762878 0.01315811276435852 0.008388280868530273
0 0.5332329869270325 0.49639028310775757 0.06940910220146179 0.03700724244117737
1 0.6118528246879578 0.5097128748893738 0.018750309944152832 0.05082324147224426
1 0.07695373892784119 0.5376172065734863 0.10969775915145874 0.06817245483398438
0 0.4963902533054352 0.5037916898727417 0.00822383165359497 0.008388340473175049
1 0.9661353826522827 0.5807667374610901 0.04835611581802368 0.16677924990653992
1 0.43750765919685364 0.508232593536377 0.012829184532165527 0.02664521336555481
0 0.4954034090042114 0.4791202247142792 0.12894964218139648 0.07697504758834839
1 0.18783223628997803 0.5097128748893738 0.010197550058364868 0.028125524520874023
0 0.10822558403015137 0.577312707901001 0.12138370424509048 0.11792969703674316
0 0.56843101978302 0.49342969059944153 0.008552789688110352 0.006907999515533447
0 0.280925989151001 0.5092194080352783 0.04473760724067688 0.031086057424545288
1 0.7016569972038269 0.5171142816543579 0.02368462085723877 0.06759986281394958
1 0.34836137294769287 0.508232593536377 0.008552759885787964 0.028125464916229248
0 0.29507094621658325 0.5284632444381714 0.0460534393787384 0.04835611581802368
0 0.027796538546681404 0.6143199801445007 0.05559307709336281 0.16776609420776367
1 0.6983674764633179 0.5871813297271729 0.05592203140258789 0.08684360980987549
0 0.19177967309951782 0.5077391266822815 0.08717256784439087 0.04144808650016785
1 0.4111914038658142 0.503298282623291 0.012829184532165527 0.048356086015701294
0 0.46826231479644775 0.5050245523452759 0.010034739971160889 0.009622633457183838
0 0.5342198610305786 0.5092194080352783 0.00822383165359497 0.006907999515533447
0 0.5904708504676819 0.4993508458137512 0.012829184532165527 0.016776591539382935
0 0.318755567073822 0.520568311214447 0.033224254846572876 0.043915241956710815
0 0.462014377117157 0.5071226358413696 0.0050987303256988525 0.014556288719177246
0 0.5931024551391602 0.5023114085197449 0.006579101085662842 0.013815999031066895
0 0.44836312532424927 0.5037916898727417 0.01118442416191101 0.008388340473175049
1 0.28553131222724915 0.503298282623291 0.014473915100097656 0.021710902452468872
0 0.20296406745910645 0.5546149611473083 0.08059351146221161 0.07549476623535156
