0 0.4496789276599884 0.5250092148780823 0.00789487361907959 0.00789487361907959
0 0.5086085200309753 0.5362875461578369 0.0460534393787384 0.025164902210235596
0 0.31020286679267883 0.5437595248222351 0.02401357889175415 0.031086087226867676
0 0.2625868320465088 0.5343842506408691 0.011184394359588623 0.007401406764984131
0 0.3460586667060852 0.5388252139091492 0.008270829916000366 0.02516496181488037
0 0.4957323670387268 0.5240223407745361 0.003947436809539795 0.003947436809539795
0 0.2809259593486786 0.5477069616317749 0.03125053644180298 0.03799408674240112
1 0.5483648777008057 0.5496806502342224 0.02138197422027588 0.07845532894134521
0 0.47040295600891113 0.5269829034805298 0.00789487361907959 0.011842310428619385
0 0.3253346383571625 0.5412925481796265 0.015296220779418945 0.02911233901977539
0 0.02269776538014412 0.5546150207519531 0.014473937451839447 0.011842310428619385
0 0.11973893642425537 0.573706865310669 0.06346264481544495 0.056137144565582275
0 0.05855365842580795 0.5827404260635376 0.0690801590681076 0.03799408674240112
0 0.11250197142362595 0.6414586305618286 0.22434602677822113 0.11990338563919067
0 0.06010870635509491 0.5508918762207031 0.01611870527267456 0.011842310428619385
0 0.08828766644001007 0.5615229606628418 0.014273218810558319 0.011842310428619385
0 0.004111913964152336 0.5629539489746094 0.008223827928304672 0.011842310428619385
0 0.15822646021842957 0.5615229606628418 0.020724043250083923 0.020724058151245117
0 0.261517733335495 0.5546149611473083 0.02532939612865448 0.031086087226867676
0 0.47566622495651245 0.5269829034805298 0.0021930038928985596 0.005921125411987305
0 0.3358611464500427 0.5388252139091492 0.019025743007659912 0.02516496181488037
0 0.1940457969903946 0.5689244270324707 0.04810026288032532 0.039858102798461914
0 0.23553043603897095 0.5565886497497559 0.04171723127365112 0.04292839765548706
0 0.030763208866119385 0.5556018352508545 0.006579063832759857 0.00789487361907959
0 0.25504839420318604 0.5388252139091492 0.024890750646591187 0.011184334754943848
0 0.4477052092552185 0.5388252139091492 0.020724058151245117 0.024178028106689453
