0 0.3396989107131958 0.4988574981689453 0.014144986867904663 0.015789777040481567
0 0.3134923279285431 0.4954034090042114 0.010526478290557861 0.014309436082839966
0 0.3674405813217163 0.5018181204795837 0.009539633989334106 0.0212174654006958
0 0.37599343061447144 0.5023114085197449 0.0190792977809906 0.019737213850021362
0 0.27599167823791504 0.4986931085586548 0.01085546612739563 0.013322621583938599
0 0.39934903383255005 0.5037919282913208 0.020888477563858032 0.02195766568183899
0 0.32204511761665344 0.5052720308303833 0.019079267978668213 0.02121749520301819
0 0.10530629754066467 0.7540546655654907 0.21061259508132935 0.49189066886901855
0 0.2616821229457855 0.5018181204795837 0.01611870527267456 0.01652991771697998
0 0.23092509806156158 0.5023114085197449 0.014144986867904663 0.017270058393478394
0 0.4131651222705841 0.5052720308303833 0.02368462085723877 0.019737184047698975
