0 0.4518918991088867 0.5138397216796875 0.006579071283340454 0.007715463638305664
0 0.4358628988265991 0.5477069616317749 0.03717169165611267 0.04292839765548706
0 0.3184267282485962 0.5368515253067017 0.022697776556015015 0.030099093914031982
0 0.2688278555870056 0.5311496257781982 0.016703516244888306 0.011623024940490723
0 0.40081119537353516 0.5242964029312134 0.013816028833389282 0.016337990760803223
0 0.2907946705818176 0.5388252139091492 0.029934734106063843 0.03404664993286133
1 0.1769767701625824 0.5664572715759277 0.020724043250083923 0.0804290771484375
0 0.33125579357147217 0.5329040288925171 0.013487100601196289 0.028618991374969482
0 0.5407989621162415 0.5758324265480042 0.19079282879829407 0.1075676679611206
0 0.030197877436876297 0.5469174385070801 0.014473939314484596 0.007500112056732178
0 0.14572623372077942 0.5595492720603943 0.05855365842580795 0.054770708084106445
0 0.29276829957962036 0.5926090478897095 0.1671082079410553 0.08783048391342163
0 0.0884883925318718 0.5817536115646362 0.06842224299907684 0.05575752258300781
0 0.18750327825546265 0.5388252139091492 0.02532939612865448 0.016776561737060547
0 0.06682572513818741 0.5454925298690796 0.011184405535459518 0.009868621826171875
0 0.031250547617673874 0.5595492720603943 0.01940823532640934 0.00789487361907959
0 0.008479627780616283 0.5534087419509888 0.007894935086369514 0.003947436809539795
0 0.4789557456970215 0.5176077485084534 0.003947436809539795 0.005921125411987305
0 0.2713863253593445 0.5457332134246826 0.022697746753692627 0.02911233901977539
0 0.4710608720779419 0.518791913986206 0.008552849292755127 0.011842310428619385
0 0.35658520460128784 0.5329040288925171 0.01940825581550598 0.02417808771133423
0 0.21085895597934723 0.5565886497497559 0.04243496060371399 0.03799408674240112
0 0.24671483039855957 0.5477069616317749 0.0404612272977829 0.03799408674240112
0 0.04111924022436142 0.5472134351730347 0.008552782237529755 0.01134878396987915
0 0.5009956359863281 0.5161274671554565 0.019737184047698975 0.011842310428619385
0 0.3825724720954895 0.5259960293769836 0.01611870527267456 0.020724058151245117
0 0.4704029858112335 0.5625098943710327 0.09638327360153198 0.06167870759963989
