0 0.5713915824890137 0.6429388523101807 0.15822649002075195 0.1598711609840393
0 0.33947962522506714 0.570898175239563 0.07927769422531128 0.0690801739692688
0 0.01134888269007206 0.5560952425003052 0.02269776538014412 0.059211552143096924
0 0.03996780514717102 0.5985301733016968 0.07993561029434204 0.09917932748794556
0 0.47007399797439575 0.5945827960968018 0.11677834391593933 0.11052829027175903
0 0.30625537037849426 0.5560952425003052 0.03223741054534912 0.041448116302490234
0 0.05164564028382301 0.5837273597717285 0.0654616728425026 0.07993561029434204
0 0.0019737188704311848 0.6991899013519287 0.0036184845957905054 0.04687577486038208
0 0.26414936780929565 0.5393186211585999 0.02927681803703308 0.02368462085723877
0 0.2703994810581207 0.5546150207519531 0.06809331476688385 0.05082327127456665
0 0.3973753750324249 0.5807667970657349 0.08815944194793701 0.07993561029434204
