0 0.7730405330657959 0.5195814371109009 0.011843323707580566 0.014309465885162354
0 0.3513219356536865 0.5166208744049072 0.03717172145843506 0.04292839765548706
0 0.13240352272987366 0.49096256494522095 0.03980333358049393 0.02121749520301819
1 0.4786267876625061 0.500831127166748 0.01315811276435852 0.019737213850021362
0 0.6181029081344604 0.5097128748893738 0.036184847354888916 0.030099183320999146
0 0.214806467294693 0.46974506974220276 0.004605337977409363 0.014309465885162354
0 0.6904726028442383 0.537838339805603 0.061843156814575195 0.054277241230010986
1 0.1610226035118103 0.48479461669921875 0.0055921971797943115 0.022697776556015015
0 0.2230302095413208 0.4766530990600586 0.01710556447505951 0.02417805790901184
0 0.5404700040817261 0.5195814371109009 0.04473763704299927 0.03404664993286133
0 0.018339136615395546 0.5067522525787354 0.03667827323079109 0.02565830945968628
0 0.5862603187561035 0.5273774862289429 0.06309324502944946 0.04085582494735718
0 0.03470441326498985 0.493182897567749 0.03782960772514343 0.02491810917854309
0 0.025658342987298965 0.6034644842147827 0.05032982677221298 0.12385088205337524
0 0.6533008813858032 0.5111931562423706 0.02368462085723877 0.022697776556015015
0 0.2516491413116455 0.5151405930519104 0.036184847354888916 0.027138590812683105
0 0.1429944932460785 0.48740124702453613 0.04001786559820175 0.02417805790901184
0 0.7618554830551147 0.5136603116989136 0.01611870527267456 0.025164783000946045
0 0.3437560200691223 0.6034644842147827 0.10263335704803467 0.1154625415802002
1 0.16612133383750916 0.5166208744049072 0.013158127665519714 0.04144808650016785
0 0.07598817348480225 0.5807667374610901 0.08914629369974136 0.08684360980987549
0 0.32763731479644775 0.5452398061752319 0.1480289101600647 0.08684360980987549
0 0.9279767274856567 0.5225419998168945 0.05032986402511597 0.05970495939254761
0 0.832909345626831 0.5037916898727417 0.08355408906936646 0.04687580466270447
0 0.7831286191940308 0.5151405930519104 0.014802992343902588 0.02664494514465332
0 0.21645116806030273 0.508232593536377 0.028618916869163513 0.030099183320999146
1 0.07039596885442734 0.500831127166748 0.009539633989334106 0.028618931770324707
0 0.7454078197479248 0.5097128748893738 0.02565830945968628 0.032566338777542114
0 0.4937586486339569 0.5876747369766235 0.11776524782180786 0.05970495939254761
0 0.21258598566055298 0.47295230627059937 0.005592212080955505 0.009868592023849487
0 0.6523140668869019 0.4880019426345825 0.051316678524017334 0.038487523794174194
0 0.20329302549362183 0.4712253510951996 0.013158127665519714 0.014309465885162354
0 0.7111966609954834 0.500831127166748 0.008552789688110352 0.008388280868530273
0 0.16095192730426788 0.6053678393363953 0.15230560302734375 0.14993226528167725
0 0.8937656283378601 0.5023114085197449 0.03223741054534912 0.01578974723815918
0 0.23355671763420105 0.46974506974220276 0.011513352394104004 0.01578974723815918
0 0.8917919397354126 0.6335636973381042 0.21447741985321045 0.17812812328338623
0 0.6919547915458679 0.5181008577346802 0.0651322603225708 0.04490169882774353
0 0.12210733443498611 0.4750739634037018 0.01710556447505951 0.017270028591156006
0 0.07156563550233841 0.48690539598464966 0.031433477997779846 0.02417805790901184
0 0.03149726241827011 0.5482003688812256 0.06299452483654022 0.04539555311203003
1 0.3552693724632263 0.47004109621047974 0.004703998565673828 0.019638508558273315
0 0.24213001132011414 0.586132824420929 0.08012068271636963 0.09341239929199219
0 0.22138544917106628 0.46382391452789307 0.011513352394104004 0.005921155214309692
1 0.17066079378128052 0.4819819927215576 0.007171079516410828 0.022993534803390503
1 0.9345558285713196 0.5225419998168945 0.016118645668029785 0.06414586305618286
0 0.29901838302612305 0.46826475858688354 0.006579071283340454 0.01282915472984314
0 0.303952693939209 0.46974506974220276 0.006579071283340454 0.012829184532165527
0 0.14638414978981018 0.4782564640045166 0.035938069224357605 0.01949012279510498
0 0.706920325756073 0.49326518177986145 0.031908392906188965 0.022204220294952393
0 0.04802718758583069 0.48734408617019653 0.02861892431974411 0.02417805790901184
0 0.7217231392860413 0.5151405930519104 0.02368462085723877 0.030099153518676758
0 0.26414936780929565 0.4840545058250427 0.05986948311328888 0.054277271032333374
0 0.23750415444374084 0.4712253510951996 0.010526508092880249 0.017270028591156006
0 0.0825672298669815 0.4810935854911804 0.010854475200176239 0.011348217725753784
0 0.9902223944664001 0.7144861817359924 0.019555211067199707 0.08684360980987549
0 0.36645376682281494 0.5778061747550964 0.06940910220146179 0.09375166893005371
0 0.6381690502166748 0.5240223407745361 0.04736924171447754 0.03404664993286133
0 0.4861927032470703 0.7431051135063171 0.21447741985321045 0.27039945125579834
0 0.08618563413619995 0.4727056324481964 0.025329314172267914 0.014309465885162354
0 0.48099517822265625 0.5559966564178467 0.10164651274681091 0.11487051844596863
0 0.30855804681777954 0.46974506974220276 0.015131860971450806 0.017270028591156006
0 0.08158037066459656 0.4781333804130554 0.01809241622686386 0.017270058393478394
0 0.10322550684213638 0.4746300280094147 0.015822634100914 0.014309465885162354
