0 0.49507445096969604 0.5284631848335266 0.00789487361907959 0.010855436325073242
0 0.5056009292602539 0.5274763107299805 0.007236957550048828 0.006907999515533447
0 0.4444156587123871 0.531423807144165 0.012171268463134766 0.020230591297149658
0 0.43356022238731384 0.5373449325561523 0.012829184532165527 0.014802932739257812
0 0.31612396240234375 0.5644835829734802 0.05065879225730896 0.05526411533355713
0 0.49428480863571167 0.5788919925689697 0.050395578145980835 0.05822467803955078
0 0.4942520260810852 0.5422793626785278 0.022039860486984253 0.01578974723815918
0 0.4679906964302063 0.5363582372665405 0.013706415891647339 0.01595437526702881
0 0.45066604018211365 0.5319172739982605 0.0057566165924072266 0.01492607593536377
0 0.45477789640426636 0.5324106216430664 0.006743520498275757 0.0061678290367126465
0 0.5348777770996094 0.5304369330406189 0.006579041481018066 0.00789487361907959
