0 0.4756662845611572 0.4648107886314392 0.03273087739944458 0.038487523794174194
0 0.5289566516876221 0.46234363317489624 0.02861887216567993 0.03305980563163757
0 0.5325751304626465 0.5417858362197876 0.08190932869911194 0.062172114849090576
1 0.3266504406929016 0.47961366176605225 0.01315811276435852 0.04539552330970764
0 0.8131721019744873 0.44704729318618774 0.01644766330718994 0.022204339504241943
0 0.5473780035972595 0.460863322019577 0.01743447780609131 0.024671494960784912
0 0.5769838094711304 0.4648107886314392 0.0072370171546936035 0.01085546612739563
0 0.4996798038482666 0.4593830406665802 0.02105298638343811 0.01924377679824829
0 0.3993492126464844 0.5558484792709351 0.09325811266899109 0.09375160932540894
0 0.503298282623291 0.4771465063095093 0.02927684783935547 0.036020368337631226
0 0.13881821930408478 0.7381708025932312 0.2769785225391388 0.5023114681243896
1 0.8062641024589539 0.4500078856945038 0.009539604187011719 0.030099213123321533
0 0.45461320877075195 0.4771465063095093 0.035855889320373535 0.033059775829315186
1 0.031250543892383575 0.4924428164958954 0.024671483784914017 0.030099213123321533
0 0.5529701709747314 0.4539552927017212 0.017434537410736084 0.024671465158462524
0 0.6779724359512329 0.5708981156349182 0.12138372659683228 0.14901575446128845
0 0.5667862296104431 0.4554356038570404 0.013815999031066895 0.022204339504241943
0 0.5309303402900696 0.6014907956123352 0.11414670944213867 0.13914716243743896
1 0.8651467561721802 0.5368515253067017 0.024671494960784912 0.10263338685035706
0 0.5233644247055054 0.47023850679397583 0.02401357889175415 0.02911236882209778
0 0.5713915824890137 0.45642244815826416 0.007236957550048828 0.017763465642929077
0 0.5156340599060059 0.4463072121143341 0.01743447780609131 0.019983947277069092
