1 0.8003389239311218 0.6222139000892639 0.04884529113769531 0.22229158878326416
1 0.9823480844497681 0.6434323191642761 0.03530377149581909 0.2532527446746826
0 0.7888295650482178 0.5062588453292847 0.005592167377471924 0.005427718162536621
1 0.7752767205238342 0.6109646558761597 0.03881645202636719 0.21069449186325073
1 0.8510011434555054 0.6103725433349609 0.044570863246917725 0.21784859895706177
0 0.942450761795044 0.603628933429718 0.09068167209625244 0.11118614673614502
1 0.7825794816017151 0.49688369035720825 0.006908059120178223 0.019243746995925903
0 0.34123313426971436 0.515798807144165 0.033663153648376465 0.03454005718231201
0 0.2787856459617615 0.5120568871498108 0.040215373039245605 0.047986745834350586
0 0.2943458557128906 0.5323125123977661 0.058817535638809204 0.05595517158508301
0 0.952977180480957 0.5017193555831909 0.059869468212127686 0.033059775829315186
0 0.14901576936244965 0.5116865634918213 0.02401357889175415 0.027632057666778564
0 0.15180560946464539 0.5748465061187744 0.1309276670217514 0.10855758190155029
0 0.18963739275932312 0.5375927090644836 0.06233854591846466 0.05329132080078125
1 0.9033052921295166 0.5669506788253784 0.05263251066207886 0.12878519296646118
0 0.9408800005912781 0.5790413618087769 0.11823999881744385 0.13125449419021606
1 0.7723819017410278 0.6153068542480469 0.045724451541900635 0.21414846181869507
0 0.9815874099731445 0.5106997489929199 0.03682523965835571 0.022204339504241943
0 0.9980437755584717 0.4870154857635498 0.003618478775024414 0.025658458471298218
0 0.7868558764457703 0.5023114085197449 0.01019752025604248 0.017763465642929077
0 0.3358611464500427 0.500831127166748 0.022039860486984253 0.02368462085723877
0 0.12368637323379517 0.5146471261978149 0.03684275597333908 0.03602033853530884
0 0.25822821259498596 0.4993508458137512 0.011842310428619385 0.017763495445251465
0 0.9013315439224243 0.5106997489929199 0.07565921545028687 0.03602033853530884
0 0.3575713038444519 0.4996470808982849 0.020395100116729736 0.02674424648284912
0 0.16414761543273926 0.5092194080352783 0.0404612272977829 0.027632057666778564
0 0.8681073188781738 0.5073632001876831 0.025736629962921143 0.017512857913970947
0 0.9769907593727112 0.6380046010017395 0.01644766330718994 0.05279695987701416
1 0.7483683824539185 0.5669506788253784 0.011184394359588623 0.035526931285858154
0 0.19276653230190277 0.5037916898727417 0.03125053644180298 0.024671494960784912
1 0.9046190977096558 0.5620164275169373 0.05427706241607666 0.1287851631641388
0 0.39112526178359985 0.4840545058250427 0.03223741054534912 0.059704989194869995
0 0.4095466434955597 0.4954034090042114 0.006579041481018066 0.008388280868530273
0 0.4013228118419647 0.5176077485084534 0.026645183563232422 0.03996780514717102
0 0.5779351592063904 0.54539954662323 0.3421112596988678 0.533890962600708
1 0.7579079866409302 0.6256688833236694 0.02631622552871704 0.1998390555381775
0 0.4115203619003296 0.4899756908416748 0.004605352878570557 0.006908029317855835
1 0.8486990928649902 0.6350011229515076 0.06061321496963501 0.21599340438842773
0 0.22829346358776093 0.5077391266822815 0.03223741054534912 0.030592650175094604
0 0.2480306476354599 0.5037916898727417 0.02138194441795349 0.02072402834892273
