0 0.4000070095062256 0.5047785639762878 0.029934734106063843 0.03207290172576904
0 0.5177721977233887 0.46777135133743286 0.0019736886024475098 0.00296059250831604
0 0.5062588453292847 0.47566622495651245 0.006579041481018066 0.0049343109130859375
0 0.01809242181479931 0.5087260007858276 0.020066142082214355 0.014802932739257812
0 0.43388819694519043 0.47566622495651245 0.008881986141204834 0.004440486431121826
0 0.4977060854434967 0.48701512813568115 0.014473974704742432 0.017763465642929077
0 0.5381672978401184 0.47369250655174255 0.00789487361907959 0.011842310428619385
0 0.07130058854818344 0.5866879224777222 0.14260117709636688 0.12286394834518433
0 0.44507357478141785 0.47566622495651245 0.006579041481018066 0.0029605627059936523
0 0.22171440720558167 0.4958968460559845 0.016776621341705322 0.011842310428619385
0 0.4092176854610443 0.47566622495651245 0.00789487361907959 0.0029605627059936523
0 0.3819577395915985 0.49227890372276306 0.01739680767059326 0.012829184532165527
0 0.32204511761665344 0.486028254032135 0.00789487361907959 0.00296059250831604
0 0.18552955985069275 0.4958968460559845 0.02269776165485382 0.011842310428619385
0 0.24079369008541107 0.5067522525787354 0.0460534393787384 0.03602033853530884
0 0.4842190146446228 0.49490997195243835 0.013816028833389282 0.014802873134613037
0 0.4782978296279907 0.46890079975128174 0.006767302751541138 0.005640208721160889
0 0.4657976031303406 0.4820808172225952 0.009210675954818726 0.011842310428619385
0 0.3532956540584564 0.486028254032135 0.006579041481018066 0.009868592023849487
0 0.26020193099975586 0.4899756908416748 0.017434507608413696 0.01282915472984314
0 0.04054347425699234 0.5269829034805298 0.08108694851398468 0.05674442648887634
0 0.38915154337882996 0.4978705644607544 0.003289520740509033 0.00789487361907959
0 0.5177721977233887 0.47566622495651245 0.006579101085662842 0.0049343109130859375
0 0.4180494248867035 0.4919493794441223 0.016282498836517334 0.013487964868545532
0 0.3128344416618347 0.5146471261978149 0.033224254846572876 0.0310860276222229
0 0.39638853073120117 0.486028254032135 0.0019737184047698975 0.00296059250831604
0 0.14704205095767975 0.500831127166748 0.029934734106063843 0.012829184532165527
0 0.5243512988090515 0.47369250655174255 0.006579041481018066 0.0049343109130859375
0 0.42237579822540283 0.47566622495651245 0.007894903421401978 0.003947436809539795
0 0.45231056213378906 0.47369250655174255 0.007894903421401978 0.003947436809539795
0 0.3246767520904541 0.500831127166748 0.02730312943458557 0.03009924292564392
0 0.44902104139328003 0.4899756908416748 0.014473944902420044 0.014802902936935425
0 0.49310073256492615 0.46777135133743286 0.00789487361907959 0.003947436809539795
0 0.4654674530029297 0.4707341194152832 0.004935532808303833 0.00296059250831604
