0 0.4080665707588196 0.5612759590148926 0.048520803451538086 0.06044548749923706
0 0.5016534924507141 0.5294500589370728 0.014802902936935425 0.017763495445251465
0 0.4967194199562073 0.5203211307525635 0.0055921971797943115 0.00863492488861084
0 0.22960954904556274 0.6560144424438477 0.16266684234142303 0.17714112997055054
0 0.47007399797439575 0.5926090478897095 0.08256721496582031 0.11250197887420654
0 0.3730328381061554 0.5551084280014038 0.0325663685798645 0.03996783494949341
0 0.446389377117157 0.5319172143936157 0.0190792977809906 0.022204339504241943
0 0.46974503993988037 0.5259960889816284 0.009210675954818726 0.012335717678070068
1 0.6562614440917969 0.573365330696106 0.017434537410736084 0.0310860276222229
1 0.7519868612289429 0.6064250469207764 0.02401357889175415 0.06167870759963989
0 0.50417560338974 0.56020587682724 0.03585591912269592 0.05032980442047119
0 0.48893415927886963 0.5164549350738525 0.01315838098526001 0.026151716709136963
1 0.6552765369415283 0.5548616051673889 0.02648097276687622 0.06611955165863037
