0 0.34112438559532166 0.5250091552734375 0.012500226497650146 0.013322651386260986
0 0.36250633001327515 0.52303546667099 0.0055921971797943115 0.010362029075622559
0 0.4516526460647583 0.5156340599060059 0.012500226497650146 0.018750369548797607
0 0.3802698254585266 0.5210617780685425 0.01085546612739563 0.014309465885162354
0 0.3671116828918457 0.5210617780685425 0.0049343109130859375 0.007401406764984131
0 0.38586199283599854 0.5210617780685425 0.0055921971797943115 0.012335717678070068
0 0.10625185817480087 0.6246820092201233 0.18388478457927704 0.1731938123703003
0 0.4207310676574707 0.5220485925674438 0.008881717920303345 0.013322591781616211
0 0.4289548099040985 0.5282169580459595 0.004276394844055176 0.012335717678070068
2 0.48520585894584656 0.5279697775840759 0.007565915584564209 0.026645183563232422
0 0.37401968240737915 0.5220485925674438 0.008881717920303345 0.010362029075622559
0 0.33355847001075745 0.5210617780685425 0.007565915584564209 0.011348903179168701
0 0.572378396987915 0.5477069616317749 0.0921068787574768 0.05575752258300781
0 0.357352614402771 0.5251739621162415 0.01085546612739563 0.01266467571258545
0 0.4358628988265991 0.5279697775840759 0.012500226497650146 0.015296339988708496
0 0.45477747917175293 0.5410460233688354 0.029605776071548462 0.03207296133041382
0 0.46810030937194824 0.52303546667099 0.010197550058364868 0.012335777282714844
0 0.4782978296279907 0.5210617780685425 0.008223801851272583 0.006414592266082764
0 0.4384945034980774 0.5166208744049072 0.009539633989334106 0.006414592266082764
0 0.4352049231529236 0.5268186926841736 0.01217120885848999 0.017927885055541992
0 0.40691500902175903 0.5176077485084534 0.007565915584564209 0.008388280868530273
0 0.40823084115982056 0.5250091552734375 0.012500196695327759 0.014309465885162354
0 0.8845549821853638 0.5447463989257812 0.08585673570632935 0.037007272243499756
0 0.3970463275909424 0.5277235507965088 0.020066142082214355 0.024671494960784912
0 0.4253363609313965 0.5218022465705872 0.0042764246463775635 0.010855436325073242
0 0.415138840675354 0.52303546667099 0.012500226497650146 0.014309406280517578
0 0.6315900087356567 0.5353711843490601 0.03717172145843506 0.018750369548797607
0 0.5434305667877197 0.5200749039649963 0.008881688117980957 0.0049343109130859375
0 0.44671833515167236 0.5324106216430664 0.017105549573898315 0.018750309944152832
0 0.5153273940086365 0.5233464241027832 0.008959412574768066 0.008947670459747314
0 0.5434305667877197 0.5220485925674438 0.01019752025604248 0.006414592266082764
0 0.3171108067035675 0.5220485925674438 0.01644766330718994 0.012335717678070068
0 0.4358628988265991 0.5200749039649963 0.01085546612739563 0.007401466369628906
0 0.645077109336853 0.5250091552734375 0.012500226497650146 0.01628321409225464
