1 0.888831377029419 0.5042850971221924 0.02631622552871704 0.040954649448394775
1 0.9872894287109375 0.64943528175354 0.025421082973480225 0.25469398498535156
0 0.7878427505493164 0.5131669044494629 0.00822383165359497 0.020723998546600342
1 0.7654373645782471 0.6109756231307983 0.04280036687850952 0.2116813063621521
1 0.8857380747795105 0.5558024644851685 0.031908512115478516 0.09109371900558472
1 0.902647078037262 0.5352069735527039 0.020395278930664062 0.0435868501663208
0 0.9703207015991211 0.605438232421875 0.05935853719711304 0.11595594882965088
0 0.4111914038658142 0.4939231276512146 0.003618478775024414 0.01085546612739563
0 0.39309898018836975 0.488495409488678 0.012829184532165527 0.006908029317855835
0 0.4042832851409912 0.49727851152420044 0.012631922960281372 0.01835569739341736
0 0.9532731771469116 0.5037916898727417 0.059869468212127686 0.03454011678695679
0 0.14177879691123962 0.503298282623291 0.011842310428619385 0.010855436325073242
0 0.39309900999069214 0.500831127166748 0.022039860486984253 0.02220436930656433
0 0.3761028051376343 0.4988574683666229 0.013816028833389282 0.018750369548797607
1 0.9320329427719116 0.5727075338363647 0.05076879262924194 0.1197386384010315
0 0.3422304093837738 0.5045095682144165 0.025269687175750732 0.02803593873977661
0 0.24276740849018097 0.5407989621162415 0.08289620280265808 0.08141589164733887
0 0.9486098289489746 0.5506675243377686 0.10278034210205078 0.07598817348480225
1 0.7825795412063599 0.5388252139091492 0.011842310428619385 0.050823211669921875
0 0.07837308198213577 0.588168203830719 0.15674616396427155 0.15493690967559814
0 0.9813406467437744 0.5106997489929199 0.03731870651245117 0.022033512592315674
0 0.9983398914337158 0.485978901386261 0.0026316046714782715 0.022204309701919556
0 0.7822505235671997 0.500831127166748 0.018421411514282227 0.02368462085723877
0 0.40371495485305786 0.4879571795463562 0.009121090173721313 0.007850080728530884
0 0.12171265482902527 0.5131669044494629 0.03519798070192337 0.033059775829315186
0 0.26283353567123413 0.5023114085197449 0.020395100116729736 0.02072402834892273
0 0.900344729423523 0.5106997489929199 0.07829087972640991 0.0345400869846344
0 0.8671197891235352 0.5055192112922668 0.024506032466888428 0.016530722379684448
0 0.17006877064704895 0.5309303402900696 0.09112001210451126 0.08289620280265808
0 0.9815961122512817 0.633563756942749 0.025000452995300293 0.0690801739692688
1 0.8505070805549622 0.6148146986961365 0.04884743690490723 0.21341216564178467
0 0.4039544463157654 0.47171878814697266 0.0055921971797943115 0.006908029317855835
1 0.7605396509170532 0.6192542314529419 0.033224284648895264 0.22549736499786377
0 0.2055957019329071 0.4993508458137512 0.0055921971797943115 0.019243746995925903
0 0.41020452976226807 0.4648107588291168 0.004605323076248169 0.006907999515533447
1 0.8781378269195557 0.5452414751052856 0.02549445629119873 0.06241804361343384
0 0.578266441822052 0.5439085960388184 0.3421112298965454 0.533890962600708
1 0.8674494028091431 0.5388252139091492 0.007565915584564209 0.012829184532165527
0 0.4115203619003296 0.4692516326904297 0.0026316046714782715 0.005427718162536621
1 0.8888313174247742 0.6345505714416504 0.060198426246643066 0.22056305408477783
0 0.22829347848892212 0.4993508458137512 0.01743452250957489 0.008388280868530273
0 0.40855979919433594 0.4731990694999695 0.0055921971797943115 0.008388280868530273
0 0.24597473442554474 0.4978705644607544 0.01932618021965027 0.009210854768753052
