0 0.09748207777738571 0.5286272764205933 0.03125055134296417 0.030757009983062744
0 0.4269811511039734 0.5782996416091919 0.03782960772514343 0.09819251298904419
0 0.12829172611236572 0.533890962600708 0.03782961517572403 0.027632057666778564
0 0.05263250321149826 0.5259960889816284 0.02401358261704445 0.022204339504241943
0 0.011102167889475822 0.5506675243377686 0.022204335778951645 0.06759989261627197
0 0.04342181235551834 0.5245157480239868 0.01940823346376419 0.020724058151245117
0 0.9315952658653259 0.5047785639762878 0.025000452995300293 0.010855436325073242
0 0.21497245132923126 0.5395650863647461 0.02401357889175415 0.03157949447631836
0 0.3884936571121216 0.5560952425003052 0.08125141263008118 0.07598817348480225
0 0.30066317319869995 0.5037916898727417 0.010197550058364868 0.01381605863571167
0 0.338492751121521 0.4993508458137512 0.02138194441795349 0.010855436325073242
0 0.07845699787139893 0.5514074563980103 0.038323089480400085 0.04021477699279785
0 0.2766495645046234 0.6005039215087891 0.10065965354442596 0.10954141616821289
0 0.38915157318115234 0.5699113011360168 0.05361935496330261 0.065132737159729
0 0.6227083206176758 0.5037916898727417 0.020395100116729736 0.008388340473175049
0 0.7049465179443359 0.4993508458137512 0.025000393390655518 0.013816028833389282
0 0.3246767520904541 0.5506675243377686 0.030592650175094604 0.03996777534484863
0 0.24079369008541107 0.5368515253067017 0.03421112895011902 0.03602033853530884
0 0.06743539124727249 0.5259960889816284 0.022039860486984253 0.024671494960784912
0 0.2904655933380127 0.5383317470550537 0.031250566244125366 0.01776343584060669
0 0.016447655856609344 0.5106997489929199 0.021381953731179237 0.010855495929718018
0 0.4980350434780121 0.5852075815200806 0.12072581052780151 0.12039679288864136
0 0.10526499897241592 0.5329040884971619 0.028618916869163513 0.02615177631378174
0 0.4013228118419647 0.5768193006515503 0.035855889320373535 0.07352101802825928
0 0.9641616344451904 0.5077391862869263 0.02960580587387085 0.006907999515533447
0 0.33125579357147217 0.5353711843490601 0.06644850969314575 0.03750067949295044
0 0.020806284621357918 0.644912600517273 0.041612569242715836 0.1426011323928833
0 0.030592642724514008 0.5245157480239868 0.02039509452879429 0.020724058151245117
0 0.349677175283432 0.5605361461639404 0.023026704788208008 0.04835611581802368
0 0.26645204424858093 0.5353711843490601 0.03519798815250397 0.027632057666778564
0 0.3404664993286133 0.5521478056907654 0.04506656527519226 0.04440867900848389
0 0.035855889320373535 0.5062588453292847 0.02039509266614914 0.009868621826171875
0 0.714157223701477 0.5047785639762878 0.025000452995300293 0.010855436325073242
0 0.5174432992935181 0.6088922023773193 0.07829087972640991 0.11052829027175903
0 0.6246820092201233 0.6281360387802124 0.19934558868408203 0.16875296831130981
0 0.9677801132202148 0.5023114085197449 0.037829577922821045 0.017763465642929077
0 0.0230267196893692 0.52303546667099 0.021381953731179237 0.020724058151245117
0 0.5776417255401611 0.5037916898727417 0.02401357889175415 0.008388340473175049
0 0.614484429359436 0.500831127166748 0.028618931770324707 0.010855436325073242
0 0.34869033098220825 0.5521478056907654 0.030592650175094604 0.041448116302490234
0 0.3210582435131073 0.5037916898727417 0.028618931770324707 0.012335747480392456
