0 0.46859389543533325 0.49959760904312134 0.026809722185134888 0.045888930559158325
0 0.03980332612991333 0.5240223407745361 0.03256635740399361 0.012829184532165527
0 0.7065913081169128 0.500831127166748 0.01743447780609131 0.00789487361907959
0 0.5496806502342224 0.5546149611473083 0.05526411533355713 0.04983639717102051
0 0.5721594095230103 0.5031339526176453 0.009649276733398438 0.007894903421401978
0 0.4782978296279907 0.5250091552734375 0.03388217091560364 0.04588896036148071
0 0.6128396987915039 0.5047785639762878 0.011184394359588623 0.011842340230941772
0 0.5381673574447632 0.500831127166748 0.02401357889175415 0.036020368337631226
0 0.15888436138629913 0.5269829034805298 0.025987297296524048 0.02911233901977539
0 0.40033650398254395 0.5094309449195862 0.011184394359588623 0.014238953590393066
0 0.19079281389713287 0.5605361461639404 0.08190932869911194 0.08585673570632935
0 0.554286003112793 0.5067522525787354 0.00789487361907959 0.011842310428619385
0 0.11197713017463684 0.5261934995651245 0.039803266525268555 0.02003335952758789
0 0.26809680461883545 0.5279697179794312 0.04868507385253906 0.03799408674240112
0 0.18684537708759308 0.5146471261978149 0.10592290759086609 0.05082327127456665
0 0.42796802520751953 0.5116865634918213 0.02138194441795349 0.02417808771133423
0 0.7478750348091125 0.499350905418396 0.01184225082397461 0.003947407007217407
0 0.09112001955509186 0.5269829034805298 0.025329388678073883 0.011842310428619385
0 0.5980367660522461 0.5269829034805298 0.03125053644180298 0.03700721263885498
0 0.3904673457145691 0.5067522525787354 0.011842310428619385 0.01776343584060669
0 0.4424420893192291 0.5100418329238892 0.016995906829833984 0.025164932012557983
0 0.512179970741272 0.5077391266822815 0.022697746753692627 0.029112309217453003
0 0.012582456693053246 0.5240223407745361 0.02516491338610649 0.013815999031066895
0 0.5634967088699341 0.5047785639762878 0.010526537895202637 0.014802902936935425
0 0.09506745636463165 0.5250091552734375 0.048685066401958466 0.025164902210235596
0 0.3079001307487488 0.5348777770996094 0.03190845251083374 0.03404664993286133
0 0.4164546728134155 0.5106997489929199 0.009210675954818726 0.011842310428619385
0 0.43915241956710815 0.5116865634918213 0.011184394359588623 0.019737184047698975
