1 0.4825742244720459 0.5743521451950073 0.03157949447631836 0.10806107521057129
1 0.888831377029419 0.7401444911956787 0.0976991057395935 0.3439205288887024
0 0.47007399797439575 0.5102062821388245 0.007236987352371216 0.009868621826171875
0 0.33561432361602783 0.5353711843490601 0.011184394359588623 0.029112398624420166
0 0.37825649976730347 0.5190880298614502 0.01644766330718994 0.017763495445251465
1 0.7800161838531494 0.5622140765190125 0.03256779909133911 0.10312676429748535
1 0.1996745467185974 0.5822470188140869 0.022039860486984253 0.09177792072296143
0 0.5536280870437622 0.5383318066596985 0.059622347354888916 0.08437648415565491
1 0.1766478270292282 0.5886616110801697 0.022039860486984253 0.11200857162475586
1 0.37994086742401123 0.505765438079834 0.004276394844055176 0.010362029075622559
0 0.4757320284843445 0.5092194080352783 0.006579071283340454 0.022204339504241943
0 0.49811089038848877 0.5146471858024597 0.025987297296524048 0.0345400869846344
1 0.15460796654224396 0.5847141742706299 0.03157949447631836 0.10312676429748535
1 0.25230705738067627 0.5886616110801697 0.0289478600025177 0.09671223163604736
1 0.7358681559562683 0.540305495262146 0.02368462085723877 0.08141589164733887
0 0.437836617231369 0.5092194080352783 0.019408226013183594 0.01381605863571167
1 0.022039860486984253 0.6128396987915039 0.04243495315313339 0.11348885297775269
2 0.3552693724632263 0.6384980082511902 0.16052913665771484 0.25855720043182373
1 0.8598834276199341 0.5644835829734802 0.03486901521682739 0.1287851333618164
1 0.12401533126831055 0.5501741170883179 0.013487078249454498 0.04983639717102051
0 0.38553306460380554 0.5077391862869263 0.01644766330718994 0.008388340473175049
0 0.25099122524261475 0.5546150207519531 0.03585587441921234 0.04292839765548706
0 0.45066577196121216 0.5116865634918213 0.01282915472984314 0.01529628038406372
1 0.013651554472744465 0.6039578914642334 0.02730310894548893 0.09819251298904419
1 0.12566009163856506 0.5501741170883179 0.017763465642929077 0.05082327127456665
0 0.41727739572525024 0.5077391266822815 0.025000423192977905 0.030592650175094604
1 0.4884953796863556 0.512179970741272 0.004276394844055176 0.020230591297149658
0 0.531259298324585 0.5605361461639404 0.07105386257171631 0.07352101802825928
1 0.21414849162101746 0.5171142816543579 0.01447393000125885 0.012829124927520752
1 0.7960665225982666 0.7756714820861816 0.08585673570632935 0.3937568664550781
1 0.4460604190826416 0.5121800303459167 0.008552759885787964 0.024178028106689453
0 0.38915154337882996 0.5102062821388245 0.014802873134613037 0.005427718162536621
0 0.38355934619903564 0.503298282623291 0.04769819974899292 0.019243746995925903
1 0.3848751485347748 0.579779863357544 0.03157949447631836 0.0942450761795044
0 0.31645292043685913 0.5329040884971619 0.04144808650016785 0.04440867900848389
0 0.2131616175174713 0.5560952425003052 0.06842224299907684 0.07598817348480225
1 0.6607424020767212 0.531423807144165 0.01829749345779419 0.057514846324920654
1 0.36776959896087646 0.5210617780685425 0.005921155214309692 0.029112398624420166
1 0.4750083088874817 0.5171142816543579 0.008552789688110352 0.02417808771133423
0 0.4825742244720459 0.5106997489929199 0.013816028833389282 0.022204339504241943
1 0.48092949390411377 0.5171142816543579 0.005921155214309692 0.02417808771133423
0 0.40099385380744934 0.5161274671554565 0.01644766330718994 0.017763495445251465
1 0.7875137329101562 0.5491872429847717 0.033224284648895264 0.0942450761795044
0 0.16052912175655365 0.5753390192985535 0.08585676550865173 0.08289623260498047
0 0.28125491738319397 0.5472131371498108 0.03881645202636719 0.0394740104675293
1 0.7579079866409302 0.579779863357544 0.03157949447631836 0.12089025974273682
1 0.6345505714416504 0.579779863357544 0.027961015701293945 0.10065966844558716
0 0.5023199319839478 0.5174179077148438 0.02861890196800232 0.03305983543395996
1 0.6444182395935059 0.5255011320114136 0.01611870527267456 0.04736924171447754
1 0.1825689971446991 0.5926090478897095 0.018750324845314026 0.09819251298904419
1 0.6092212200164795 0.5363580584526062 0.012829124927520752 0.054770708084106445
0 0.4977060854434967 0.4939231276512146 0.026645243167877197 0.012335777282714844
0 0.45987647771835327 0.5102062821388245 0.019408226013183594 0.015296339988708496
1 0.1496736705303192 0.531423807144165 0.013487070798873901 0.020230591297149658
0 0.4842190146446228 0.5131669044494629 0.01118442416191101 0.016776621341705322
1 0.5947465300559998 0.5185946226119995 0.0138627290725708 0.04060140252113342
0 0.39112526178359985 0.5116865634918213 0.011184394359588623 0.008388340473175049
0 0.3036237359046936 0.5422792434692383 0.026645183563232422 0.03454005718231201
