0 0.3651379644870758 0.5195814371109009 0.012500226497650146 0.014802873134613037
0 0.2848733961582184 0.5166208744049072 0.011842310428619385 0.008881747722625732
0 0.5503385663032532 0.5097128748893738 0.006579041481018066 0.014802932739257812
0 0.28355759382247925 0.5319172143936157 0.02138197422027588 0.025164902210235596
0 0.1710556149482727 0.5486937761306763 0.05460621416568756 0.05082327127456665
0 0.2996760308742523 0.5161271095275879 0.013487040996551514 0.011842191219329834
0 0.2603112459182739 0.5388252139091492 0.028618931770324707 0.03371775150299072
0 0.3167818486690521 0.533890962600708 0.07598817348480225 0.04292839765548706
0 0.20822732150554657 0.5447463989257812 0.03190845251083374 0.0310860276222229
0 0.488495409488678 0.5625098347663879 0.05263248085975647 0.0636523962020874
0 0.3917831778526306 0.5156340599060059 0.010526508092880249 0.0098685622215271
0 0.48717957735061646 0.5116865634918213 0.03782963752746582 0.05871814489364624
0 0.08355358242988586 0.5205682516098022 0.014473937451839447 0.010361850261688232
0 0.14769995212554932 0.5250092148780823 0.0325663685798645 0.01578974723815918
0 0.16612105071544647 0.522788405418396 0.014638662338256836 0.01381605863571167
0 0.18947699666023254 0.5215551853179932 0.010526508092880249 0.013815999031066895
0 0.02269776538014412 0.5486937761306763 0.043750762939453125 0.037007272243499756
0 0.46250808238983154 0.5126734972000122 0.00789487361907959 0.011842310428619385
0 0.18355584144592285 0.520568311214447 0.002631634473800659 0.010855436325073242
0 0.11447568982839584 0.5195814371109009 0.013158127665519714 0.012829124927520752
0 0.16776609420776367 0.5195814371109009 0.020724058151245117 0.01578974723815918
0 0.043339572846889496 0.707578182220459 0.08667914569377899 0.29852497577667236
0 0.14375251531600952 0.5496807098388672 0.022697776556015015 0.03996783494949341
0 0.26230740547180176 0.5168183445930481 0.022434592247009277 0.03700712323188782
0 0.3513219356536865 0.5215551853179932 0.009868592023849487 0.018750309944152832
1 0.8352125883102417 0.5395651459693909 0.013322770595550537 0.030592679977416992
1 0.14737099409103394 0.52303546667099 0.006908014416694641 0.01825690269470215
0 0.6102080345153809 0.5156340003013611 0.08651465177536011 0.16480550169944763
0 0.4657976031303406 0.5136603116989136 0.006579071283340454 0.011842310428619385
1 0.2440832257270813 0.5551084280014038 0.027961015701293945 0.07401448488235474
0 0.5588913559913635 0.5185946226119995 0.015460848808288574 0.01578974723815918
0 0.5388252139091492 0.5166208744049072 0.019408226013183594 0.024178028106689453
0 0.8069220185279846 0.7001767158508301 0.2940840721130371 0.28914976119995117
0 0.5056009292602539 0.5156340599060059 0.004605352878570557 0.014802873134613037
1 0.21579241752624512 0.5578222274780273 0.020395100116729736 0.0713009238243103
0 0.032566361129283905 0.5259960889816284 0.01809241995215416 0.014802873134613037
