0 0.9667932391166687 0.8857063055038452 0.06611955165863037 0.22747105360031128
0 0.4877643883228302 0.3725394010543823 0.0863075852394104 0.05738404393196106
0 0.35083717107772827 0.4603179693222046 0.022706419229507446 0.042110323905944824
0 0.3421112298965454 0.465921014547348 0.016694337129592896 0.04872626066207886
0 0.48771172761917114 0.5477069616317749 0.1730293333530426 0.2995118200778961
0 0.8716347813606262 0.7052755355834961 0.25673043727874756 0.24128711223602295
0 0.5868523716926575 0.4672330617904663 0.037201642990112305 0.06271040439605713
0 0.3000052571296692 0.45247501134872437 0.07368549704551697 0.08536335825920105
0 0.5750904083251953 0.7576153874397278 0.30625537037849426 0.399930477142334
1 0.7236968874931335 0.4727056324481964 0.03223741054534912 0.11694282293319702
0 0.16842401027679443 0.49639028310775757 0.211516872048378 0.10065963864326477
1 0.21842488646507263 0.537838339805603 0.0634879618883133 0.16529890894889832
0 0.9329023361206055 0.5134280920028687 0.13419538736343384 0.09186500310897827
0 0.3789539933204651 0.45763006806373596 0.05690890550613403 0.07056045532226562
