0 0.46448183059692383 0.5146471261978149 0.01315811276435852 0.01381605863571167
0 0.522377610206604 0.5146471858024597 0.005263268947601318 0.00789487361907959
0 0.2667809724807739 0.5343843698501587 0.049342960119247437 0.03207296133041382
0 0.446389377117157 0.5116865634918213 0.017434507608413696 0.028125494718551636
0 0.4710608720779419 0.5126734375953674 0.009868592023849487 0.012829184532165527
0 0.45515114068984985 0.5160826444625854 0.005442678928375244 0.013098299503326416
0 0.5342198610305786 0.5156340599060059 0.02598726749420166 0.018750369548797607
0 0.43520498275756836 0.5166208744049072 0.01611870527267456 0.021710872650146484
0 0.29868942499160767 0.5309303402900696 0.04473760724067688 0.03404664993286133
0 0.4032965302467346 0.5166208744049072 0.03519797325134277 0.017763495445251465
0 0.41579675674438477 0.5116865634918213 0.019408226013183594 0.01381605863571167
0 0.4937586188316345 0.5215551853179932 0.019408196210861206 0.020724058151245117
0 0.5350967645645142 0.5215551853179932 0.02094322443008423 0.022368788719177246
0 0.3539535701274872 0.5225419998168945 0.027961015701293945 0.019737184047698975
0 0.4843010902404785 0.5109464526176453 0.012500196695327759 0.01578974723815918
