0 0.5013245344161987 0.4924428462982178 0.0055921971797943115 0.005427747964859009
0 0.48948225378990173 0.4963902533054352 0.014802873134613037 0.01776343584060669
0 0.13980507850646973 0.488495409488678 0.0250004380941391 0.023684650659561157
0 0.5161274671554565 0.4731990694999695 0.004605352878570557 0.009868621826171875
1 0.9665736556053162 0.5636610984802246 0.023026466369628906 0.09950798749923706
1 0.07269829511642456 0.5060946345329285 0.022807490080595016 0.0557575523853302
1 0.4119589328765869 0.49145597219467163 0.006359845399856567 0.022697776556015015
1 0.7629081010818481 0.5047786235809326 0.018816113471984863 0.07391577959060669
1 0.21974068880081177 0.525502622127533 0.015131846070289612 0.08240273594856262
1 0.44089120626449585 0.49455755949020386 0.007236987352371216 0.02368462085723877
1 0.12566009163856506 0.47763991355895996 0.037171706557273865 0.04687580466270447
0 0.5898129940032959 0.4992891550064087 0.020422518253326416 0.04829442501068115
1 0.18158534169197083 0.47245872020721436 0.015131846070289612 0.04551592469215393
1 0.9582404494285583 0.4944165349006653 0.009868621826171875 0.022697776556015015
1 0.4500078856945038 0.500831127166748 0.020395100116729736 0.0636523962020874
0 0.29098382592201233 0.6051543354988098 0.1527378410100937 0.15659284591674805
1 0.24474112689495087 0.47171878814697266 0.009868592023849487 0.01578974723815918
0 0.49310076236724854 0.5591825246810913 0.10645189881324768 0.05314362049102783
1 0.2568686008453369 0.5087260007858276 0.02550467848777771 0.05115211009979248
1 0.9352607727050781 0.5592672824859619 0.01358109712600708 0.0979810357093811
0 0.4829551577568054 0.47854888439178467 0.014750927686691284 0.032851964235305786
1 0.5671151876449585 0.48750853538513184 0.005263209342956543 0.012829184532165527
1 0.18579882383346558 0.5092094540596008 0.026316240429878235 0.06794512271881104
0 0.511522114276886 0.47566622495651245 0.007236957550048828 0.009868592023849487
1 0.05460798740386963 0.4761613607406616 0.029276829212903976 0.04144689440727234
0 0.7855400443077087 0.6774789690971375 0.24375426769256592 0.22500395774841309
0 0.49869292974472046 0.47171878814697266 0.019408226013183594 0.017763465642929077
1 0.9914647340774536 0.5792864561080933 0.015131831169128418 0.08240270614624023
0 0.622160017490387 0.5023114085197449 0.043737053871154785 0.04718419909477234
0 0.4621537923812866 0.48158735036849976 0.03798148036003113 0.06262752413749695
1 0.9275820255279541 0.5590558052062988 0.020395100116729736 0.10115307569503784
0 0.2861891984939575 0.5047785639762878 0.11315986514091492 0.0636523962020874
1 0.2169296145439148 0.525502622127533 0.01919892430305481 0.08437648415565491
1 0.19444376230239868 0.48889005184173584 0.010526493191719055 0.03157952427864075
1 0.20724046230316162 0.5245157480239868 0.015131846070289612 0.07549473643302917
1 0.1924375742673874 0.5097128748893738 0.020395100116729736 0.07944217324256897
1 0.1924375742673874 0.500831127166748 0.020395100116729736 0.05279695987701416
1 0.6957358717918396 0.5432660579681396 0.022368788719177246 0.10806113481521606
0 0.49310073256492615 0.5353711843490601 0.08074301481246948 0.036827802658081055
1 0.9158055186271667 0.5639901161193848 0.02434253692626953 0.10312682390213013
0 0.4552711248397827 0.719913899898529 0.26579412817955017 0.3518153429031372
1 0.22960928082466125 0.5204486846923828 0.015131831169128418 0.09179288148880005
0 0.6076757311820984 0.4953196048736572 0.03782963752746582 0.049836426973342896
1 0.36743998527526855 0.49343016743659973 0.01710653305053711 0.045396268367767334
0 0.5539570450782776 0.4884953796863556 0.019408226013183594 0.022204339504241943
1 0.28272247314453125 0.5028048753738403 0.02434253692626953 0.05408746004104614
1 0.2648072838783264 0.4944165349006653 0.009210675954818726 0.03552696108818054
0 0.8408042192459106 0.5960630774497986 0.13256806135177612 0.1228640079498291
1 0.8231722712516785 0.5143511295318604 0.02085566520690918 0.04657980799674988
1 0.787513792514801 0.5028048753738403 0.015131831169128418 0.05279698967933655
0 0.531165361404419 0.4801070988178253 0.0057332515716552734 0.003947436809539795
1 0.7036262154579163 0.5442577600479126 0.028128981590270996 0.08093094825744629
1 0.4246779978275299 0.4924428462982178 0.007236957550048828 0.02911260724067688
1 0.7164590954780579 0.4976254105567932 0.01907932758331299 0.0557575523853302
0 0.5285336971282959 0.47023850679397583 0.028618931770324707 0.017763465642929077
0 0.6088922023773193 0.5699113011360168 0.0921068787574768 0.10460710525512695
1 0.7802767753601074 0.5047785639762878 0.019737184047698975 0.07154726982116699
0 0.5013245344161987 0.46629106998443604 0.03125053644180298 0.01913788914680481
1 0.8934366703033447 0.5176077485084534 0.015131831169128418 0.05279695987701416
0 0.49087393283843994 0.47505897283554077 0.004605323076248169 0.009868592023849487
0 0.12912315130233765 0.6906920671463013 0.2582463026046753 0.38684871792793274
1 0.2342146337032318 0.5185946226119995 0.021579399704933167 0.08832409977912903
1 0.9437670707702637 0.5590558052062988 0.022040128707885742 0.10312682390213013
0 0.5289566516876221 0.4771465063095093 0.00822383165359497 0.005427718162536621
0 0.5309303402900696 0.5047785639762878 0.07533025741577148 0.04983639717102051
0 0.5003377199172974 0.47773855924606323 0.00822383165359497 0.010263293981552124
1 0.9065948128700256 0.5245157480239868 0.015131831169128418 0.0439152717590332
