0 0.5204038619995117 0.8103618621826172 0.3534528613090515 0.3792763352394104
1 0.3401375412940979 0.570130467414856 0.010526508092880249 0.05011063814163208
0 0.5157985091209412 0.5250091552734375 0.008552789688110352 0.011348903179168701
1 0.7283022403717041 0.5412923693656921 0.010526478290557861 0.0439152717590332
1 0.8437647819519043 0.5146471858024597 0.0068274736404418945 0.03157952427864075
0 0.5213906764984131 0.5264894962310791 0.01151341199874878 0.014309465885162354
0 0.5118510723114014 0.5407989025115967 0.038816481828689575 0.02417808771133423
1 0.33898621797561646 0.5630033016204834 0.011184394359588623 0.05625098943710327
1 0.7980402708053589 0.5560952425003052 0.010526537895202637 0.06414586305618286
1 0.3291250467300415 0.5886616706848145 0.026043683290481567 0.08783048391342163
1 0.07434341311454773 0.6044514179229736 0.010526500642299652 0.07993561029434204
1 0.9193015098571777 0.5630033016204834 0.021546542644500732 0.06513267755508423
1 0.9695571660995483 0.5650433301925659 0.021053016185760498 0.07993561029434204
1 0.37155261635780334 0.5617696046829224 0.0169411301612854 0.07204073667526245
0 0.5284633636474609 0.518101155757904 0.013158142566680908 0.024178028106689453
0 0.17171353101730347 0.5560952425003052 0.019408226013183594 0.02368462085723877
1 0.7371839284896851 0.5190880298614502 0.00822383165359497 0.02368462085723877
0 0.15033158659934998 0.5605361461639404 0.03125055134296417 0.022204339504241943
1 0.8951481580734253 0.5582661628723145 0.02171093225479126 0.07572513818740845
1 0.9884384870529175 0.5576743483543396 0.019408226013183594 0.07835686206817627
0 0.1075676679611206 0.5615229606628418 0.03322426229715347 0.02368462085723877
0 0.46448183059692383 0.5368515253067017 0.018092423677444458 0.017270028591156006
1 0.3534751534461975 0.540305495262146 0.010526478290557861 0.01578974723815918
0 0.47287023067474365 0.5210617780685425 0.021710902452468872 0.02837240695953369
1 0.3500157594680786 0.56843101978302 0.01940825581550598 0.057223379611968994
0 0.534548819065094 0.5240223407745361 0.011513352394104004 0.014309465885162354
1 0.8304186463356018 0.5491872429847717 0.013487100601196289 0.05526411533355713
0 0.4861927032470703 0.5368515253067017 0.018092423677444458 0.018750369548797607
1 0.3118475675582886 0.579779863357544 0.022039860486984253 0.0789487361907959
0 0.5123447179794312 0.5250091552734375 0.005592167377471924 0.009128749370574951
1 0.6552746295928955 0.5304368734359741 0.007236957550048828 0.022697746753692627
0 0.31029176712036133 0.5422792434692383 0.013256043195724487 0.014669477939605713
1 0.8167905807495117 0.5506675243377686 0.015789806842803955 0.05181014537811279
1 0.372374951839447 0.5560952425003052 0.010526508092880249 0.04835611581802368
0 0.28169527649879456 0.5496807098388672 0.034211695194244385 0.02417808771133423
1 0.130594402551651 0.6236951351165771 0.029276832938194275 0.15296322107315063
0 0.04002263396978378 0.5743521451950073 0.029276840388774872 0.028125524520874023
0 0.29395249485969543 0.5416869521141052 0.019166767597198486 0.015888333320617676
0 0.4424419403076172 0.537838339805603 0.014144986867904663 0.017270028591156006
1 0.06381690502166748 0.6587285995483398 0.04572448134422302 0.15296322107315063
1 0.7335654497146606 0.6281359791755676 0.0480271577835083 0.16233837604522705
0 0.5088905096054077 0.5240223407745361 0.007565915584564209 0.008388280868530273
1 0.7845531702041626 0.6439257264137268 0.07269865274429321 0.18355584144592285
0 0.48915329575538635 0.5240223407745361 0.009539663791656494 0.011348903179168701
1 0.326979398727417 0.5832338929176331 0.023026704788208008 0.08437645435333252
1 0.07434340566396713 0.636030912399292 0.05329040810465813 0.15888434648513794
1 0.36053261160850525 0.5630033016204834 0.011842310428619385 0.056744396686553955
0 0.5013245940208435 0.5264894962310791 0.011513382196426392 0.012829184532165527
0 0.11565958708524704 0.565963864326477 0.014671728014945984 0.020724058151245117
0 0.878131628036499 0.8397263288497925 0.24373674392700195 0.32054734230041504
0 0.47517257928848267 0.5353711843490601 0.01233607530593872 0.017270028591156006
1 0.40888872742652893 0.5852075815200806 0.025000452995300293 0.09424501657485962
1 0.7319207191467285 0.5412923693656921 0.008881747722625732 0.04638242721557617
0 0.4595475196838379 0.5279697775840759 0.008552789688110352 0.008388280868530273
