0 0.52303546667099 0.5333974957466125 0.007236957550048828 0.010855436325073242
0 0.5309303998947144 0.5333974957466125 0.003947436809539795 0.006908059120178223
0 0.49836400151252747 0.531423807144165 0.005263268947601318 0.004934251308441162
0 0.17960840463638306 0.5782995820045471 0.12138369679450989 0.1578974723815918
0 0.4996798038482666 0.5807673931121826 0.05065789818763733 0.05575686693191528
0 0.49682915210723877 0.5470492839813232 0.020066171884536743 0.014885008335113525
0 0.47517305612564087 0.5445001125335693 0.01282915472984314 0.014802873134613037
0 0.40658921003341675 0.5501754283905029 0.02039375901222229 0.025659024715423584
0 0.31794989109039307 0.5625084638595581 0.05427059531211853 0.0735136866569519
0 0.5238560438156128 0.531671404838562 0.004605352878570557 0.00592118501663208
0 0.5642009377479553 0.5346669554710388 0.01630556583404541 0.014802932739257812
0 0.5095484256744385 0.5304368734359741 0.0098685622215271 0.006907999515533447
0 0.3773159384727478 0.5600407123565674 0.025986403226852417 0.026150405406951904
0 0.5690889358520508 0.5363580584526062 0.014144957065582275 0.01578974723815918
