0 0.5447463989257812 0.5412923693656921 0.015131890773773193 0.019243717193603516
0 0.5633329153060913 0.5657161474227905 0.013487040996551514 0.03108447790145874
0 0.538825273513794 0.5363580584526062 0.020395100116729736 0.024178028106689453
0 0.10343796759843826 0.6478672027587891 0.1722985953092575 0.14644485712051392
0 0.6207001805305481 0.5950284004211426 0.09919023513793945 0.10635262727737427
0 0.009292925707995892 0.7450788021087646 0.018585851415991783 0.12089031934738159
0 0.5572466850280762 0.5590558648109436 0.02506619691848755 0.030296683311462402
0 0.4368497431278229 0.542772650718689 0.01611870527267456 0.022697806358337402
0 0.5200748443603516 0.536358118057251 0.011184394359588623 0.016776621341705322
1 0.3671116828918457 0.5536280870437622 0.010855436325073242 0.035526931285858154
0 0.5786935091018677 0.5840225219726562 0.02289438247680664 0.03404611349105835
0 0.577559232711792 0.57330322265625 0.035033226013183594 0.038487374782562256
0 0.7723819613456726 0.6740249395370483 0.16052913665771484 0.17812812328338623
1 0.5815891027450562 0.5437595248222351 0.006579101085662842 0.016283154487609863
0 0.5439239740371704 0.556834876537323 0.018859922885894775 0.02689182758331299
0 0.9234448671340942 0.7713863253593445 0.15311020612716675 0.45722734928131104
0 0.2345435917377472 0.5822470188140869 0.12664695084095 0.11447566747665405
0 0.5259960889816284 0.5388252139091492 0.011184394359588623 0.013815999031066895
1 0.3824092149734497 0.5600435137748718 0.008552789688110352 0.02911233901977539
0 0.6594188213348389 0.6164904832839966 0.12368583679199219 0.1220739483833313
0 0.4937586188316345 0.537838339805603 0.017763465642929077 0.012829184532165527
0 0.11315987259149551 0.570898175239563 0.028947874903678894 0.01924377679824829
0 0.5157984495162964 0.5560956597328186 0.024671494960784912 0.029851913452148438
0 0.4213889241218567 0.5590558052062988 0.022039860486984253 0.029112398624420166
0 0.7868558764457703 0.5896484851837158 0.028947830200195312 0.043421804904937744
0 0.4305996298789978 0.5501741170883179 0.01611870527267456 0.022697746753692627
0 0.4552711248397827 0.5590558052062988 0.025329411029815674 0.033059775829315186
0 0.43421944975852966 0.5489414930343628 0.015131831169128418 0.019737541675567627
