1 0.918437123298645 0.5664572715759277 0.013158082962036133 0.05970501899719238
1 0.019079281017184258 0.5565886497497559 0.00855278130620718 0.07253414392471313
1 0.002138195326551795 0.44852757453918457 0.00427639065310359 0.01578974723815918
1 0.7009991407394409 0.5225420594215393 0.007565915584564209 0.046875834465026855
1 0.9391611814498901 0.5837273597717285 0.03125053644180298 0.10115307569503784
1 0.7916267514228821 0.5287072658538818 0.020066142082214355 0.04983639717102051
1 0.060856327414512634 0.508232593536377 0.020066142082214355 0.1268114149570465
0 0.6436547636985779 0.5187563896179199 0.017540335655212402 0.04046228528022766
0 0.9973771572113037 0.6888278722763062 0.0052457451820373535 0.026151716709136963
0 0.9280478954315186 0.5572783350944519 0.07645052671432495 0.06335806846618652
1 0.3618484437465668 0.5037916898727417 0.008552789688110352 0.06118530035018921
1 0.08815944194793701 0.4766530990600586 0.013158120214939117 0.043915241956710815
0 0.5008724331855774 0.5433900356292725 0.28393420577049255 0.47567611932754517
0 0.8489212989807129 0.5616872310638428 0.14649850130081177 0.07571452856063843
1 0.6940910816192627 0.5240223407745361 0.012500226497650146 0.0557575523853302
1 0.2977651357650757 0.5037916898727417 0.020922839641571045 0.07352706789970398
0 0.924775242805481 0.528645396232605 0.08433741331100464 0.03898090124130249
1 0.3542824983596802 0.5037916898727417 0.015131860971450806 0.04983636736869812
1 0.0769750326871872 0.5521478056907654 0.041777048259973526 0.17220696806907654
1 0.2706160545349121 0.5092179775238037 0.016448616981506348 0.07253414392471313
1 0.7085649967193604 0.5250092148780823 0.013158142566680908 0.04983639717102051
