0 0.9673601388931274 0.8868488669395447 0.06527972221374512 0.22630226612091064
0 0.48750853538513184 0.3725394010543823 0.08289620280265808 0.05888262391090393
0 0.3579009771347046 0.46234360337257385 0.03721281886100769 0.04743093252182007
0 0.488495409488678 0.5469667911529541 0.17385175824165344 0.2980315387248993
0 0.8716347813606262 0.7032891511917114 0.25673043727874756 0.2376813292503357
1 0.13487078249454498 0.4653041958808899 0.026645205914974213 0.10658082365989685
0 0.5868523716926575 0.46607959270477295 0.0368427038192749 0.0634409487247467
0 0.3845462203025818 0.46234363317489624 0.027632087469100952 0.04539552330970764
0 0.2991499900817871 0.45247501134872437 0.07368549704551697 0.08536335825920105
0 0.5750100612640381 0.7574145793914795 0.3062553405761719 0.39869117736816406
1 0.7131704092025757 0.4539552927017212 0.026645243167877197 0.09671220183372498
0 0.380927711725235 0.4633304476737976 0.02401357889175415 0.043915241956710815
1 0.8072509765625 0.5452398061752319 0.04638242721557617 0.136680006980896
0 0.9326555728912354 0.5131669044494629 0.13468879461288452 0.08980423212051392
0 0.3421112596988678 0.4648107886314392 0.01578974723815918 0.04539552330970764
0 0.3993490934371948 0.460863322019577 0.01644766330718994 0.04983639717102051
0 0.3993490934371948 0.44704729318618774 0.012829184532165527 0.012335747480392456
