0 0.5496807098388672 0.5245157480239868 0.02401357889175415 0.03602039813995361
0 0.30345937609672546 0.5533813238143921 0.03914541006088257 0.07549470663070679
0 0.5392199754714966 0.5286605954170227 0.0144081711769104 0.02852022647857666
1 0.5458976626396179 0.508232593536377 0.0049343109130859375 0.008881747722625732
0 0.37859219312667847 0.528759241104126 0.029605776071548462 0.04687577486038208
0 0.9740301966667175 0.5713915824890137 0.051645636558532715 0.0789487361907959
1 0.35855889320373535 0.509712815284729 0.003289550542831421 0.003947436809539795
0 0.6023131608963013 0.5422792434692383 0.06283003091812134 0.07450789213180542
0 0.3569141626358032 0.5353711843490601 0.03421112895011902 0.051316678524017334
0 0.39869117736816406 0.5215551853179932 0.027632057666778564 0.037500619888305664
0 0.5506675243377686 0.5299434661865234 0.013815999031066895 0.041448116302490234
0 0.3282952308654785 0.5398120880126953 0.0460534393787384 0.0636523962020874
0 0.2555965781211853 0.5536280870437622 0.08750152587890625 0.0942450761795044
0 0.5738586187362671 0.5499275922775269 0.014802753925323486 0.043668150901794434
1 0.8480411767959595 0.5541215538978577 0.025329411029815674 0.09917938709259033
0 0.6273136138916016 0.5590558052062988 0.07467234134674072 0.08042901754379272
0 0.5690889358520508 0.5299434661865234 0.037829577922821045 0.051316678524017334
1 0.6977095603942871 0.5501741170883179 0.025329411029815674 0.10460710525512695
