0 0.6052737236022949 0.5393186211585999 0.10197550058364868 0.13371941447257996
0 0.37730923295021057 0.5269829034805298 0.03125053644180298 0.0577312707901001
1 0.7977113127708435 0.5338909029960632 0.02368462085723877 0.0809224545955658
0 0.30263686180114746 0.5560952425003052 0.08190932869911194 0.08536332845687866
0 0.5279697179794312 0.5062588453292847 0.011184394359588623 0.015296310186386108
1 0.3151370882987976 0.4998442828655243 0.010526508092880249 0.02417808771133423
0 0.47566622495651245 0.5215551853179932 0.011842310428619385 0.02368462085723877
0 0.3477034568786621 0.5309303402900696 0.06250107288360596 0.07450786232948303
0 0.4618501663208008 0.5131669044494629 0.023026734590530396 0.03700724244117737
1 0.0679352656006813 0.5708990097045898 0.035525593906641006 0.1317436695098877
1 0.36086156964302063 0.4939231276512146 0.004605352878570557 0.004440873861312866
0 0.5621808767318726 0.5077391862869263 0.02927684783935547 0.0690801739692688
1 0.7217231392860413 0.5136603116989136 0.015131831169128418 0.06266558170318604
0 0.4829031825065613 0.500831127166748 0.004605352878570557 0.006908029317855835
0 0.5023114085197449 0.4924428462982178 0.038487523794174194 0.03700724244117737
0 0.5289566516876221 0.5092194080352783 0.005592167377471924 0.008388340473175049
0 0.4766530692577362 0.500831127166748 0.004605352878570557 0.003947466611862183
0 0.5023114085197449 0.5102063417434692 0.038487523794174194 0.04835611581802368
0 0.4812583923339844 0.5047785639762878 0.0019737184047698975 0.005427718162536621
0 0.4398103356361389 0.5185946226119995 0.04144808650016785 0.04835611581802368
0 0.8728683590888977 0.8297343850135803 0.2542632818222046 0.34053122997283936
0 0.5361936092376709 0.5171142816543579 0.025658369064331055 0.027632057666778564
0 0.4746793508529663 0.5102062821388245 0.012829184532165527 0.015296339988708496
1 0.3733617961406708 0.4983639717102051 0.009539663791656494 0.01282915472984314
0 0.4782978296279907 0.503298282623291 0.0036185085773468018 0.003947436809539795
0 0.2980315089225769 0.5077391266822815 0.022039860486984253 0.017763465642929077
1 0.26414936780929565 0.5166208744049072 0.017105549573898315 0.04144808650016785
0 0.6743538975715637 0.5284631848335266 0.04868507385253906 0.08536335825920105
1 0.6496824026107788 0.4840545058250427 0.004605352878570557 0.006908029317855835
0 0.29539990425109863 0.5116865634918213 0.022039860486984253 0.006907999515533447
1 0.7312628030776978 0.5240223407745361 0.021710872650146484 0.06710642576217651
