0 0.5704049468040466 0.5255025625228882 0.013322830200195312 0.019983887672424316
0 0.47369250655174255 0.525502622127533 0.012829184532165527 0.016776561737060547
1 0.2477017045021057 0.5595492720603943 0.03157949447631836 0.12385085225105286
1 0.7319207191467285 0.5491872429847717 0.00822383165359497 0.03256630897521973
1 0.2822417616844177 0.5358645915985107 0.022368818521499634 0.05625098943710327
0 0.6338926553726196 0.5516543388366699 0.03947436809539795 0.04835611581802368
0 0.803961455821991 0.5847141742706299 0.1555948257446289 0.1504960060119629
1 0.11480464041233063 0.5649769902229309 0.03157949447631836 0.10263335704803467
1 0.21085882186889648 0.563003420829773 0.02483612298965454 0.09671223163604736
0 0.5509964823722839 0.537838339805603 0.023026704788208008 0.02911233901977539
0 0.9815874099731445 0.6360308527946472 0.03682523965835571 0.09375166893005371
1 0.6921173334121704 0.5482003688812256 0.007565915584564209 0.0325663685798645
1 0.9343361258506775 0.5807667374610901 0.015351176261901855 0.06759989261627197
1 0.9842277765274048 0.5674441456794739 0.006907999515533447 0.049342989921569824
1 0.5154697895050049 0.5329040288925171 0.010855495929718018 0.04736924171447754
1 0.9608720541000366 0.5763258934020996 0.02171093225479126 0.09128451347351074
1 0.9985284805297852 0.5595492720603943 0.002943098545074463 0.01578974723815918
1 0.5213909149169922 0.530190110206604 0.01019752025604248 0.04169487953186035
0 0.46448183059692383 0.5284632444381714 0.01940825581550598 0.016776621341705322
0 0.3460586965084076 0.5822470188140869 0.16020017862319946 0.1944112777709961
0 0.49310076236724854 0.5185946226119995 0.01940825581550598 0.04144805669784546
0 0.48586374521255493 0.5363580584526062 0.02861890196800232 0.03157949447631836
0 0.5381671190261841 0.5264894962310791 0.009210646152496338 0.008388340473175049
0 0.5898129940032959 0.5491872429847717 0.0578957200050354 0.06759989261627197
0 0.4628370404243469 0.5393186807632446 0.021053016185760498 0.01776343584060669
1 0.2212439924478531 0.5571531057357788 0.02227485179901123 0.09579604864120483
0 0.4738571047782898 0.5277230143547058 0.005098819732666016 0.014556288719177246
1 0.26261425018310547 0.5611940026283264 0.01359674334526062 0.0930936336517334
1 0.8427560925483704 0.5475661754608154 0.014802932739257812 0.030028879642486572
1 0.26414936780929565 0.5437594652175903 0.01578974723815918 0.08536332845687866
0 0.6697485446929932 0.5546149611473083 0.03848749399185181 0.041448116302490234
1 0.5322461128234863 0.5279697775840759 0.0098685622215271 0.03157949447631836
1 0.01751675456762314 0.6463928818702698 0.03503350913524628 0.2442476749420166
