0 0.4148098826408386 0.5102062821388245 0.01644766330718994 0.017763495445251465
0 0.526324987411499 0.48701512813568115 0.012829184532165527 0.012335747480392456
0 0.500500500202179 0.4640710651874542 0.006907820701599121 0.007647693157196045
0 0.5509964823722839 0.5240223407745361 0.04506659507751465 0.05082324147224426
1 0.6286294460296631 0.4954034090042114 0.010526478290557861 0.018750309944152832
1 0.6714959144592285 0.515302836894989 0.019953489303588867 0.0692424476146698
0 0.503298282623291 0.46234363317489624 0.005592226982116699 0.008388310670852661
0 0.5069167613983154 0.4554356038570404 0.004605293273925781 0.005427718162536621
0 0.38355934619903564 0.5185946226119995 0.010197550058364868 0.033059775829315186
1 0.577312707901001 0.4998442828655243 0.005592167377471924 0.008388340473175049
1 0.7240258455276489 0.5077391266822815 0.01644766330718994 0.038487523794174194
0 0.5868523716926575 0.5171142816543579 0.028618931770324707 0.03602033853530884
0 0.36612483859062195 0.525502622127533 0.035855889320373535 0.042928338050842285
0 0.9595475196838379 0.4884953796863556 0.08090496063232422 0.16431206464767456
2 0.415138840675354 0.5102062821388245 0.00822383165359497 0.02368462085723877
0 0.526324987411499 0.5146471261978149 0.02401357889175415 0.033059775829315186
1 0.4402201771736145 0.4847942590713501 0.0027139782905578613 0.012829184532165527
0 0.5161274671554565 0.47171878814697266 0.009210705757141113 0.01085546612739563
1 0.30970829725265503 0.5240225791931152 0.009868592023849487 0.03848749399185181
0 0.4935922920703888 0.4628373384475708 0.007236957550048828 0.008388310670852661
0 0.6154713034629822 0.5477069616317749 0.0845409631729126 0.09227132797241211
0 0.5713915824890137 0.5047785639762878 0.00822383165359497 0.008388280868530273
0 0.44902101159095764 0.48158735036849976 0.009210705757141113 0.012335747480392456
1 0.6829066872596741 0.5146471261978149 0.015131831169128418 0.05970495939254761
0 0.5355356931686401 0.4924428462982178 0.01019752025604248 0.005427747964859009
0 0.4858637750148773 0.5393186807632446 0.059869468212127686 0.07993561029434204
1 0.23026719689369202 0.5304368734359741 0.015131846070289612 0.047862708568573
1 0.7128413915634155 0.5126734375953674 0.012500226497650146 0.04983639717102051
0 0.5003377199172974 0.4539552927017212 0.005592226982116699 0.008388310670852661
1 0.876331090927124 0.48553478717803955 0.02171093225479126 0.04687580466270447
0 0.6016552448272705 0.49639028310775757 0.005592167377471924 0.01085546612739563
0 0.42402058839797974 0.49639028310775757 0.01644766330718994 0.024671465158462524
0 0.5233644247055054 0.48158735036849976 0.01019752025604248 0.013816028833389282
1 0.7444208860397339 0.4998442530632019 0.011842310428619385 0.017763465642929077
0 0.5243512392044067 0.5102062821388245 0.02565830945968628 0.03454005718231201
0 0.49310073256492615 0.45099472999572754 0.005592226982116699 0.009868592023849487
0 0.4746793508529663 0.4786267876625061 0.00822383165359497 0.009868592023849487
0 0.5253381729125977 0.48158738017082214 0.010197579860687256 0.006907999515533447
0 0.818764328956604 0.6454060077667236 0.30099213123321533 0.2926037907600403
0 0.46448183059692383 0.49096256494522095 0.01282915472984314 0.017763465642929077
0 0.5740232467651367 0.5116865634918213 0.00822383165359497 0.01776343584060669
1 0.4843806028366089 0.4803542494773865 0.005755573511123657 0.01578974723815918
0 0.47747498750686646 0.4620976448059082 0.006579071283340454 0.006907999515533447
0 0.5371804237365723 0.49639028310775757 0.0072370171546936035 0.006908029317855835
0 0.5592203140258789 0.49096256494522095 0.011842310428619385 0.012335747480392456
1 0.43684977293014526 0.4825742244720459 0.0055921971797943115 0.017270058393478394
0 0.46185019612312317 0.4786267876625061 0.00822383165359497 0.012335747480392456
0 0.488495409488678 0.4993508458137512 0.03223744034767151 0.022204309701919556
1 0.5654704570770264 0.49639028310775757 0.005263268947601318 0.007894903421401978
1 0.24868854880332947 0.5324106216430664 0.012500211596488953 0.046875834465026855
