0 0.48586374521255493 0.49639028310775757 0.006579071283340454 0.015296339988708496
0 0.4904690980911255 0.4731990694999695 0.004605323076248169 0.008388280868530273
1 0.9234654307365417 0.5521478056907654 0.01879739761352539 0.08606827259063721
1 0.015131843276321888 0.5097128748893738 0.029276827350258827 0.06365242600440979
1 0.761197566986084 0.5062589645385742 0.016776621341705322 0.07204076647758484
1 0.21381953358650208 0.5274763107299805 0.010526508092880249 0.08338961005210876
1 0.44342881441116333 0.4924428462982178 0.005263268947601318 0.020724058151245117
1 0.22736094892024994 0.5140308737754822 0.03119593858718872 0.11022010445594788
0 0.5898129940032959 0.4978705644607544 0.02081376314163208 0.04781785607337952
1 0.7070304751396179 0.5028048753738403 0.022368788719177246 0.06480351090431213
1 0.18520060181617737 0.46579763293266296 0.015131846070289612 0.0365138053894043
0 0.2904430031776428 0.6050808429718018 0.15636605024337769 0.15628117322921753
0 0.49310073256492615 0.5599826574325562 0.10840779542922974 0.05741119384765625
1 0.027963709086179733 0.48498648405075073 0.022588441148400307 0.07582271099090576
1 0.9000157713890076 0.5491872429847717 0.015131831169128418 0.08832395076751709
0 0.4838900566101074 0.4786267876625061 0.014802902936935425 0.03305980563163757
0 0.8463963866233826 0.5338909029960632 0.10592293739318848 0.07056042551994324
0 0.511522114276886 0.4760558605194092 0.007236957550048828 0.009868592023849487
1 0.5671151876449585 0.4944165349006653 0.008552789688110352 0.02072402834892273
0 0.6881699562072754 0.6069185137748718 0.14539724588394165 0.1460552215576172
1 0.9490297436714172 0.5590558052062988 0.02434253692626953 0.09819251298904419
0 0.6204054355621338 0.5023114085197449 0.038487255573272705 0.048759907484054565
0 0.261188805103302 0.5116865634918213 0.11414673924446106 0.06365245580673218
0 0.46204763650894165 0.4835609197616577 0.03684273362159729 0.063849538564682
0 0.8878445029258728 0.8159183263778687 0.22368812561035156 0.3681632876396179
1 0.8870769143104553 0.540305495262146 0.02434253692626953 0.07713949680328369
0 0.4977060556411743 0.488495409488678 0.01282915472984314 0.017763465642929077
1 0.20709221065044403 0.5281670093536377 0.03588882088661194 0.10495230555534363
1 0.7868558764457703 0.5333974957466125 0.022368788719177246 0.06858670711517334
1 0.2171090543270111 0.5570821166038513 0.010526493191719055 0.022697806358337402
1 0.19305169582366943 0.4865873456001282 0.012982383370399475 0.021776586771011353
1 0.19737187027931213 0.500831127166748 0.013816028833389282 0.028618931770324707
1 0.18125316500663757 0.5087260007858276 0.019079282879829407 0.0636523962020874
0 0.49310073256492615 0.537838339805603 0.0828961730003357 0.03996783494949341
0 0.511522114276886 0.5023114085197449 0.056250959634780884 0.04983639717102051
1 0.9116606712341309 0.5590558052062988 0.0305597186088562 0.10312682390213013
1 0.1516473889350891 0.48750853538513184 0.022368818521499634 0.030592650175094604
0 0.4521462321281433 0.7213940620422363 0.2639848291873932 0.3579830527305603
1 0.2342146337032318 0.5028048753738403 0.010526493191719055 0.05970495939254761
0 0.6094236373901367 0.4963902533054352 0.03818386793136597 0.0537838339805603
0 0.5539570450782776 0.4924428462982178 0.02203965187072754 0.028372079133987427
1 0.28717607259750366 0.5028048753738403 0.023181647062301636 0.0537838339805603
1 0.2792811989784241 0.48750853538513184 0.005921155214309692 0.014802873134613037
0 0.8315935134887695 0.5876747369766235 0.1305943727493286 0.11052829027175903
1 0.8261531591415405 0.514419436454773 0.02214103937149048 0.04391521215438843
1 0.6983674764633179 0.500831127166748 0.009868621826171875 0.046875834465026855
0 0.5325751304626465 0.48158735036849976 0.009210646152496338 0.009868592023849487
1 0.4230337142944336 0.48750853538513184 0.007236957550048828 0.022697746753692627
1 0.20789837837219238 0.48750853538513184 0.009868592023849487 0.022478461265563965
1 0.9707406759262085 0.4944165349006653 0.015131831169128418 0.02072402834892273
0 0.5437595248222351 0.488495409488678 0.005592226982116699 0.012335747480392456
0 0.5161274671554565 0.47171878814697266 0.05526414513587952 0.022204339504241943
0 0.6036289930343628 0.570898175239563 0.07993561029434204 0.10213994979858398
1 0.7756714820861816 0.5037916898727417 0.020395100116729736 0.07056042551994324
1 0.7227098941802979 0.500831127166748 0.013158142566680908 0.04786264896392822
0 0.49112701416015625 0.4755764901638031 0.004605352878570557 0.009868621826171875
0 0.12738709151744843 0.6898146867752075 0.25477418303489685 0.3725394010543823
1 0.24474112689495087 0.5047785639762878 0.015131860971450806 0.06167873740196228
0 0.37415531277656555 0.5040735006332397 0.12434542179107666 0.070208340883255
1 0.9039630889892578 0.5486937761306763 0.020395100116729736 0.08931076526641846
0 0.5289566516876221 0.4786267876625061 0.00822383165359497 0.008388310670852661
0 0.5381673574447632 0.4978705644607544 0.014802873134613037 0.02615177631378174
0 0.5003377199172974 0.4786267876625061 0.009210705757141113 0.009868592023849487
1 0.5526412725448608 0.5353711843490601 0.03125053644180298 0.08733707666397095
