0 0.5059298872947693 0.49639028310775757 0.015789717435836792 0.01887369155883789
1 0.56843101978302 0.4924428462982178 0.005263268947601318 0.015789777040481567
0 0.48989337682724 0.4963902533054352 0.014802873134613037 0.01776343584060669
1 0.9690961837768555 0.556093692779541 0.02171105146408081 0.08190679550170898
1 0.08925557881593704 0.5047793984413147 0.022368818521499634 0.0557575523853302
1 0.7620747089385986 0.5067523121833801 0.016666948795318604 0.07154726982116699
1 0.2233593910932541 0.5264896750450134 0.020723968744277954 0.08585640788078308
1 0.4388234615325928 0.4865216612815857 0.008552789688110352 0.014309346675872803
1 0.020641809329390526 0.5087260007858276 0.04128361865878105 0.06167873740196228
0 0.5898129940032959 0.4984627068042755 0.020789802074432373 0.04450744390487671
1 0.28717607259750366 0.4924428164958954 0.010526508092880249 0.06167870759963989
1 0.5500096082687378 0.4998442530632019 0.020395100116729736 0.06069183349609375
0 0.2913893759250641 0.6045460104942322 0.15084536373615265 0.1527402400970459
1 0.34671658277511597 0.500831127166748 0.015131860971450806 0.05378386378288269
0 0.49310073256492615 0.558882474899292 0.10571843385696411 0.05154341459274292
1 0.3388168215751648 0.525853157043457 0.021663755178451538 0.07676047086715698
1 0.9378453493118286 0.5590558052062988 0.013815999031066895 0.10115307569503784
0 0.48347461223602295 0.4780036211013794 0.013244599103927612 0.031164050102233887
1 0.3281111419200897 0.5236161947250366 0.03035271167755127 0.06633991003036499
0 0.511522114276886 0.4760366678237915 0.007236957550048828 0.009868592023849487
1 0.18783223628997803 0.5097128748893738 0.02434253692626953 0.07549476623535156
0 0.5207327604293823 0.47023850679397583 0.023026764392852783 0.017763465642929077
0 0.621502161026001 0.5023114085197449 0.0452994704246521 0.04755425453186035
0 0.4631662964820862 0.4862751364707947 0.03963923454284668 0.06414631009101868
1 0.9250161051750183 0.5595491528511047 0.021381735801696777 0.10115313529968262
0 0.153621107339859 0.48701512813568115 0.04868505895137787 0.03157952427864075
1 0.4838900566101074 0.48750853538513184 0.005263239145278931 0.013816028833389282
1 0.2039509415626526 0.525502622127533 0.01578974723815918 0.08437648415565491
1 0.19737187027931213 0.48158738017082214 0.009868592023849487 0.01578974723815918
1 0.20469966530799866 0.5245157480239868 0.020848646759986877 0.08406993746757507
1 0.29309725761413574 0.5087260007858276 0.02631625533103943 0.046875834465026855
1 0.19079437851905823 0.5245157480239868 0.020526811480522156 0.09227132797241211
1 0.5421873331069946 0.5320206880569458 0.019869506359100342 0.08862942457199097
0 0.49310070276260376 0.5351101160049438 0.07981953024864197 0.03602033853530884
1 0.9006739854812622 0.5615233182907104 0.02236884832382202 0.10312676429748535
0 0.4510539770126343 0.7215638756752014 0.2604498565196991 0.3557220697402954
1 0.22960928082466125 0.518654465675354 0.015131831169128418 0.08461594581604004
1 0.44145509600639343 0.48750853538513184 0.0055921077728271484 0.014309346675872803
0 0.6082342863082886 0.4939231276512146 0.037829577922821045 0.04983639717102051
1 0.3440849781036377 0.48948225378990173 0.009210675954818726 0.06365245580673218
0 0.5079035758972168 0.4954034090042114 0.00822383165359497 0.017763495445251465
0 0.5539570450782776 0.49312812089920044 0.02115654945373535 0.026042073965072632
1 0.3615194857120514 0.5333974957466125 0.02927684783935547 0.09325823187828064
1 0.2648072838783264 0.4944165349006653 0.009868592023849487 0.043915241956710815
0 0.9513236880302429 0.6922818422317505 0.09735262393951416 0.21661561727523804
1 0.1381603181362152 0.48750853538513184 0.013816028833389282 0.020724058151245117
1 0.8279750347137451 0.5353711843490601 0.02236884832382202 0.08966979384422302
0 0.5335619449615479 0.488495409488678 0.011842310428619385 0.012335747480392456
1 0.4440867304801941 0.48948225378990173 0.005263239145278931 0.014802873134613037
1 0.872383713722229 0.5097128748893738 0.019079267978668213 0.053783804178237915
1 0.5322461128234863 0.4944165349006653 0.005263268947601318 0.019737213850021362
0 0.5309303402900696 0.48701512813568115 0.011835098266601562 0.017763465642929077
1 0.5380022525787354 0.5366866588592529 0.01951777935028076 0.08338868618011475
1 0.43158650398254395 0.4830673336982727 0.005263268947601318 0.009868383407592773
1 0.21250373125076294 0.520568311214447 0.013158127665519714 0.09325823187828064
1 0.696526288986206 0.500831127166748 0.016974329948425293 0.05279695987701416
0 0.5437594652175903 0.488495409488678 0.00822383165359497 0.009868592023849487
0 0.5289566516876221 0.47023850679397583 0.02861887216567993 0.017763465642929077
0 0.6088922023773193 0.5699112415313721 0.09169143438339233 0.10439938306808472
1 0.7829084396362305 0.5047785639762878 0.022368788719177246 0.07154726982116699
0 0.5013245344161987 0.4648107886314392 0.02861890196800232 0.017763465642929077
1 0.9796223640441895 0.500831127166748 0.00592118501663208 0.012829184532165527
0 0.4911668300628662 0.4752475619316101 0.004605323076248169 0.009868592023849487
0 0.13040363788604736 0.6937621831893921 0.2608072757720947 0.37897366285324097
1 0.23881997168064117 0.5185946226119995 0.022368818521499634 0.08733704686164856
1 0.9444243907928467 0.5590558052062988 0.015789806842803955 0.10115307569503784
0 0.5279697775840759 0.48010706901550293 0.009210705757141113 0.012335747480392456
0 0.4148098826408386 0.5077391266822815 0.1269758939743042 0.05773124098777771
0 0.5003377199172974 0.4786267876625061 0.00822383165359497 0.01085546612739563
