1 0.6779724359512329 0.49293625354766846 0.011842310428619385 0.03552696108818054
1 0.0960543155670166 0.5072457194328308 0.008552782237529755 0.04342183470726013
0 0.02557610534131527 0.6039579510688782 0.05115221068263054 0.13125228881835938
1 0.20888522267341614 0.48158735036849976 0.006908014416694641 0.013816028833389282
0 0.4921138882637024 0.4440867304801941 0.01644766330718994 0.017763465642929077
0 0.21612221002578735 0.4924428462982178 0.013816043734550476 0.016776591539382935
0 0.23191195726394653 0.4840545058250427 0.027632057666778564 0.005427747964859009
0 0.299012154340744 0.5136606693267822 0.0469319224357605 0.05181080102920532
1 0.6177739500999451 0.47245949506759644 0.012829184532165527 0.03256544470787048
0 0.3532956838607788 0.4939231276512146 0.010197550058364868 0.020724058151245117
0 0.23601067066192627 0.5118128061294556 0.05222630500793457 0.054650694131851196
0 0.7901453971862793 0.4593830406665802 0.04704028367996216 0.020724058151245117
1 0.2039509415626526 0.4791202247142792 0.007565915584564209 0.010362029075622559
1 0.08750153332948685 0.5018180012702942 0.015131846070289612 0.057237863540649414
0 0.5141537189483643 0.45099472999572754 0.017434537410736084 0.020724058151245117
0 0.20427989959716797 0.49639028310775757 0.019408240914344788 0.03157952427864075
0 0.548957109451294 0.43717870116233826 0.01644766330718994 0.0378955602645874
0 0.5511069297790527 0.4998452067375183 0.03037416934967041 0.03503444790840149
0 0.7625133395195007 0.4347115457057953 0.09473848342895508 0.0577312707901001
0 0.8217374086380005 0.5435988903045654 0.09847265481948853 0.07812947034835815
1 0.6369199752807617 0.4672785997390747 0.010724186897277832 0.030592650175094604
1 0.2921103835105896 0.468758225440979 0.007565915584564209 0.015296310186386108
0 0.5667862296104431 0.4426064193248749 0.026645183563232422 0.03157949447631836
1 0.6285475492477417 0.4675254821777344 0.007812798023223877 0.02664521336555481
0 0.5852075815200806 0.5131669044494629 0.05625098943710327 0.07154732942581177
0 0.5128369331359863 0.5277236104011536 0.06118631362915039 0.06611955165863037
0 0.48125842213630676 0.44704729318618774 0.014802873134613037 0.017763465642929077
0 0.1996745467185974 0.4771465063095093 0.00822383165359497 0.006907999515533447
0 0.6761652231216431 0.4759120047092438 0.020232021808624268 0.02689361572265625
0 0.5127285718917847 0.431257426738739 0.01809239387512207 0.03207305073738098
1 0.6618536710739136 0.4904690980911255 0.008552789688110352 0.03454005718231201
2 0.6365243196487427 0.503298282623291 0.012829184532165527 0.05082324147224426
