1 0.24243846535682678 0.47171878814697266 0.015131846070289612 0.04835611581802368
0 0.09959056228399277 0.6069185137748718 0.19918112456798553 0.2151353359222412
0 0.3118475675582886 0.4401392936706543 0.03684276342391968 0.024671465158462524
0 0.34145334362983704 0.48010706901550293 0.03782963752746582 0.05773124098777771
0 0.349677175283432 0.45099472999572754 0.03947436809539795 0.027632057666778564
0 0.2888208329677582 0.4993508458137512 0.09210686385631561 0.11052823066711426
0 0.25658345222473145 0.5393186211585999 0.08750154078006744 0.09917935729026794
1 0.25460970401763916 0.4692516326904297 0.012171253561973572 0.0325663685798645
0 0.33947962522506714 0.49096256494522095 0.030263662338256836 0.057731300592422485
0 0.21447744965553284 0.5768193006515503 0.0690801590681076 0.1213836669921875
