0 0.7546184659004211 0.685373842716217 0.18355584144592285 0.1805952787399292
0 0.5700757503509521 0.5319172143936157 0.01611870527267456 0.008881747722625732
0 0.6838935613632202 0.5225419998168945 0.009868621826171875 0.014802873134613037
0 0.7605396509170532 0.5250092148780823 0.013158142566680908 0.01578974723815918
0 0.7717239856719971 0.5215551853179932 0.013158142566680908 0.020724058151245117
0 0.6056027412414551 0.5289566516876221 0.005263268947601318 0.00789487361907959
0 0.7184336185455322 0.5225419998168945 0.013815999031066895 0.02171093225479126
0 0.6141554713249207 0.5319172143936157 0.009868621826171875 0.009868621826171875
0 0.672051191329956 0.5240223407745361 0.013158142566680908 0.020724058151245117
0 0.9934384822845459 0.5358646512031555 0.012500226497650146 0.009868621826171875
0 0.7470525503158569 0.5240223407745361 0.008552789688110352 0.014802873134613037
0 0.7312628030776978 0.5225420594215393 0.010526537895202637 0.020724058151245117
0 0.5815891027450562 0.5289566516876221 0.00789487361907959 0.00592118501663208
0 0.7158019542694092 0.5215551853179932 0.010526478290557861 0.020724058151245117
