0 0.7865269184112549 0.6384980082511902 0.22237229347229004 0.21414852142333984
0 0.5824155807495117 0.5188371539115906 0.03223741054534912 0.02368462085723877
0 0.906257152557373 0.5639901161193848 0.18748575448989868 0.11003482341766357
0 0.5626202821731567 0.5213901996612549 0.003180265426635742 0.005757272243499756
0 0.30680209398269653 0.5240223407745361 0.0135975182056427 0.013980984687805176
0 0.5292855501174927 0.52303546667099 0.01776343584060669 0.02368462085723877
0 0.5410188436508179 0.5217194557189941 0.010855495929718018 0.012335717678070068
0 0.5521501898765564 0.5368508100509644 0.027797222137451172 0.033059775829315186
0 0.6164581775665283 0.5259960293769836 0.03355318307876587 0.026645183563232422
0 0.7116962671279907 0.5348784327507019 0.10740643739700317 0.06193089485168457
0 0.6389933824539185 0.5304368734359741 0.05082416534423828 0.029359400272369385
