1 0.05888260900974274 0.5802732706069946 0.04901401698589325 0.1460551619529724
0 0.4954034090042114 0.4781337082386017 0.010197430849075317 0.013075828552246094
0 0.42994171380996704 0.48553481698036194 0.006579071283340454 0.010855436325073242
1 0.05493517220020294 0.5738587379455566 0.040461231023073196 0.15296319127082825
0 0.023026717826724052 0.6380046010017395 0.046053435653448105 0.1578974723815918
1 0.5088905096054077 0.4845479726791382 0.00592118501663208 0.017763465642929077
0 0.4713897109031677 0.4773935079574585 0.009210675954818726 0.01085546612739563
0 0.23421461880207062 0.5269829034805298 0.1134888231754303 0.0636523962020874
0 0.2980315089225769 0.5077391862869263 0.033224254846572876 0.03750067949295044
0 0.37730923295021057 0.5200749039649963 0.10789662599563599 0.065132737159729
0 0.4243495464324951 0.4840545058250427 0.011842340230941772 0.015296310186386108
0 0.1134888306260109 0.5329040288925171 0.12072579562664032 0.06513267755508423
0 0.5208972692489624 0.4775906205177307 0.014802873134613037 0.02072402834892273
0 0.5322461724281311 0.49688369035720825 0.012829184532165527 0.016776591539382935
1 0.3309268355369568 0.488495409488678 0.008552789688110352 0.017763465642929077
0 0.5516543984413147 0.5116865634918213 0.028618931770324707 0.030592650175094604
0 0.4473762512207031 0.48158735036849976 0.013816028833389282 0.017763465642929077
0 0.4954034090042114 0.5383317470550537 0.15493690967559814 0.0690801739692688
0 0.3496771454811096 0.488495409488678 0.01842138171195984 0.012335747480392456
0 0.40855979919433594 0.488495409488678 0.01118442416191101 0.015296310186386108
1 0.3819144368171692 0.5595494508743286 0.05098831653594971 0.13322561979293823
0 0.4806005358695984 0.4771465063095093 0.01282915472984314 0.017763495445251465
0 0.3919147253036499 0.4913572072982788 0.01881617307662964 0.019539862871170044
1 0.0940805971622467 0.4973771274089813 0.007236965000629425 0.01381605863571167
0 0.7776451706886292 0.625175416469574 0.12631797790527344 0.1426011323928833
0 0.2878339886665344 0.5190880298614502 0.01842138171195984 0.02368462085723877
1 0.3407954275608063 0.4904690980911255 0.00789487361907959 0.01578974723815918
0 0.3174397647380829 0.5037916898727417 0.012829184532165527 0.02615174651145935
