0 0.445009708404541 0.5151564478874207 0.007491618394851685 0.012224316596984863
1 0.5069167613983154 0.5975433588027954 0.01644766330718994 0.05230355262756348
1 0.5917866826057434 0.5926090478897095 0.0424349308013916 0.07845532894134521
1 0.184542715549469 0.5852075815200806 0.013158127665519714 0.047369301319122314
0 0.16776609420776367 0.5447463989257812 0.14243671298027039 0.07105392217636108
0 0.9427796602249146 0.5028048753738403 0.07598817348480225 0.06069186329841614
0 0.6975995302200317 0.5083969235420227 0.012500226497650146 0.009868621826171875
1 0.17039772868156433 0.5546149611473083 0.021053001284599304 0.057237863540649414
1 0.983569860458374 0.5309303402900696 0.011842310428619385 0.05230355262756348
0 0.6801102161407471 0.5050247311592102 0.10090583562850952 0.038240671157836914
0 0.7822498083114624 0.5229119062423706 0.04555988311767578 0.030099213123321533
0 0.7404735088348389 0.5126734375953674 0.04243499040603638 0.01578974723815918
0 0.45296844840049744 0.5195814371109009 0.016776621341705322 0.018750369548797607
1 0.17582735419273376 0.5881674885749817 0.02508246898651123 0.08215582370758057
1 0.40086257457733154 0.5690227746963501 0.02703973650932312 0.09611958265304565
0 0.3778916001319885 0.5354090929031372 0.025683611631393433 0.03226280212402344
0 0.8289618492126465 0.5037916898727417 0.05592203140258789 0.04588896036148071
1 0.9684380292892456 0.5437595248222351 0.010197579860687256 0.04490208625793457
0 0.9888330698013306 0.48010706901550293 0.006579101085662842 0.013816028833389282
0 0.33125579357147217 0.5299434661865234 0.033224284648895264 0.025164902210235596
0 0.6496820449829102 0.520074725151062 0.03684288263320923 0.03059244155883789
1 0.5227065086364746 0.5871813297271729 0.02993476390838623 0.07352101802825928
0 0.3514866232872009 0.5440057516098022 0.03963860869407654 0.04465508460998535
0 0.4013228118419647 0.525009036064148 0.025329411029815674 0.030647456645965576
0 0.5381673574447632 0.5146471261978149 0.00592118501663208 0.01381605863571167
0 0.2676493525505066 0.5646176338195801 0.06791350245475769 0.07482153177261353
0 0.7117225527763367 0.5142523050308228 0.023355841636657715 0.018947720527648926
1 0.1309233456850052 0.5950762033462524 0.023355670273303986 0.08289623260498047
0 0.8756731748580933 0.5126734375953674 0.041119158267974854 0.03799411654472351
0 0.9687669277191162 0.5126734375953674 0.041119158267974854 0.06661304831504822
0 0.2780070900917053 0.5356178283691406 0.07648150622844696 0.04181784391403198
0 0.6943372488021851 0.5309299826622009 0.029112279415130615 0.03774726390838623
0 0.5296145677566528 0.5126734375953674 0.010526478290557861 0.012829184532165527
0 0.007977113127708435 0.6646497845649719 0.01595422625541687 0.12089025974273682
0 0.34145334362983704 0.5176076889038086 0.041119158267974854 0.011842310428619385
1 0.5052720308303833 0.5778061747550964 0.028289973735809326 0.09671223163604736
1 0.9056070446968079 0.5157749652862549 0.0037126541137695312 0.029323577880859375
0 0.06069185212254524 0.5689244270324707 0.12138370424509048 0.06266558170318604
0 0.36546701192855835 0.5156331062316895 0.016776591539382935 0.0064147114753723145
0 0.4651397168636322 0.5215551853179932 0.008552789688110352 0.010855436325073242
