0 0.3390424847602844 0.4977060556411743 0.01315811276435852 0.007730364799499512
0 0.5309303998947144 0.4939231276512146 0.003947436809539795 0.00789487361907959
0 0.5348777770996094 0.49199432134628296 0.005263209342956543 0.005158603191375732
0 0.4993512034416199 0.5289562940597534 0.04079008102416992 0.046382248401641846
0 0.4062987267971039 0.4987340569496155 0.012006759643554688 0.010855436325073242
0 0.41184931993484497 0.48898881673812866 0.009210675954818726 0.006907999515533447
0 0.24895775318145752 0.5020151734352112 0.013553246855735779 0.01026296615600586
0 0.24065425992012024 0.5012696981430054 0.012280449271202087 0.007456362247467041
0 0.4664558172225952 0.49491000175476074 0.008552759885787964 0.009868592023849487
0 0.3733214735984802 0.49725377559661865 0.015337318181991577 0.006537914276123047
0 0.5381673574447632 0.49688369035720825 0.011842310428619385 0.014802902936935425
0 0.029934734106063843 0.5309303402900696 0.059869468212127686 0.05970501899719238
0 0.19177967309951782 0.5067523121833801 0.02927681803703308 0.027138620615005493
0 0.5513260364532471 0.4949096441268921 0.01578986644744873 0.012335926294326782
0 0.34737449884414673 0.4939231276512146 0.011842310428619385 0.006908029317855835
0 0.25115564465522766 0.5385786294937134 0.1004951000213623 0.09547916054725647
0 0.29671573638916016 0.49096253514289856 0.02861890196800232 0.02713865041732788
0 0.41184931993484497 0.486028254032135 0.009210675954818726 0.014802902936935425
0 0.4985833764076233 0.4935940206050873 0.029057711362838745 0.03799408674240112
0 0.5495820045471191 0.5072948932647705 0.028618931770324707 0.031086057424545288
0 0.45494216680526733 0.4978705644607544 0.011184394359588623 0.011842280626296997
0 0.52303546667099 0.49293625354766846 0.016776561737060547 0.02615177631378174
0 0.29737362265586853 0.49885740876197815 0.015460789203643799 0.003947436809539795
0 0.12459099292755127 0.7041241526603699 0.24918198585510254 0.22549736499786377
0 0.31612396240234375 0.4939231276512146 0.011842310428619385 0.005921155214309692
0 0.4230337142944336 0.48504137992858887 0.009210705757141113 0.013816028833389282
