0 0.5838918089866638 0.5259960889816284 0.026645183563232422 0.03750067949295044
0 0.6401427984237671 0.5743521451950073 0.1365155577659607 0.18010184168815613
0 0.4187573194503784 0.5299434661865234 0.03684273362159729 0.06069183349609375
0 0.43158650398254395 0.52303546667099 0.03125053644180298 0.05131670832633972
0 0.315466046333313 0.6227083206176758 0.1154625415802002 0.12434428930282593
0 0.3460586667060852 0.5921156406402588 0.08223828673362732 0.09967279434204102
0 0.4417840242385864 0.5023114085197449 0.006579071283340454 0.012335747480392456
0 0.5710626244544983 0.5161274671554565 0.02763211727142334 0.03602039813995361
0 0.3865199089050293 0.5630033016204834 0.059869468212127686 0.0843765139579773
0 0.12220608443021774 0.668103814125061 0.24441216886043549 0.266945481300354
0 0.546062171459198 0.500831127166748 0.035855889320373535 0.04440867900848389
0 0.44836312532424927 0.5161274671554565 0.006579071283340454 0.017763495445251465
0 0.41415196657180786 0.5383318066596985 0.04243496060371399 0.065132737159729
