0 0.4177704453468323 0.5546149611473083 0.022039860486984253 0.030592679977416992
0 0.28882086277008057 0.56843101978302 0.05361935496330261 0.046875834465026855
0 0.5904708504676819 0.579779863357544 0.04967188835144043 0.05279695987701416
0 0.4079018831253052 0.5590558052062988 0.022039860486984253 0.030592620372772217
0 0.6825777292251587 0.5590558052062988 0.05526411533355713 0.03996783494949341
0 0.6200766563415527 0.5521478056907654 0.0424349308013916 0.02911233901977539
0 0.49902188777923584 0.5452398061752319 0.01842138171195984 0.010855436325073242
0 0.5536280870437622 0.5590558052062988 0.03223741054534912 0.03750067949295044
0 0.25658345222473145 0.5782995820045471 0.05888262391090393 0.03454005718231201
0 0.5266539454460144 0.5560952425003052 0.003618478775024414 0.003947436809539795
0 0.30822908878326416 0.5630033016204834 0.03421112895011902 0.027632057666778564
0 0.5960630178451538 0.5437595248222351 0.03421109914779663 0.020724058151245117
0 0.16052912175655365 0.5921156406402588 0.142107754945755 0.12730485200881958
0 0.537838339805603 0.5467201471328735 0.021381914615631104 0.024671494960784912
0 0.6062606573104858 0.5353711843490601 0.011842310428619385 0.010855495929718018
0 0.3266504406929016 0.5560952425003052 0.00822383165359497 0.01924377679824829
0 0.4898111820220947 0.5950762033462524 0.08289620280265808 0.0942450761795044
0 0.3634932041168213 0.5605361461639404 0.0828961730003357 0.10510051250457764
0 0.6503403186798096 0.5521478056907654 0.05888259410858154 0.04440867900848389
