0 0.22763556241989136 0.5018180012702942 0.024671494960784912 0.01085546612739563
0 0.5296145677566528 0.4958968162536621 0.003289520740509033 0.009868592023849487
0 0.5349283218383789 0.48982393741607666 0.005339086055755615 0.003985375165939331
0 0.49704816937446594 0.5309303402900696 0.040724337100982666 0.04509925842285156
0 0.3580304980278015 0.4978705644607544 0.014539927244186401 0.010263234376907349
0 0.1769767850637436 0.505765438079834 0.05592203140258789 0.011842280626296997
0 0.3904673457145691 0.49293625354766846 0.01315811276435852 0.006907999515533447
0 0.040461234748363495 0.5319172143936157 0.0480271577835083 0.03799408674240112
0 0.08717258274555206 0.5097128748893738 0.011842317879199982 0.006908059120178223
0 0.4663735032081604 0.49663710594177246 0.008552789688110352 0.009128332138061523
0 0.3130040764808655 0.4993510842323303 0.01973634958267212 0.011348605155944824
0 0.5361936092376709 0.497870534658432 0.011842310428619385 0.014802873134613037
0 0.5509965419769287 0.4958968460559845 0.01611870527267456 0.011842310428619385
0 0.37204599380493164 0.49688369035720825 0.007236987352371216 0.0029605627059936523
0 0.27674996852874756 0.5008316040039062 0.02116253972053528 0.012171417474746704
0 0.2595440149307251 0.5368514657020569 0.09638327360153198 0.08881732821464539
0 0.11644940078258514 0.4978705644607544 0.07171177119016647 0.04490211606025696
0 0.3917831778526306 0.4880019426345825 0.011842310428619385 0.016776591539382935
0 0.495638370513916 0.49589675664901733 0.02758505940437317 0.03912186622619629
0 0.5485951900482178 0.5127226114273071 0.02861887216567993 0.031086087226867676
0 0.4542842507362366 0.49885743856430054 0.010526508092880249 0.01085546612739563
0 0.5210617780685425 0.495238721370697 0.017946302890777588 0.02615177631378174
0 0.08125142753124237 0.5348777770996094 0.06250109523534775 0.04490208625793457
0 0.1159309595823288 0.7299591302871704 0.2318619191646576 0.2536545991897583
0 0.22368812561035156 0.4998442530632019 0.022697776556015015 0.006908029317855835
0 0.40899813175201416 0.4880019426345825 0.011623084545135498 0.015460878610610962
