0 0.5496807098388672 0.5407989025115967 0.025987327098846436 0.03996783494949341
0 0.27993953227996826 0.5627256035804749 0.04535427689552307 0.0819709300994873
0 0.5367528200149536 0.5374436378479004 0.01578974723815918 0.030888736248016357
1 0.5509961247444153 0.5181024074554443 0.0049343109130859375 0.008141756057739258
0 0.37007224559783936 0.5398120880126953 0.029605776071548462 0.04983639717102051
0 0.607905387878418 0.5605361461639404 0.06644850969314575 0.0789487361907959
0 0.34309810400009155 0.5521478056907654 0.03782960772514343 0.05526411533355713
0 0.39149075746536255 0.5372353196144104 0.0293864905834198 0.038980960845947266
0 0.5536280870437622 0.5477069616317749 0.01842135190963745 0.04835611581802368
0 0.30888697504997253 0.5560952425003052 0.05526411533355713 0.0690801739692688
0 0.21743807196617126 0.5796154141426086 0.10453395545482635 0.10795140266418457
0 0.5822470188140869 0.5590558052062988 0.020395100116729736 0.055264174938201904
1 0.9269899129867554 0.5886616110801697 0.038158535957336426 0.13125228881835938
0 0.6384980082511902 0.5782995820045471 0.0848698616027832 0.0942450761795044
0 0.5730363130569458 0.5477069616317749 0.04506653547286987 0.05526411533355713
1 0.7246837615966797 0.573365330696106 0.027961015701293945 0.11842316389083862
