0 0.09750168025493622 0.48829805850982666 0.04072435200214386 0.024013519287109375
0 0.12138370424509048 0.5462266802787781 0.12960754334926605 0.10608735680580139
0 0.18322688341140747 0.4841628074645996 0.016447648406028748 0.009868592023849487
0 0.3026176691055298 0.4978705644607544 0.018402129411697388 0.024671465158462524
0 0.21508052945137024 0.4923194646835327 0.01373380422592163 0.01912042498588562
1 0.9710696339607239 0.5442529320716858 0.0365138053894043 0.1075676679611206
0 0.29342618584632874 0.4939231276512146 0.01842135190963745 0.024671465158462524
0 0.15265971422195435 0.4825742244720459 0.010197550058364868 0.006908029317855835
0 0.3210582733154297 0.4993508458137512 0.030263692140579224 0.03700721263885498
0 0.17763468623161316 0.5047785639762878 0.01578974723815918 0.03454005718231201
0 0.16020017862319946 0.4978705644607544 0.03388217091560364 0.0345400869846344
0 0.029321685433387756 0.4980051517486572 0.05864337086677551 0.04077526926994324
0 0.27796539664268494 0.49096256494522095 0.011184394359588623 0.017763465642929077
1 0.9663733243942261 0.676985502243042 0.06725341081619263 0.30839353799819946
0 0.23914891481399536 0.48553481698036194 0.029276832938194275 0.016776621341705322
0 0.39475664496421814 0.4939231276512146 0.049659013748168945 0.0330984890460968
0 0.2134457230567932 0.49533611536026 0.005637049674987793 0.017830729484558105
0 0.2555965781211853 0.48553481698036194 0.011184394359588623 0.010855436325073242
1 0.6993542909622192 0.7829819321632385 0.1595422625541687 0.43403613567352295
1 0.250004380941391 0.488495409488678 0.008552789688110352 0.013816028833389282
1 0.31612396240234375 0.7843388319015503 0.1789505034685135 0.43132227659225464
0 0.42596811056137085 0.5297863483428955 0.0808962881565094 0.0896863341331482
0 0.20987209677696228 0.4954034090042114 0.0055921971797943115 0.019308090209960938
0 0.26776784658432007 0.48701512813568115 0.019408226013183594 0.013816028833389282
0 0.28520235419273376 0.4939230978488922 0.007954716682434082 0.020320355892181396
0 0.11315988004207611 0.4939231276512146 0.03585589677095413 0.009868592023849487
1 0.14901575446128845 0.488495409488678 0.010526493191719055 0.016776591539382935
0 0.3634932041168213 0.4971657395362854 0.024295508861541748 0.028054922819137573
0 0.07368549704551697 0.533890962600708 0.05888260528445244 0.07450789213180542
0 0.20066140592098236 0.4939231276512146 0.019408226013183594 0.027632027864456177
0 0.19506919384002686 0.4991863965988159 0.017763420939445496 0.025987297296524048
0 0.22368812561035156 0.49096253514289856 0.007236957550048828 0.016776621341705322
0 0.1325681060552597 0.4840545058250427 0.025658339262008667 0.013816028833389282
0 0.3559272885322571 0.4939231276512146 0.017434507608413696 0.020724058151245117
0 0.1361865997314453 0.49333107471466064 0.018026679754257202 0.006907999515533447
0 0.3809277415275574 0.525502622127533 0.03782960772514343 0.06365242600440979
0 0.3329005837440491 0.5077391266822815 0.033237069845199585 0.0360395610332489
0 0.20066140592098236 0.4978705644607544 0.00822383165359497 0.022204309701919556
0 0.18585851788520813 0.5023114085197449 0.017434507608413696 0.02911233901977539
0 0.9659894704818726 0.549217164516449 0.06802099943161011 0.09391617774963379
