0 0.30444616079330444 0.501324474811554 0.06644853949546814 0.02615177631378174
0 0.5414568185806274 0.5568348169326782 0.07977098226547241 0.08585673570632935
0 0.30913370847702026 0.39795100688934326 0.029605776071548462 0.03996780514717102
0 0.39474374055862427 0.5047785639762878 0.0480271577835083 0.06759986281394958
0 0.48092955350875854 0.48701468110084534 0.04144808650016785 0.053454816341400146
0 0.32138729095458984 0.4921133518218994 0.06151413917541504 0.036020368337631226
0 0.48520585894584656 0.460863322019577 0.04046124219894409 0.0537838339805603
0 0.5157985091209412 0.5353711843490601 0.0598694384098053 0.0675998330116272
0 0.07376773655414581 0.6172804832458496 0.14753547310829163 0.17171353101730347
0 0.4325733780860901 0.41250723600387573 0.04243496060371399 0.0444086492061615
0 0.26020193099975586 0.5314237475395203 0.1115151196718216 0.07598814368247986
0 0.5782995820045471 0.5837273597717285 0.09769904613494873 0.10806113481521606
0 0.2788426876068115 0.5329861640930176 0.12681138515472412 0.07204073667526245
0 0.38750678300857544 0.40658605098724365 0.04046124219894409 0.04292836785316467
