0 0.42237579822540283 0.5620164275169373 0.04407969117164612 0.05230355262756348
0 0.508232593536377 0.5324106216430664 0.011513352394104004 0.014802873134613037
0 0.5907998085021973 0.5176076889038086 0.006908059120178223 0.003947436809539795
0 0.5020480155944824 0.5262924432754517 0.006907999515533447 0.008881747722625732
0 0.315466046333313 0.6222147941589355 0.11414670944213867 0.12434428930282593
0 0.16875295341014862 0.6251753568649292 0.12927857041358948 0.1115151047706604
0 0.49441656470298767 0.5876747369766235 0.06842225790023804 0.0942450761795044
0 0.4572448432445526 0.5294500589370728 0.004276394844055176 0.006414592266082764
0 0.4542842507362366 0.5299434661865234 0.0055921971797943115 0.0049343109130859375
0 0.4059281647205353 0.5501741170883179 0.015131831169128418 0.030099213123321533
0 0.3973753750324249 0.5294500589370728 0.0026316046714782715 0.003947436809539795
0 0.46520543098449707 0.5323613882064819 0.015099018812179565 0.018750369548797607
0 0.4782978296279907 0.5324106216430664 0.008552759885787964 0.012335777282714844
0 0.5243512392044067 0.5250091552734375 0.0098685622215271 0.00592118501663208
0 0.4190862774848938 0.5319172143936157 0.011513352394104004 0.006414592266082764
0 0.6069185137748718 0.5259960889816284 0.020066142082214355 0.020230591297149658
0 0.5049430727958679 0.5457332134246826 0.030263692140579224 0.014802873134613037
0 0.5240223407745361 0.5250091552734375 0.011513352394104004 0.006414592266082764
0 0.4907985031604767 0.5210610628128052 0.014967262744903564 0.030592262744903564
0 0.480600506067276 0.5274763107299805 0.004276394844055176 0.006414592266082764
0 0.4398103356361389 0.5274763107299805 0.002631634473800659 0.003947436809539795
