0 0.5187590718269348 0.488495409488678 0.014802932739257812 0.01085546612739563
0 0.1480289101600647 0.5699112415313721 0.196056067943573 0.12138372659683228
0 0.6072474718093872 0.5299434661865234 0.031250596046447754 0.04835611581802368
0 0.5519833564758301 0.4993508458137512 0.02203989028930664 0.02615177631378174
0 0.4213889539241791 0.503298282623291 0.007236957550048828 0.015296339988708496
1 0.6516571044921875 0.4954034090042114 0.013487100601196289 0.012335777282714844
0 0.4654686748981476 0.48553481698036194 0.006579041481018066 0.015296339988708496
0 0.4590536952018738 0.4924428462982178 0.019737839698791504 0.024671465158462524
0 0.33947962522506714 0.5393186807632446 0.044079720973968506 0.05082327127456665
0 0.48750853538513184 0.4924428164958954 0.017434507608413696 0.01776343584060669
0 0.5069167613983154 0.48701512813568115 0.00822383165359497 0.013816028833389282
0 0.6421164870262146 0.533890962600708 0.06611955165863037 0.07154732942581177
1 0.6358664035797119 0.4919494092464447 0.00822383165359497 0.01924377679824829
1 0.6809335350990295 0.5108640193939209 0.013487100601196289 0.04046124219894409
1 0.35534241795539856 0.501818060874939 0.00822383165359497 0.020230591297149658
0 0.44902101159095764 0.48553481698036194 0.011842310428619385 0.01924377679824829
1 0.611852765083313 0.4954034090042114 0.00822383165359497 0.0212174654006958
1 0.9450823068618774 0.5605361461639404 0.036184847354888916 0.10806113481521606
0 0.4153033494949341 0.500831127166748 0.007236957550048828 0.02615177631378174
0 0.48125842213630676 0.488495409488678 0.01019752025604248 0.01085546612739563
1 0.6713938117027283 0.5069161057472229 0.015680313110351562 0.03930827975273132
0 0.42237579822540283 0.4993508458137512 0.014802902936935425 0.019243746995925903
0 0.5565886497497559 0.503298282623291 0.02401357889175415 0.02615177631378174
0 0.3865199089050293 0.5161274671554565 0.01842138171195984 0.03157949447631836
0 0.400664746761322 0.49861034750938416 0.030757367610931396 0.04835611581802368
0 0.5049430131912231 0.48553481698036194 0.01282915472984314 0.01924377679824829
0 0.48125845193862915 0.5240223407745361 0.0460534393787384 0.05082324147224426
0 0.5990236401557922 0.525502622127533 0.03486907482147217 0.041448116302490234
1 0.369414359331131 0.4919494092464447 0.00822383165359497 0.01578974723815918
1 0.36474278569221497 0.4954034090042114 0.00822383165359497 0.01578974723815918
0 0.35954493284225464 0.5299434661865234 0.03209659457206726 0.04208260774612427
0 0.4012129604816437 0.5095483064651489 0.011294186115264893 0.028619050979614258
0 0.38717782497406006 0.5102062821388245 0.03125053644180298 0.038487523794174194
0 0.469087153673172 0.4924428462982178 0.003618478775024414 0.005427747964859009
1 0.7266574501991272 0.5200749039649963 0.013487100601196289 0.04736927151679993
0 0.5786285400390625 0.5062588453292847 0.03125053644180298 0.04144808650016785
0 0.46645551919937134 0.488495409488678 0.006414979696273804 0.012335747480392456
1 0.7184336185455322 0.5200749039649963 0.013487100601196289 0.04736927151679993
0 0.36793404817581177 0.5208150148391724 0.03223741054534912 0.04218825697898865
0 0.42763906717300415 0.4924428462982178 0.017434507608413696 0.024671465158462524
1 0.8862034678459167 0.5533822178840637 0.023355722427368164 0.08265030384063721
1 0.6345505714416504 0.4954034090042114 0.00822383165359497 0.01578974723815918
0 0.5806022882461548 0.5161274671554565 0.03223741054534912 0.03602039813995361
0 0.0634879544377327 0.6153068542480469 0.1250021904706955 0.27582722902297974
0 0.5105352401733398 0.488495409488678 0.00822383165359497 0.01085546612739563
0 0.45987647771835327 0.5807667970657349 0.10033071041107178 0.13223916292190552
