1 0.7885006666183472 0.531423807144165 0.02368462085723877 0.07401448488235474
1 0.04224235564470291 0.5240219235420227 0.02723531611263752 0.07411190867424011
1 0.00427639065310359 0.5250091552734375 0.007565922103822231 0.05970495939254761
1 0.03322426602244377 0.5274763107299805 0.021381953731179237 0.07154732942581177
1 0.7424471974372864 0.5018180012702942 0.012829184532165527 0.02417805790901184
1 0.10625185817480087 0.5195814371109009 0.015131846070289612 0.07154732942581177
1 0.5921156406402588 0.4712253510951996 0.020395100116729736 0.04736924171447754
0 0.8750153183937073 0.48158735036849976 0.0901331901550293 0.04983636736869812
0 0.12335742264986038 0.4978705644607544 0.053290411829948425 0.048356086015701294
0 0.5732005834579468 0.42829692363739014 0.023026585578918457 0.05378362536430359
0 0.6338926553726196 0.5501741170883179 0.07368546724319458 0.09227132797241211
0 0.7644870281219482 0.4495144486427307 0.22270125150680542 0.10460710525512695
1 0.6414586305618286 0.4648107886314392 0.01611870527267456 0.02664521336555481
0 0.5952401161193848 0.4352046251296997 0.03684204816818237 0.04267975687980652
1 0.6279715299606323 0.46629106998443604 0.012829184532165527 0.0345400869846344
0 0.7122749090194702 0.5824569463729858 0.14201194047927856 0.16607216000556946
1 0.7509999871253967 0.505765438079834 0.017763495445251465 0.03947436809539795
0 0.5109297037124634 0.5623118877410889 0.08526411652565002 0.09572380781173706
0 0.01134888269007206 0.5215551853179932 0.02269776538014412 0.0439152717590332
0 0.6661300659179688 0.48553481698036194 0.09671223163604736 0.056744396686553955
0 0.5187591314315796 0.420401930809021 0.025767743587493896 0.04144808650016785
1 0.7417887449264526 0.5037912726402283 0.01447361707687378 0.035034507513046265
2 0.7315917015075684 0.5018180012702942 0.011842310428619385 0.022697806358337402
1 0.11480464041233063 0.5259960889816284 0.01611870527267456 0.07154732942581177
