0 0.9347938299179077 0.5467200875282288 0.13041239976882935 0.17664781212806702
0 0.5309303402900696 0.5319172143936157 0.020066142082214355 0.019737184047698975
0 0.8810731768608093 0.8118475675582886 0.23785364627838135 0.37630486488342285
0 0.32518845796585083 0.5461718440055847 0.05855366587638855 0.0645296573638916
0 0.46324825286865234 0.5486937761306763 0.040461212396621704 0.04588896036148071
0 0.43987199664115906 0.5235134959220886 0.012500226497650146 0.013538479804992676
0 0.45220088958740234 0.5268184542655945 0.01337742805480957 0.01644766330718994
0 0.554286003112793 0.5906352996826172 0.2194117307662964 0.12286394834518433
0 0.37854281067848206 0.5432660579681396 0.01924377679824829 0.023437917232513428
0 0.3562309145927429 0.5457332134246826 0.023659318685531616 0.050064146518707275
0 0.5628387928009033 0.5319172143936157 0.027303099632263184 0.009868621826171875
0 0.4596571922302246 0.5220485925674438 0.00767555832862854 0.009539604187011719
0 0.40263861417770386 0.5467200875282288 0.04243496060371399 0.04786264896392822
