0 0.7177757024765015 0.6005039215087891 0.03125053644180298 0.033059775829315186
0 0.7085649967193604 0.5521478056907654 0.014802873134613037 0.009868621826171875
0 0.7269864082336426 0.633563756942749 0.01019752025604248 0.01924377679824829
0 0.8889870643615723 0.7514934539794922 0.22202587127685547 0.4870150685310364
0 0.7213941812515259 0.6281359791755676 0.026645243167877197 0.046875834465026855
0 0.7822505235671997 0.6641563773155212 0.0904620885848999 0.14950919151306152
0 0.6861962080001831 0.5536280870437622 0.01644766330718994 0.01924377679824829
0 0.7085649967193604 0.588168203830719 0.017434537410736084 0.017763495445251465
0 0.5690889358520508 0.6019842028617859 0.016447603702545166 0.041448116302490234
0 0.7102097868919373 0.5975433588027954 0.023026704788208008 0.033059775829315186
0 0.7546184659004211 0.6518206000328064 0.07467234134674072 0.12039685249328613
0 0.7056044340133667 0.5866879224777222 0.017434537410736084 0.02615177631378174
