0 0.6542876958847046 0.5296474099159241 0.06421166658401489 0.04361915588378906
0 0.5792864561080933 0.5240223407745361 0.012500166893005371 0.015296339988708496
0 0.6059316396713257 0.5269829034805298 0.02960580587387085 0.015296339988708496
0 0.18651610612869263 0.5373450517654419 0.05444177985191345 0.03120952844619751
0 0.6292873620986938 0.5259960293769836 0.021381914615631104 0.031086087226867676
0 0.5539570450782776 0.531423807144165 0.03157949447631836 0.043421804904937744
0 0.56843101978302 0.5259960889816284 0.004276394844055176 0.012335717678070068
0 0.5901418924331665 0.5166208744049072 0.00822383165359497 0.015296339988708496
0 0.6711462736129761 0.5928555727005005 0.09383362531661987 0.09757554531097412
0 0.8477121591567993 0.5570821166038513 0.14967364072799683 0.07401442527770996
0 0.5407989621162415 0.5269829034805298 0.004276394844055176 0.0049343109130859375
0 0.9684380292892456 0.5960630774497986 0.06250113248825073 0.1154625415802002
