0 0.5394831299781799 0.5319172143936157 0.016776561737060547 0.009868621826171875
0 0.672051191329956 0.5250091552734375 0.01381605863571167 0.020723998546600342
0 0.7605396509170532 0.5250091552734375 0.01611870527267456 0.020723998546600342
0 0.7697503566741943 0.5215551853179932 0.01611870527267456 0.021710872650146484
0 0.5776417255401611 0.5289566516876221 0.00592118501663208 0.00789487361907959
0 0.7131704092025757 0.5240223407745361 0.01611870527267456 0.024178028106689453
0 0.5881681442260742 0.5329040288925171 0.01611870527267456 0.010855495929718018
0 0.653958797454834 0.5240223407745361 0.012500226497650146 0.021710872650146484
0 0.7431051135063171 0.5250091552734375 0.010526537895202637 0.018750369548797607
0 0.5588913559913635 0.5319172143936157 0.006579041481018066 0.005921125411987305
0 0.7240258455276489 0.5225419998168945 0.012500226497650146 0.02171093225479126
0 0.5536280870437622 0.5319172143936157 0.0098685622215271 0.008881747722625732
0 0.7059334516525269 0.5225419998168945 0.012500226497650146 0.02417808771133423
