1 0.9362006187438965 0.5097128748893738 0.012829124927520752 0.019243717193603516
0 0.6023131608963013 0.5916222333908081 0.11085718870162964 0.12385088205337524
0 0.8236986398696899 0.5047785639762878 0.01809239387512207 0.024178028106689453
1 0.4358628988265991 0.5210617780685425 0.020395100116729736 0.05082327127456665
0 0.6128396987915039 0.5131669044494629 0.03519803285598755 0.03996780514717102
0 0.8121852874755859 0.49490997195243835 0.02368462085723877 0.019737184047698975
1 0.8588966131210327 0.4954034090042114 0.004276394844055176 0.028125524520874023
1 0.619418740272522 0.49293625354766846 0.006908059120178223 0.012829184532165527
1 0.9575825333595276 0.5210617184638977 0.018750309944152832 0.057237833738327026
0 0.7200783491134644 0.49639028310775757 0.04473763704299927 0.02417805790901184
0 0.7628422975540161 0.5062588453292847 0.007236957550048828 0.008388280868530273
0 0.38323038816452026 0.5817536115646362 0.12631797790527344 0.10510051250457764
0 0.7730398178100586 0.5037916898727417 0.00822383165359497 0.010855436325073242
0 0.9154765605926514 0.5970499515533447 0.10526502132415771 0.1253311038017273
1 0.921726644039154 0.503298282623291 0.012829184532165527 0.019243746995925903
1 0.534548819065094 0.5195814371109009 0.012829184532165527 0.05082327127456665
0 0.5891550779342651 0.5274763107299805 0.051316678524017334 0.04687577486038208
0 0.799027144908905 0.4963902533054352 0.020066142082214355 0.019737184047698975
1 0.7230389714241028 0.5018180012702942 0.01019752025604248 0.02417805790901184
0 0.6470507979393005 0.5077391862869263 0.030263662338256836 0.02713865041732788
0 0.7799478769302368 0.49491000175476074 0.04473763704299927 0.02417805790901184
1 0.9710696339607239 0.5324106216430664 0.02368462085723877 0.07253417372703552
1 0.8888318538665771 0.505765438079834 0.008552730083465576 0.040707916021347046
0 0.6756697297096252 0.5116865634918213 0.05032980442047119 0.03996783494949341
1 0.8283039927482605 0.508232593536377 0.008552789688110352 0.028125464916229248
0 0.6809329986572266 0.4924428462982178 0.03585594892501831 0.012335747480392456
0 0.9501723647117615 0.6513271927833557 0.09965527057647705 0.1791149377822876
1 0.8513306379318237 0.5871813297271729 0.033224284648895264 0.13273262977600098
0 0.6536298394203186 0.5590558052062988 0.06447482109069824 0.08092242479324341
0 0.6963937282562256 0.503298282623291 0.009539663791656494 0.024178028106689453
0 0.622708261013031 0.4978705644607544 0.003618478775024414 0.012335777282714844
1 0.3763223886489868 0.5146471858024597 0.023684650659561157 0.03947439789772034
0 0.42994174361228943 0.6799460649490356 0.2532939314842224 0.2629980444908142
1 0.8727126121520996 0.5225420594215393 0.015131890773773193 0.05082324147224426
0 0.7556053400039673 0.5023114085197449 0.007236957550048828 0.010855436325073242
0 0.9700740575790405 0.7465591430664062 0.05985194444656372 0.2916169762611389
