1 0.04671134054660797 0.5886616110801697 0.024671483784914017 0.09671223163604736
0 0.4398103356361389 0.5092194080352783 0.02105298638343811 0.016776621341705322
1 0.3059264123439789 0.5743521451950073 0.027961015701293945 0.10806107521057129
0 0.06883344054222107 0.631096601486206 0.13766688108444214 0.1189165711402893
1 0.9588073492050171 0.8396029472351074 0.08238524198532104 0.3207940459251404
0 0.3348742723464966 0.5353711843490601 0.011184394359588623 0.029112398624420166
0 0.37848961353302 0.5190880298614502 0.016447633504867554 0.017763495445251465
1 0.7986981868743896 0.5620164275169373 0.030592679977416992 0.10707426071166992
1 0.5608651041984558 0.570898175239563 0.03157949447631836 0.10312682390213013
0 0.5526412725448608 0.5398120880126953 0.059869468212127686 0.08437648415565491
0 0.38717782497406006 0.5131669044494629 0.01842135190963745 0.01381605863571167
1 0.7052754759788513 0.5590558052062988 0.03157949447631836 0.11200851202011108
0 0.4753708243370056 0.5101559162139893 0.006579071283340454 0.022204339504241943
0 0.4989662766456604 0.5146471858024597 0.02598726749420166 0.0345400869846344
1 0.6065895557403564 0.570898175239563 0.038158535957336426 0.10312682390213013
1 0.6745731830596924 0.5212257504463196 0.018202126026153564 0.043421000242233276
1 0.5157985091209412 0.5541215538978577 0.019408226013183594 0.06858670711517334
1 0.8607609272003174 0.5669506788253784 0.03486901521682739 0.1304296851158142
0 0.2502158582210541 0.5560952425003052 0.03663128614425659 0.04835611581802368
0 0.45066577196121216 0.5126734972000122 0.012171238660812378 0.014309465885162354
1 0.8233696818351746 0.5501741170883179 0.03157949447631836 0.0942450761795044
1 0.4809294641017914 0.5669506788253784 0.033224284648895264 0.09819251298904419
1 0.1674371361732483 0.5324106216430664 0.012829169631004333 0.01924377679824829
1 0.36776959896087646 0.8160417079925537 0.1384892463684082 0.3679165840148926
0 0.42009997367858887 0.5077391266822815 0.01940825581550598 0.03700721263885498
1 0.9253451228141785 0.5437595248222351 0.0365138053894043 0.09671223163604736
0 0.4611922800540924 0.5383317470550537 0.03684276342391968 0.04588896036148071
1 0.20412404835224152 0.5171142816543579 0.013487070798873901 0.02017873525619507
0 0.4388234615325928 0.5092194080352783 0.022039860486984253 0.01529628038406372
1 0.3666183054447174 0.5185946226119995 0.004276394844055176 0.020230591297149658
0 0.45066577196121216 0.5102063417434692 0.02401357889175415 0.01381605863571167
0 0.3853171467781067 0.5200748443603516 0.00822383165359497 0.016776621341705322
1 0.9108712077140808 0.5491872429847717 0.024671435356140137 0.09671223163604736
1 0.3625885844230652 0.5185946226119995 0.005921155214309692 0.01924377679824829
0 0.3152053654193878 0.5329040884971619 0.041448116302490234 0.04440867900848389
0 0.21217477321624756 0.5536280870437622 0.07006700336933136 0.06661301851272583
1 0.6197476983070374 0.5201453566551208 0.010573506355285645 0.04518401622772217
1 0.5243512988090515 0.6917884349822998 0.11973896622657776 0.3172752857208252
1 0.29901838302612305 0.8025957345962524 0.1460551917552948 0.39480847120285034
0 0.48158735036849976 0.5106997489929199 0.013816028833389282 0.022204339504241943
0 0.40050041675567627 0.5161274671554565 0.017434507608413696 0.017763495445251465
1 0.43323126435279846 0.5630033016204834 0.0365138053894043 0.09177792072296143
1 0.12927857041358948 0.821962833404541 0.18783223628997803 0.3560742735862732
1 0.4111914038658142 0.5185946226119995 0.008552789688110352 0.028125464916229248
0 0.16052912175655365 0.5753390192985535 0.08388304710388184 0.08141589164733887
0 0.27961015701293945 0.5477069616317749 0.035855889320373535 0.03996777534484863
1 0.7868558764457703 0.6917884349822998 0.10033071041107178 0.2827352285385132
1 0.7635207772254944 0.5760482549667358 0.029770255088806152 0.12089031934738159
1 0.21250371634960175 0.5926090478897095 0.0365138053894043 0.10312676429748535
0 0.5036482214927673 0.5175762176513672 0.028618931770324707 0.033059775829315186
1 0.6087427139282227 0.5235288739204407 0.013487100601196289 0.04736921191215515
0 0.3689209222793579 0.5215551853179932 0.00822383165359497 0.010855436325073242
1 0.588826060295105 0.5758324861526489 0.028947889804840088 0.09819251298904419
1 0.585536539554596 0.5250091552734375 0.012829184532165527 0.039474427700042725
1 0.9049500226974487 0.7465591430664062 0.12138372659683228 0.2916169762611389
0 0.48520585894584656 0.5122525691986084 0.011184394359588623 0.016776621341705322
0 0.3036237359046936 0.5422792434692383 0.026645183563232422 0.03454005718231201
1 0.6779723763465881 0.7880395650863647 0.18355584144592285 0.42392081022262573
