0 0.20987209677696228 0.5200749039649963 0.04144808650016785 0.03700721263885498
0 0.4500078856945038 0.4746793508529663 0.011842310428619385 0.013816028833389282
0 0.47566622495651245 0.47023850679397583 0.009210675954818726 0.015296310186386108
0 0.19309547543525696 0.5131669044494629 0.008223816752433777 0.020723998546600342
0 0.12237056344747543 0.5215551853179932 0.021053001284599304 0.03700721263885498
1 0.26776784658432007 0.500831127166748 0.007565915584564209 0.024178028106689453
0 0.4829031825065613 0.46777135133743286 0.00822383165359497 0.01085546612739563
0 0.22631976008415222 0.500831127166748 0.018421366810798645 0.015296310186386108
0 0.4618501663208008 0.47171878814697266 0.009210675954818726 0.01085546612739563
0 0.42961275577545166 0.4954034090042114 0.01842138171195984 0.019243746995925903
0 0.4618501663208008 0.4786267876625061 0.014802902936935425 0.013816028833389282
0 0.16842401027679443 0.5240223407745361 0.005592212080955505 0.02368462085723877
0 0.44145509600639343 0.4786267876625061 0.014802873134613037 0.015296310186386108
0 0.4710608720779419 0.5200749039649963 0.05230355262756348 0.06611958146095276
0 0.09473849833011627 0.5324106216430664 0.04967191815376282 0.04292839765548706
0 0.44655388593673706 0.4951567053794861 0.015296310186386108 0.019243746995925903
0 0.4710608720779419 0.4746793508529663 0.011184394359588623 0.012335747480392456
0 0.01422722265124321 0.5407989621162415 0.02845444530248642 0.07056045532226562
0 0.4848769009113312 0.48701509833335876 0.004605352878570557 0.010855436325073242
0 0.17927944660186768 0.5171142816543579 0.028618916869163513 0.03848749399185181
