0 0.2694126069545746 0.4771465063095093 0.0828961730003357 0.03750067949295044
0 0.5582334995269775 0.5546149611473083 0.11085718870162964 0.11891651153564453
0 0.2868471145629883 0.35822993516921997 0.03519800305366516 0.0444086492061615
0 0.1384892612695694 0.6296162605285645 0.22237230837345123 0.23783308267593384
0 0.47961366176605225 0.4593830406665802 0.04967191815376282 0.065132737159729
0 0.2911236882209778 0.465303897857666 0.07423409819602966 0.04292836785316467
0 0.48520588874816895 0.4287903904914856 0.0460534393787384 0.06069186329841614
0 0.522213339805603 0.5208149552345276 0.07664620876312256 0.08709052205085754
0 0.42566555738449097 0.3742660880088806 0.04852065443992615 0.049096375703811646
0 0.2555965781211853 0.48010706901550293 0.04901401698589325 0.024671465158462524
0 0.6190897822380066 0.6044513583183289 0.14934468269348145 0.16332519054412842
0 0.23158299922943115 0.5092194080352783 0.15855540335178375 0.07204073667526245
0 0.3753355145454407 0.36957883834838867 0.0460534393787384 0.051316678524017334
