0 0.47796887159347534 0.5109015703201294 0.007236987352371216 0.024974286556243896
1 0.7207362651824951 0.5264894962310791 0.01381605863571167 0.03157949447631836
1 0.11973893642425537 0.570898175239563 0.032566361129283905 0.112995445728302
1 0.3322426676750183 0.536358118057251 0.016447633504867554 0.04292839765548706
0 0.4861927032470703 0.5064865946769714 0.009210675954818726 0.020268559455871582
1 0.8292908668518066 0.5245157480239868 0.012500226497650146 0.04490208625793457
1 0.351287305355072 0.5188024044036865 0.014300823211669922 0.026541292667388916
0 0.6310813426971436 0.5094433426856995 0.04144805669784546 0.016776561737060547
0 0.6365243196487427 0.5452398061752319 0.04630011320114136 0.05020642280578613
0 0.46232718229293823 0.511538565158844 0.029605776071548462 0.056522369384765625
0 0.5126734972000122 0.5075911283493042 0.0031908154487609863 0.009967267513275146
0 0.5644835233688354 0.5184959173202515 0.023224055767059326 0.025559663772583008
0 0.591457724571228 0.5276795625686646 0.026335597038269043 0.03375643491744995
0 0.6953067779541016 0.5613084435462952 0.06666308641433716 0.06792163848876953
0 0.5517202615737915 0.5020153522491455 0.014210760593414307 0.008388280868530273
1 0.983569860458374 0.5649769902229309 0.02171093225479126 0.09325826168060303
0 0.4523105323314667 0.5467200875282288 0.020395100116729736 0.053948283195495605
1 0.32566356658935547 0.5570821166038513 0.021710902452468872 0.08141589164733887
0 0.5934725999832153 0.5335208773612976 0.020395100116729736 0.04052293300628662
1 0.7964613437652588 0.5551084280014038 0.02013188600540161 0.07253414392471313
1 0.6943104267120361 0.5110287666320801 0.007675588130950928 0.024671494960784912
1 0.7457367181777954 0.531226396560669 0.014210760593414307 0.03907966613769531
0 0.44934993982315063 0.5200748443603516 0.025987297296524048 0.016776621341705322
0 0.5526412725448608 0.51227867603302 0.01842135190963745 0.022796452045440674
0 0.508232593536377 0.5037916898727417 0.011184394359588623 0.01381605863571167
1 0.5782995820045471 0.7278088331222534 0.06940913200378418 0.3345453143119812
1 0.41974419355392456 0.5077391266822815 0.009868592023849487 0.022697776556015015
1 0.13747453689575195 0.5704870223999023 0.02998930960893631 0.10937720537185669
1 0.37994086742401123 0.5324106216430664 0.017105549573898315 0.05575752258300781
0 0.4243495464324951 0.5590558052062988 0.06184318661689758 0.07929033041000366
1 0.778449296951294 0.5195814371109009 0.008552789688110352 0.033964455127716064
0 0.4808870255947113 0.5092194080352783 0.010484039783477783 0.021774590015411377
1 0.7206201553344727 0.5172594785690308 0.012268006801605225 0.03604942560195923
2 0.9019894599914551 0.6404716968536377 0.13223916292190552 0.20773392915725708
0 0.5792864561080933 0.5247962474822998 0.01860833168029785 0.030779600143432617
1 0.5802733302116394 0.5037916898727417 0.008552789688110352 0.008881747722625732
1 0.0921068787574768 0.6404716968536377 0.0654616728425026 0.24523454904556274
1 0.22171440720558167 0.577312707901001 0.027632057666778564 0.09325820207595825
1 0.2940840721130371 0.5639901161193848 0.029605776071548462 0.1115151047706604
0 0.569270133972168 0.5200749039649963 0.01922696828842163 0.02615177631378174
0 0.6157232522964478 0.5362845659255981 0.040839195251464844 0.05279695987701416
1 0.869752049446106 0.5324106216430664 0.017105579376220703 0.04292839765548706
0 0.7065913081169128 0.5692944526672363 0.06208992004394531 0.06106191873550415
0 0.6599811315536499 0.5521478056907654 0.050937116146087646 0.05456829071044922
1 0.9477139711380005 0.570898175239563 0.029934704303741455 0.1041136384010315
0 0.5746811032295227 0.5245157480239868 0.007236957550048828 0.026997685432434082
