0 0.3036237359046936 0.5432660579681396 0.02401357889175415 0.01529628038406372
0 0.5170053839683533 0.5353711843490601 0.013487577438354492 0.023190796375274658
0 0.3413226008415222 0.5310314893722534 0.0475689172744751 0.023589670658111572
0 0.1440304070711136 0.5965580940246582 0.15559804439544678 0.08226245641708374
0 0.39277005195617676 0.5324106216430664 0.02664521336555481 0.01924377679824829
0 0.32007139921188354 0.5309303402900696 0.03223741054534912 0.010855436325073242
0 0.36809855699539185 0.5353711843490601 0.01578974723815918 0.01529628038406372
0 0.5258878469467163 0.5269839763641357 0.011294424533843994 0.01710432767868042
1 0.08158037066459656 0.570898175239563 0.021381951868534088 0.05477064847946167
0 0.9375076293945312 0.570898175239563 0.12498468160629272 0.09523195028305054
0 0.234543576836586 0.560042679309845 0.04243496060371399 0.017763495445251465
0 0.25378692150115967 0.5509144067764282 0.043751060962677 0.013815999031066895
0 0.5565887093544006 0.5477069616317749 0.09112000465393066 0.10362020134925842
0 0.42599430680274963 0.5353711843490601 0.02401357889175415 0.030592620372772217
0 0.20641717314720154 0.5649774074554443 0.07681022584438324 0.03306013345718384
0 0.49112701416015625 0.52303546667099 0.013816028833389282 0.015296339988708496
0 0.5125089883804321 0.525502622127533 0.01842135190963745 0.024671435356140137
0 0.473166286945343 0.5247132778167725 0.015921324491500854 0.02338862419128418
1 0.25965362787246704 0.5273119807243347 0.005263298749923706 0.00871741771697998
0 0.5822470188140869 0.5639901161193848 0.0828961730003357 0.09523195028305054
0 0.24276739358901978 0.5570821166038513 0.05230353772640228 0.019243717193603516
0 0.34309810400009155 0.5546149611473083 0.07368549704551697 0.046875834465026855
0 0.4921138882637024 0.5778061151504517 0.06908014416694641 0.07993561029434204
0 0.2621096968650818 0.5436609983444214 0.06486967206001282 0.021908342838287354
0 0.3174397647380829 0.6083987951278687 0.20329302549362183 0.1228640079498291
0 0.44342923164367676 0.5225422382354736 0.014474064111709595 0.016118407249450684
0 0.4921138882637024 0.5240223407745361 0.01644766330718994 0.01924377679824829
