0 0.7776452302932739 0.542772650718689 0.07927769422531128 0.05181014537811279
0 0.13750240206718445 0.542772650718689 0.018421366810798645 0.01578974723815918
0 0.2746758759021759 0.5847141742706299 0.0595405250787735 0.07105386257171631
0 0.48158738017082214 0.5674440860748291 0.07401448488235474 0.06167870759963989
0 0.1325681209564209 0.5506675243377686 0.007236972451210022 0.017270028591156006
0 0.33717697858810425 0.5511609315872192 0.05394831299781799 0.039474427700042725
0 0.8602124452590942 0.5245157480239868 0.10098856687545776 0.03404664993286133
0 0.1615159809589386 0.5496807098388672 0.04736925661563873 0.03602033853530884
0 0.5810410976409912 0.5255846977233887 0.044189512729644775 0.028783142566680908
0 0.45856064558029175 0.5393186807632446 0.07829084992408752 0.05181008577346802
0 0.34622305631637573 0.5329038500785828 0.025164902210235596 0.013322710990905762
0 0.13750240206718445 0.5329040288925171 0.021710902452468872 0.009375154972076416
