0 0.8223828077316284 0.5437594652175903 0.01644766330718994 0.017270028591156006
0 0.550338625907898 0.5269829034805298 0.012500226497650146 0.010362029075622559
0 0.7927770614624023 0.536358118057251 0.03026372194290161 0.024671494960784912
0 0.16052913665771484 0.5580689907073975 0.061185285449028015 0.046382367610931396
0 0.3631642460823059 0.5333974957466125 0.010197550058364868 0.015296339988708496
0 0.7454077005386353 0.5255027413368225 0.005263268947601318 0.007401466369628906
0 0.6861962080001831 0.5210617780685425 0.01578974723815918 0.010361969470977783
0 0.5174432992935181 0.5210617780685425 0.013158142566680908 0.018750369548797607
0 0.37961190938949585 0.5333974361419678 0.025329411029815674 0.030099213123321533
0 0.4875085651874542 0.5251326560974121 0.005592167377471924 0.0098685622215271
0 0.41184931993484497 0.5259960889816284 0.017763465642929077 0.012335717678070068
0 0.43981099128723145 0.5193966627120972 0.007812589406967163 0.007031440734863281
0 0.4865216612815857 0.5259960889816284 0.003947436809539795 0.006907999515533447
0 0.4098756015300751 0.5570821166038513 0.05625098943710327 0.0636523962020874
0 0.8477122187614441 0.5220485925674438 0.020066142082214355 0.008388280868530273
0 0.7013280391693115 0.5447463989257812 0.04309284687042236 0.0310860276222229
0 0.4674423933029175 0.52303546667099 0.007565915584564209 0.007401466369628906
2 0.5667862296104431 0.5437595248222351 0.01019752025604248 0.03996777534484863
0 0.40099385380744934 0.5269829034805298 0.011513352394104004 0.011348843574523926
0 0.42204686999320984 0.5269829034805298 0.011513352394104004 0.010362029075622559
0 0.3657958507537842 0.5250091552734375 0.010197550058364868 0.010361969470977783
0 0.30461061000823975 0.5412923097610474 0.0289478600025177 0.030099213123321533
0 0.0055922032333910465 0.5743521451950073 0.011184406466782093 0.03207290172576904
0 0.6677748560905457 0.5259960889816284 0.01644766330718994 0.01628321409225464
0 0.4968288242816925 0.5324106216430664 0.012500226497650146 0.013322591781616211
0 0.43158650398254395 0.5269829034805298 0.009539633989334106 0.015296339988708496
0 0.48043617606163025 0.5437595844268799 0.025329411029815674 0.028618931770324707
0 0.5352067351341248 0.5304369330406189 0.011513352394104004 0.013322591781616211
0 0.5792864561080933 0.531423807144165 0.03717172145843506 0.019737184047698975
0 0.5072457194328308 0.5240223407745361 0.008223772048950195 0.011348903179168701
0 0.8125141859054565 0.5333974957466125 0.03289526700973511 0.028618931770324707
0 0.49704813957214355 0.5303136706352234 0.013980478048324585 0.015542984008789062
0 0.4536263644695282 0.5250091552734375 0.010855436325073242 0.012335717678070068
0 0.4648107588291168 0.5343843698501587 0.01644766330718994 0.017270028591156006
0 0.44145509600639343 0.5279697179794312 0.01842135190963745 0.024671494960784912
0 0.4829031825065613 0.5250091552734375 0.005921155214309692 0.008881747722625732
0 0.4707319140434265 0.5304369330406189 0.012500226497650146 0.015296339988708496
0 0.6631695032119751 0.5324106216430664 0.009539604187011719 0.008388280868530273
0 0.5174432396888733 0.5343843698501587 0.01644766330718994 0.018750309944152832
0 0.5338909029960632 0.5259960889816284 0.011184453964233398 0.012335717678070068
0 0.6870183348655701 0.5343843698501587 0.05723774433135986 0.022204101085662842
0 0.34507182240486145 0.5279697775840759 0.02401357889175415 0.016283154487609863
0 0.5036272406578064 0.5259960889816284 0.007565885782241821 0.012335717678070068
0 0.8681073188781738 0.536358118057251 0.08388304710388184 0.043421804904937744
0 0.5299434661865234 0.52303546667099 0.006907999515533447 0.006414532661437988
