0 0.6605378985404968 0.5171142816543579 0.05230355262756348 0.059211552143096924
1 0.5431016087532043 0.4301469922065735 0.004605293273925781 0.01652967929840088
0 0.8177774548530579 0.6799460649490356 0.3634932041168213 0.40263861417770386
0 0.5673346519470215 0.4736922085285187 0.02456200122833252 0.04046136140823364
0 0.43240875005722046 0.45642244815826416 0.020230740308761597 0.02146407961845398
0 0.5355356931686401 0.45099472999572754 0.014802932739257812 0.008388310670852661
0 0.5694178342819214 0.4771465063095093 0.01644766330718994 0.03848749399185181
0 0.47007399797439575 0.4287903904914856 0.002631634473800659 0.005427718162536621
0 0.5253381729125977 0.4347115755081177 0.01381605863571167 0.017763465642929077
1 0.15098948776721954 0.4998442828655243 0.018092423677444458 0.08536332845687866
0 0.5417857766151428 0.46234363317489624 0.01578974723815918 0.023684650659561157
1 0.359874427318573 0.46135634183883667 0.011513352394104004 0.027138620615005493
0 0.4536263644695282 0.46777135133743286 0.026645183563232422 0.03157949447631836
1 0.5592203140258789 0.4539552927017212 0.006579041481018066 0.01282915472984314
0 0.35888785123825073 0.5116865634918213 0.08190932869911194 0.05674442648887634
0 0.6338926553726196 0.5047785639762878 0.04506659507751465 0.06069183349609375
0 0.46185019612312317 0.4287903904914856 0.007236957550048828 0.01085546612739563
0 0.48948225378990173 0.4495144486427307 0.04243499040603638 0.0730276107788086
0 0.5335619449615479 0.4455670118331909 0.022039830684661865 0.02368462085723877
0 0.4552711248397827 0.4347115755081177 0.014802873134613037 0.017763465642929077
0 0.5565886497497559 0.4746793508529663 0.014802873134613037 0.02911233901977539
1 0.3845462203025818 0.471225380897522 0.010526508092880249 0.043915241956710815
0 0.37546685338020325 0.4503036439418793 0.01322394609451294 0.026743948459625244
0 0.46645551919937134 0.4287903904914856 0.0055921971797943115 0.01085546612739563
0 0.4904690980911255 0.47171878814697266 0.038487523794174194 0.0345400869846344
0 0.45625799894332886 0.43175095319747925 0.011842340230941772 0.017763465642929077
0 0.36053264141082764 0.5491872429847717 0.09375163912773132 0.1036202609539032
0 0.4055992066860199 0.4771465063095093 0.02927684783935547 0.03454005718231201
0 0.49310076236724854 0.5161274671554565 0.06250110268592834 0.07450786232948303
0 0.5934314727783203 0.4554356038570404 0.027632057666778564 0.008388280868530273
0 0.6052737236022949 0.4884953796863556 0.04868501424789429 0.059211552143096924
0 0.5299434661865234 0.47171878814697266 0.028618931770324707 0.033059775829315186
0 0.44704729318618774 0.4440867304801941 0.019408226013183594 0.024671465158462524
0 0.41020452976226807 0.47171878814697266 0.02861890196800232 0.03996780514717102
0 0.45263949036598206 0.43865901231765747 0.011842310428619385 0.015296310186386108
0 0.7266574501991272 0.48010706901550293 0.07368552684783936 0.015296310186386108
0 0.2713863253593445 0.5353711843490601 0.10197548568248749 0.10904794931411743
0 0.19309547543525696 0.503298282623291 0.13519972562789917 0.08141589164733887
0 0.5883328914642334 0.48010706901550293 0.041448116302490234 0.05649790167808533
0 0.35230880975723267 0.48010706901550293 0.03223738074302673 0.013816028833389282
0 0.43783658742904663 0.4539553225040436 0.014802902936935425 0.022204339504241943
