0 0.4468080699443817 0.5255475044250488 0.00789487361907959 0.008791983127593994
0 0.03791184723377228 0.6444191932678223 0.07582369446754456 0.11052829027175903
0 0.4507315754890442 0.5437595248222351 0.02019771933555603 0.02792811393737793
0 0.3079001307487488 0.5447463989257812 0.02401357889175415 0.029112398624420166
0 0.26067185401916504 0.5382612943649292 0.012594223022460938 0.0098685622215271
0 0.3592168092727661 0.5368515253067017 0.018750309944152832 0.02417808771133423
0 0.020724046975374222 0.6005039215087891 0.02730310894548893 0.019737184047698975
0 0.2802680730819702 0.5477069616317749 0.030592650175094604 0.03602039813995361
1 0.3746775984764099 0.5664572715759277 0.02072402834892273 0.0804290771484375
0 0.5005844235420227 0.5259960889816284 0.017393380403518677 0.011842310428619385
0 0.3227030038833618 0.5437595248222351 0.01611870527267456 0.02911233901977539
0 0.020783858373761177 0.5544354915618896 0.014473938383162022 0.011842310428619385
0 0.12401533126831055 0.574845552444458 0.06315899640321732 0.056744396686553955
0 0.06381690502166748 0.590635359287262 0.07401445508003235 0.0577312707901001
0 0.7546184659004211 0.6044514179229736 0.25691235065460205 0.1189165711402893
0 0.05679924041032791 0.5526412725448608 0.01611870527267456 0.011842310428619385
0 0.09112001955509186 0.5625098943710327 0.01381603628396988 0.011842310428619385
0 0.004323373083025217 0.5661753416061401 0.006203127093613148 0.005921125411987305
0 0.15888433158397675 0.5628388524055481 0.018531054258346558 0.01743459701538086
0 0.2594124376773834 0.5552071332931519 0.02651365101337433 0.030296623706817627
0 0.3337412178516388 0.5418954491615295 0.01896965503692627 0.024945616722106934
0 0.19660431146621704 0.5702402591705322 0.0460534393787384 0.03799408674240112
0 0.23553043603897095 0.5559542775154114 0.04069620370864868 0.03707766532897949
0 0.029934734106063843 0.5561732053756714 0.00789487361907959 0.0098685622215271
0 0.4684292674064636 0.5309303998947144 0.016447633504867554 0.011842310428619385
0 0.4358628988265991 0.5486937761306763 0.029934734106063843 0.03602033853530884
