0 0.307242214679718 0.5575755834579468 0.02335566282272339 0.01776343584060669
0 0.18355584144592285 0.5575755834579468 0.0500008761882782 0.056744396686553955
0 0.13717344403266907 0.596556544303894 0.0690801590681076 0.06167870759963989
0 0.4052702486515045 0.5778061151504517 0.04736924171447754 0.056744396686553955
0 0.42796802520751953 0.5457332134246826 0.009868592023849487 0.02615177631378174
0 0.06184318661689758 0.6123462915420532 0.09506745636463165 0.08783048391342163
0 0.40855979919433594 0.5457332134246826 0.03519800305366516 0.04292839765548706
0 0.28421550989151 0.5565886497497559 0.008552789688110352 0.016776621341705322
0 0.26217561960220337 0.5496807098388672 0.041119128465652466 0.04391521215438843
0 0.7105387449264526 0.5847141742706299 0.41974419355392456 0.5787930488586426
0 0.33947962522506714 0.5407989025115967 0.009210705757141113 0.003947436809539795
0 0.4383299648761749 0.5496807098388672 0.019737184047698975 0.020230650901794434
