0 0.380927711725235 0.5432660579681396 0.023026704788208008 0.033059775829315186
0 0.539153516292572 0.5284631848335266 0.009868383407592773 0.019244790077209473
0 0.7088877558708191 0.6414554715156555 0.1289447546005249 0.14555811882019043
0 0.07993561029434204 0.6315900087356567 0.0690801590681076 0.09523189067840576
0 0.3973753750324249 0.5338909029960632 0.03782963752746582 0.03700721263885498
0 0.30099210143089294 0.5570821166038513 0.07993561029434204 0.046875834465026855
0 0.42599427700042725 0.5215551853179932 0.010197550058364868 0.008388280868530273
0 0.4674423933029175 0.5269829034805298 0.03388217091560364 0.02368462085723877
0 0.38553306460380554 0.537838339805603 0.04046124219894409 0.03700721263885498
0 0.17106163501739502 0.6156334280967712 0.1615104079246521 0.16562426090240479
0 0.5447463989257812 0.5240223407745361 0.010197579860687256 0.017763495445251465
1 0.07039596885442734 0.5590558052062988 0.022039860486984253 0.06365245580673218
1 0.18783223628997803 0.5324106216430664 0.014473944902420044 0.028125524520874023
0 0.7977081537246704 0.5467194318771362 0.10098522901535034 0.05444014072418213
0 0.35354238748550415 0.5477069616317749 0.007236957550048828 0.017146587371826172
0 0.3496767282485962 0.5462260246276855 0.039968013763427734 0.03527987003326416
0 0.5632467269897461 0.5342603921890259 0.05592101812362671 0.0673559308052063
0 0.8628440499305725 0.5600427389144897 0.10855448246002197 0.05082327127456665
0 0.47204774618148804 0.5185946226119995 0.009210675954818726 0.003947436809539795
0 0.32977601885795593 0.5509134531021118 0.04967296123504639 0.03922843933105469
0 0.5161274671554565 0.5185946226119995 0.011842310428619385 0.01381605863571167
0 0.031990692019462585 0.6306031346321106 0.06398138403892517 0.16825950145721436
0 0.3865199089050293 0.537838339805603 0.02664521336555481 0.030592620372772217
0 0.5371804237365723 0.5200749039649963 0.01381605863571167 0.017763495445251465
0 0.49595052003860474 0.5220479965209961 0.01644766330718994 0.023684680461883545
1 0.3474391996860504 0.520764946937561 0.004276394844055176 0.006414592266082764
0 0.8858708143234253 0.5269829034805298 0.05329042673110962 0.046875834465026855
0 0.5776417255401611 0.5447463989257812 0.05065876245498657 0.06365245580673218
0 0.3477034568786621 0.5477069616317749 0.033224284648895264 0.033059775829315186
0 0.44096142053604126 0.541414737701416 0.03873279690742493 0.049710869789123535
0 0.5207327604293823 0.5501741170883179 0.04506653547286987 0.04983639717102051
0 0.35230880975723267 0.5427718162536621 0.048355549573898315 0.04218786954879761
0 0.26414936780929565 0.5778061151504517 0.04967191815376282 0.056744396686553955
0 0.47566622495651245 0.5171142816543579 0.007236957550048828 0.008388340473175049
0 0.9232804775238037 0.7875137329101562 0.15343910455703735 0.41250723600387573
0 0.8299487233161926 0.7060978412628174 0.2611887454986572 0.26053088903427124
0 0.519745945930481 0.5200749039649963 0.018421411514282227 0.015296339988708496
