1 0.12566009163856506 0.6256688833236694 0.06447481364011765 0.14260119199752808
1 0.47928470373153687 0.5565887093544006 0.03157949447631836 0.10460710525512695
1 0.29901838302612305 0.5935959219932556 0.06710642576217651 0.1731938123703003
1 0.09177792072296143 0.6330702900886536 0.031579501926898956 0.10460710525512695
0 0.6329058408737183 0.5269829034805298 0.1766478419303894 0.08980417251586914
1 0.06993503123521805 0.6173791885375977 0.0357239693403244 0.13273262977600098
1 0.39507269859313965 0.5669506788253784 0.028947889804840088 0.11990338563919067
0 0.43158650398254395 0.41398751735687256 0.004605352878570557 0.01085546612739563
0 0.44342881441116333 0.4095466136932373 0.005592226982116699 0.012335747480392456
0 0.9251719117164612 0.5477069616317749 0.14965617656707764 0.09671223163604736
0 0.27401793003082275 0.47171878814697266 0.030263692140579224 0.046875834465026855
1 0.318755567073822 0.4228692650794983 0.005921155214309692 0.017763465642929077
0 0.4264878034591675 0.41250693798065186 0.009210675954818726 0.011595755815505981
0 0.5893371105194092 0.4289930462837219 0.027632057666778564 0.06344977021217346
0 0.9073882102966309 0.8074632883071899 0.18522357940673828 0.38507336378097534
0 0.36046677827835083 0.4602711796760559 0.04006645083427429 0.052599549293518066
0 0.419415146112442 0.41398751735687256 0.008717238903045654 0.009621769189834595
0 0.3774266839027405 0.45247501134872437 0.027561575174331665 0.04282265901565552
0 0.3210582435131073 0.4731990694999695 0.059869468212127686 0.06463930010795593
1 0.361190527677536 0.48306769132614136 0.02368462085723877 0.07154729962348938
0 0.6210634708404541 0.4386589825153351 0.044079720973968506 0.0537838339805603
1 0.3618484139442444 0.4766530692577362 0.017763465642929077 0.0675998330116272
0 0.9690049290657043 0.48553481698036194 0.06199014186859131 0.0843765139579773
1 0.3924410939216614 0.5694178342819214 0.04177704453468323 0.13766688108444214
0 0.5452947020530701 0.7530147433280945 0.2539517879486084 0.3109840154647827
0 0.5125089883804321 0.5023114085197449 0.15263426303863525 0.09375163912773132
0 0.5243512392044067 0.42260855436325073 0.028488576412200928 0.05032053589820862
1 0.3960595726966858 0.5669506788253784 0.0289478600025177 0.12730485200881958
0 0.8085668087005615 0.4978705644607544 0.14539724588394165 0.08141589164733887
0 0.3036237359046936 0.4416195750236511 0.023026704788208008 0.017763465642929077
0 0.3250056505203247 0.4422774910926819 0.022039860486984253 0.011348813772201538
0 0.32280421257019043 0.4164546728134155 0.010197550058364868 0.013474434614181519
0 0.2878339886665344 0.4662913382053375 0.028947949409484863 0.04292839765548706
1 0.6355374455451965 0.6024776697158813 0.049342989921569824 0.1692463755607605
