0 0.3825724720954895 0.5126734972000122 0.010526508092880249 0.011842310428619385
0 0.5743521451950073 0.5176076889038086 0.018750309944152832 0.016776621341705322
0 0.2541697919368744 0.5279698371887207 0.02006642520427704 0.014802992343902588
0 0.3168755769729614 0.5105586647987366 0.02626928687095642 0.026715636253356934
0 0.24079367518424988 0.5299434661865234 0.00921069085597992 0.01381605863571167
0 0.4736921787261963 0.5802735686302185 0.06940904259681702 0.08881711959838867
0 0.4671134352684021 0.5156340599060059 0.008552789688110352 0.01381605863571167
0 0.491784930229187 0.5121800899505615 0.028947830200195312 0.051810115575790405
0 0.3213872015476227 0.5215551853179932 0.015460789203643799 0.011842310428619385
0 0.15296320617198944 0.5348777770996094 0.01611870527267456 0.021710872650146484
0 0.3365190625190735 0.5205683708190918 0.013816028833389282 0.011842310428619385
0 0.44704729318618774 0.505765438079834 0.03848749399185181 0.06463932991027832
0 0.36645376682281494 0.5126734972000122 0.022039860486984253 0.016776621341705322
0 0.2516491413116455 0.5718849897384644 0.07039596140384674 0.05871814489364624
0 0.19660308957099915 0.5325753688812256 0.016667440533638 0.021382629871368408
0 0.34540078043937683 0.5205683708190918 0.009210705757141113 0.006907999515533447
0 0.4723767042160034 0.5176077485084534 0.007236987352371216 0.008881688117980957
0 0.41448092460632324 0.5185946226119995 0.013816028833389282 0.016776621341705322
0 0.2861892282962799 0.5250091552734375 0.01611870527267456 0.01381605863571167
0 0.43717870116233826 0.5417857766151428 0.0325663685798645 0.038980960845947266
0 0.13103081285953522 0.5391542911529541 0.037391312420368195 0.02944159507751465
0 0.38980942964553833 0.5156340599060059 0.006579071283340454 0.00592118501663208
0 0.4769820272922516 0.5176077485084534 0.003947436809539795 0.009868621826171875
0 0.00427639065310359 0.5536280870437622 0.00855278130620718 0.02171093225479126
0 0.3057432174682617 0.5207877159118652 0.020504772663116455 0.016666948795318604
0 0.2674388885498047 0.5269829034805298 0.011184394359588623 0.010855436325073242
0 0.5348777770996094 0.5156340599060059 0.011184453964233398 0.01381605863571167
0 0.5049430131912231 0.5156340599060059 0.006579101085662842 0.01381605863571167
0 0.35658520460128784 0.5176077485084534 0.006579071283340454 0.010855436325073242
0 0.1775674819946289 0.5366543531417847 0.03177691996097565 0.023783326148986816
0 0.05329040810465813 0.5477069616317749 0.04243495315313339 0.031086087226867676
0 0.3957306146621704 0.5156340599060059 0.007236957550048828 0.006907999515533447
0 0.3493482172489166 0.5176077485084534 0.009210705757141113 0.010855436325073242
