0 0.5184301137924194 0.5921156406402588 0.08815944194793701 0.11398226022720337
1 0.9572535753250122 0.5482003688812256 0.014144957065582275 0.07204073667526245
0 0.3570786416530609 0.5245157480239868 0.01578974723815918 0.015296339988708496
0 0.6049448251724243 0.5309303402900696 0.033224284648895264 0.03848755359649658
0 0.5299434661865234 0.5111931562423706 0.010526478290557861 0.008388280868530273
1 0.00567444134503603 0.5782995820045471 0.01134888269007206 0.08684360980987549
0 0.15855541825294495 0.5467201471328735 0.01710556447505951 0.017270028591156006
1 0.6967227458953857 0.5235288739204407 0.00592118501663208 0.03157949447631836
1 0.4039544463157654 0.5560952425003052 0.010526508092880249 0.03157949447631836
0 0.5332330465316772 0.5200748443603516 0.009210646152496338 0.016776621341705322
1 0.8062641620635986 0.503298282623291 0.004605352878570557 0.020230621099472046
0 0.6684327721595764 0.5521478652954102 0.06085634231567383 0.06414586305618286
1 0.31449270248413086 0.5774846076965332 0.01687687635421753 0.08319693803787231
0 0.6250109672546387 0.5210617780685425 0.019079267978668213 0.02417808771133423
1 0.9842277765274048 0.5190880298614502 0.013487040996551514 0.057237863540649414
1 0.7658028602600098 0.540305495262146 0.010526478290557861 0.06414586305618286
1 0.3451378345489502 0.572230339050293 0.016612082719802856 0.08161318302154541
0 0.5274763107299805 0.517361044883728 0.010526478290557861 0.013569295406341553
1 0.7554284334182739 0.5324106216430664 0.014625847339630127 0.04372560977935791
1 0.7928134202957153 0.5274763107299805 0.010526478290557861 0.030702292919158936
1 0.47152143716812134 0.5523452162742615 0.014737099409103394 0.07056045532226562
0 0.512245774269104 0.5049759149551392 0.010526478290557861 0.014309436082839966
1 0.4280445873737335 0.5235289335250854 0.011412084102630615 0.018712103366851807
1 0.415138840675354 0.5718849897384644 0.010526478290557861 0.07993561029434204
1 0.14177879691123962 0.5279697179794312 0.005921155214309692 0.016776621341705322
1 0.9661353230476379 0.5452398061752319 0.014473915100097656 0.07500135898590088
0 0.546062171459198 0.5006666779518127 0.011513352394104004 0.020724058151245117
0 0.3368479907512665 0.5245157480239868 0.01578974723815918 0.015296339988708496
0 0.7835663557052612 0.6848803758621216 0.22401708364486694 0.24474114179611206
0 0.2791168689727783 0.5316705703735352 0.025164812803268433 0.017270028591156006
1 0.7812027931213379 0.5190880298614502 0.01251751184463501 0.02368462085723877
0 0.485754132270813 0.5121800303459167 0.00789487361907959 0.009704113006591797
0 0.49277177453041077 0.5037916898727417 0.021053016185760498 0.02417808771133423
0 0.534548819065094 0.5195814371109009 0.010526537895202637 0.017270028591156006
1 0.6914594769477844 0.5087260007858276 0.010526537895202637 0.01578974723815918
0 0.5516543984413147 0.508232593536377 0.009292960166931152 0.009128391742706299
0 0.5128378868103027 0.5324106216430664 0.027632057666778564 0.0212174654006958
0 0.5450752973556519 0.5210618376731873 0.01611870527267456 0.0212174654006958
1 0.39507269859313965 0.5886616110801697 0.024671494960784912 0.10806107521057129
0 0.3282952308654785 0.5269829034805298 0.009210675954818726 0.015296339988708496
1 0.6835646033287048 0.5106997489929199 0.008552789688110352 0.01776343584060669
1 0.39073824882507324 0.5686341524124146 0.021285206079483032 0.08890444040298462
1 0.7042886018753052 0.5190880298614502 0.004605352878570557 0.03602039813995361
1 0.9125159978866577 0.5210617780685425 0.008552730083465576 0.049836426973342896
1 0.4648107886314392 0.5743521451950073 0.02927681803703308 0.08783048391342163
1 0.3325716257095337 0.5595492720603943 0.017105549573898315 0.07549476623535156
1 0.1219320148229599 0.5434305667877197 0.00822383165359497 0.016776561737060547
1 0.42862600088119507 0.572378396987915 0.01578974723815918 0.08256715536117554
0 0.1384892612695694 0.5467201471328735 0.030592642724514008 0.016776621341705322
1 0.7935994863510132 0.5498040318489075 0.019819438457489014 0.058060288429260254
0 0.9413728713989258 0.6676103472709656 0.11725431680679321 0.17812812328338623
2 0.5749003887176514 0.5181012153625488 0.00592118501663208 0.019079267978668213
0 0.49112701416015625 0.5240223407745361 0.017105579376220703 0.022697746753692627
1 0.8279750347137451 0.5516543984413147 0.02171093225479126 0.06069183349609375
0 0.549351692199707 0.511522114276886 0.010526478290557861 0.013322591781616211
1 0.35319411754608154 0.5705186128616333 0.01796594262123108 0.08483213186264038
0 0.5174432992935181 0.5210617780685425 0.017105519771575928 0.02565830945968628
1 0.747525691986084 0.5430194139480591 0.009992003440856934 0.04135572910308838
1 0.4398103356361389 0.5649769902229309 0.02927681803703308 0.08536338806152344
1 0.820491373538971 0.5422792434692383 0.022451043128967285 0.06611955165863037
1 0.42007312178611755 0.5294500589370728 0.010526478290557861 0.026645183563232422
0 0.5592203140258789 0.5353711843490601 0.03519797325134277 0.04292839765548706
1 0.46777135133743286 0.5718849897384644 0.02105298638343811 0.07993561029434204
1 0.8937652707099915 0.5743521451950073 0.0212174654006958 0.06685972213745117
0 0.6542877554893494 0.611852765083313 0.1016465425491333 0.11102169752120972
0 0.5128379464149475 0.5210617780685425 0.020066142082214355 0.012829124927520752
1 0.6996833086013794 0.5235288739204407 0.004605352878570557 0.03157949447631836
0 0.4786267876625061 0.5136603116989136 0.003947436809539795 0.008388280868530273
0 0.506942093372345 0.5250091552734375 0.01627051830291748 0.025544464588165283
0 0.3611906170845032 0.5215551853179932 0.01282915472984314 0.010855436325073242
