0 0.027796538546681404 0.5304369330406189 0.05559307709336281 0.19490471482276917
0 0.4766530692577362 0.5210617780685425 0.024671494960784912 0.02713865041732788
1 0.5309303402900696 0.5200749039649963 0.011184453964233398 0.048356086015701294
1 0.4901401400566101 0.5802733302116394 0.047040313482284546 0.12829172611236572
0 0.18158212304115295 0.5605361461639404 0.13816028833389282 0.060691893100738525
0 0.5322461724281311 0.5235289335250854 0.038158535957336426 0.06957358121871948
0 0.9092264175415039 0.5516543984413147 0.1345418095588684 0.09917938709259033
1 0.0730275958776474 0.5866879224777222 0.028947878628969193 0.13371944427490234
0 0.48882433772087097 0.5166208744049072 0.02565830945968628 0.02368462085723877
0 0.4286259114742279 0.5245157480239868 0.043421804904937744 0.03602039813995361
