0 0.6625115871429443 0.4939231276512146 0.03486907482147217 0.03157949447631836
0 0.779289960861206 0.5309303402900696 0.06151425838470459 0.06463930010795593
0 0.8289618492126465 0.5432660579681396 0.08092242479324341 0.0828961730003357
0 0.10049518197774887 0.7860335111618042 0.20099036395549774 0.34490734338760376
0 0.637511134147644 0.5116865634918213 0.01578974723815918 0.01924377679824829
1 0.3814210891723633 0.5060122013092041 0.010526508092880249 0.06957358121871948
0 0.9559378027915955 0.560042679309845 0.08750152587890625 0.06759989261627197
1 0.8671204447746277 0.5146471261978149 0.005263209342956543 0.028125464916229248
1 0.4556000828742981 0.4944165349006653 0.009868592023849487 0.03157949447631836
1 0.44836312532424927 0.4944165349006653 0.01118442416191101 0.02368462085723877
0 0.6134975552558899 0.5077391862869263 0.03223741054534912 0.03454011678695679
0 0.6319189071655273 0.5102062821388245 0.017434537410736084 0.02368462085723877
0 0.7414603233337402 0.52303546667099 0.03684276342391968 0.048356086015701294
1 0.22533288598060608 0.5358646512031555 0.015131846070289612 0.05181014537811279
0 0.5233644247055054 0.5062588453292847 0.014802932739257812 0.04292839765548706
1 0.7394866347312927 0.49885740876197815 0.003618478775024414 0.006907999515533447
1 0.3386572003364563 0.523529052734375 0.018750309944152832 0.09572538733482361
0 0.446060448884964 0.6014907360076904 0.1536211371421814 0.19293099641799927
0 0.5638256072998047 0.5116865634918213 0.044079720973968506 0.062172144651412964
1 0.45263949036598206 0.4919493794441223 0.004605352878570557 0.025658339262008667
0 0.676985502243042 0.52303546667099 0.07072490453720093 0.07154729962348938
0 0.7213941812515259 0.5185946226119995 0.025000452995300293 0.03700721263885498
0 0.5335619449615479 0.5161274671554565 0.009210646152496338 0.01924377679824829
0 0.7092229127883911 0.5077391266822815 0.011842310428619385 0.02072402834892273
0 0.250333309173584 0.6483666300773621 0.20066139101982117 0.17812812328338623
0 0.5095483660697937 0.5131669044494629 0.04144808650016785 0.04835611581802368
1 0.44079717993736267 0.48750853538513184 0.00822383165359497 0.023520290851593018
