0 0.383888304233551 0.5866879224777222 0.04868507385253906 0.056744396686553955
0 0.19506919384002686 0.5827404260635376 0.06250108778476715 0.019737184047698975
0 0.4983638525009155 0.5506677627563477 0.006579071283340454 0.005921125411987305
0 0.1611870378255844 0.6676104068756104 0.1674371361732483 0.16677922010421753
0 0.49112701416015625 0.5516543388366699 0.005921155214309692 0.003947436809539795
0 0.49902188777923584 0.5625098943710327 0.01315811276435852 0.014802873134613037
0 0.5217196941375732 0.5634967088699341 0.011184394359588623 0.020724058151245117
0 0.5171142816543579 0.5625098943710327 0.006579101085662842 0.014802873134613037
0 0.47566622495651245 0.5556018352508545 0.004605352878570557 0.0049343109130859375
0 0.4727056622505188 0.5556018352508545 0.006908029317855835 0.008388280868530273
1 0.33553218841552734 0.573365330696106 0.006907999515533447 0.02565830945968628
0 0.5329040288925171 0.5679376125335693 0.019737184047698975 0.02565830945968628
0 0.46974506974220276 0.557575523853302 0.007236957550048828 0.00789487361907959
0 0.5095484256744385 0.5556018352508545 0.006907999515533447 0.009375154972076416
0 0.48421913385391235 0.5506677627563477 0.005263239145278931 0.006907999515533447
0 0.48158735036849976 0.5536280870437622 0.006579071283340454 0.006907999515533447
0 0.2669997215270996 0.5661282539367676 0.02138194441795349 0.025164902210235596
0 0.2963867783546448 0.5787930488586426 0.049342960119247437 0.02960580587387085
