0 0.500008761882782 0.43175095319747925 0.005592226982116699 0.008388310670852661
0 0.35099297761917114 0.43717870116233826 0.017434507608413696 0.016776621341705322
0 0.3095448911190033 0.457902729511261 0.07927769422531128 0.051810115575790405
0 0.469087153673172 0.43372470140457153 0.008552789688110352 0.012829184532165527
0 0.30066317319869995 0.4307641088962555 0.012500196695327759 0.005427718162536621
0 0.47040295600891113 0.4335272014141083 0.010789692401885986 0.011447429656982422
0 0.37007227540016174 0.45050132274627686 0.027303099632263184 0.02417805790901184
0 0.49079805612564087 0.43372470140457153 0.009210675954818726 0.012829184532165527
1 0.1996745467185974 0.46826475858688354 0.014144986867904663 0.04736927151679993
0 0.480271577835083 0.4327378273010254 0.009210675954818726 0.01282915472984314
1 0.4444156885147095 0.4366852641105652 0.005263239145278931 0.01578974723815918
0 0.4592185914516449 0.4401392936706543 0.01611870527267456 0.016776591539382935
1 0.158445805311203 0.4671134054660797 0.011294081807136536 0.04325735569000244
1 0.024671483784914017 0.4455670118331909 0.010526500642299652 0.03157949447631836
0 0.5687599182128906 0.43915241956710815 0.004934251308441162 0.007401466369628906
0 0.15896660089492798 0.6917884349822998 0.31793320178985596 0.3424401879310608
0 0.3766513466835022 0.43027055263519287 0.02730312943458557 0.018750309944152832
0 0.48520585894584656 0.43372470140457153 0.003618478775024414 0.0074014365673065186
0 0.33158475160598755 0.4307641386985779 0.028947889804840088 0.008388310670852661
0 0.47040295600891113 0.4327378273010254 0.008552759885787964 0.0074014365673065186
0 0.5118510723114014 0.43717870116233826 0.005592226982116699 0.010362029075622559
0 0.3460586667060852 0.4539552927017212 0.0289478600025177 0.04292836785316467
0 0.1559237837791443 0.43175098299980164 0.0230267196893692 0.01578974723815918
1 0.1500026285648346 0.46826475858688354 0.013487070798873901 0.049342960119247437
0 0.5829049348831177 0.43717873096466064 0.021710872650146484 0.013816028833389282
0 0.4437577724456787 0.43372470140457153 0.01842138171195984 0.012829184532165527
0 0.2288198471069336 0.4341192841529846 0.02131618559360504 0.010361999273300171
0 0.4937586188316345 0.43372470140457153 0.0055921971797943115 0.010362029075622559
0 0.36250633001327515 0.4613567590713501 0.009210675954818726 0.01578974723815918
0 0.49639028310775757 0.6759986877441406 0.20789840817451477 0.3034592270851135
1 0.779289960861206 0.49639028310775757 0.02927684783935547 0.08240273594856262
0 0.27456629276275635 0.43438249826431274 0.01118442416191101 0.0074014365673065186
0 0.5069167613983154 0.43717870116233826 0.005592226982116699 0.008388280868530273
1 0.18141767382621765 0.4636080265045166 0.005335211753845215 0.024208933115005493
1 0.5966113805770874 0.4360547363758087 0.00588458776473999 0.016337990760803223
0 0.29507094621658325 0.4307641386985779 0.017434507608413696 0.0074014365673065186
0 0.4171125590801239 0.4401392936706543 0.028947889804840088 0.01875033974647522
1 0.1750030666589737 0.4534618854522705 0.00822383165359497 0.016776621341705322
