0 0.5204038619995117 0.8104273080825806 0.35354021191596985 0.37914538383483887
1 0.3401375412940979 0.5560952425003052 0.010526508092880249 0.06414586305618286
0 0.5184301137924194 0.5264894962310791 0.010526478290557861 0.014309465885162354
0 0.09457412362098694 0.5686779022216797 0.015131838619709015 0.019737184047698975
1 0.7276443243026733 0.540305495262146 0.012829184532165527 0.04736924171447754
1 0.8437647819519043 0.5146471858024597 0.00662606954574585 0.03157952427864075
0 0.5243512988090515 0.5309303402900696 0.011513352394104004 0.01578974723815918
0 0.5480359196662903 0.5407989025115967 0.043750762939453125 0.02565830945968628
1 0.33976149559020996 0.5630033016204834 0.015789777040481567 0.060691893100738525
1 0.7980402708053589 0.5508297681808472 0.010526537895202637 0.06414586305618286
1 0.3659524917602539 0.5886616706848145 0.028450697660446167 0.08783048391342163
1 0.1171073168516159 0.5718849897384644 0.010526500642299652 0.01578974723815918
1 0.9292937517166138 0.5582201480865479 0.017611145973205566 0.06513267755508423
1 0.9767942428588867 0.570306658744812 0.021053016185760498 0.07993561029434204
1 0.37289828062057495 0.5606482028961182 0.017987757921218872 0.07204073667526245
0 0.5289566516876221 0.5161275863647461 0.013158142566680908 0.018914997577667236
1 0.7523157596588135 0.5210617780685425 0.00822383165359497 0.031579554080963135
0 0.14934471249580383 0.5605361461639404 0.028618916869163513 0.022204339504241943
1 0.9089648723602295 0.5553054213523865 0.021710872650146484 0.07802796363830566
1 0.991028368473053 0.5605361461639404 0.017943263053894043 0.07973819971084595
0 0.1674371361732483 0.5560952425003052 0.027632057666778564 0.02615177631378174
0 0.471061110496521 0.5368515253067017 0.014802753925323486 0.017270028591156006
1 0.3546713590621948 0.540305495262146 0.010526508092880249 0.01578974723815918
0 0.4730345904827118 0.5195814371109009 0.022697746753692627 0.02417808771133423
1 0.34914496541023254 0.56843101978302 0.019408226013183594 0.05852961540222168
0 0.534548819065094 0.5240223407745361 0.010526299476623535 0.014309465885162354
1 0.8252489566802979 0.5491872429847717 0.013487100601196289 0.05526411533355713
0 0.49112701416015625 0.5368515253067017 0.017105579376220703 0.019737184047698975
1 0.29751330614089966 0.5886616110801697 0.02279198169708252 0.07154726982116699
0 0.5128378868103027 0.5264894962310791 0.005592167377471924 0.011348903179168701
1 0.657248318195343 0.531423807144165 0.00789487361907959 0.022697746753692627
1 0.8121852874755859 0.5491872429847717 0.01578974723815918 0.05181014537811279
1 0.372374951839447 0.5560952425003052 0.010526508092880249 0.04835611581802368
0 0.3134923279285431 0.5437595248222351 0.033224284648895264 0.022697806358337402
1 0.12533114850521088 0.5630033016204834 0.015789754688739777 0.030592620372772217
0 0.040461234748363495 0.5743521451950073 0.02960578352212906 0.02615177631378174
1 0.034762054681777954 0.6587285995483398 0.04835662990808487 0.16957587003707886
0 0.29362350702285767 0.5402066707611084 0.01664474606513977 0.014901459217071533
0 0.45494216680526733 0.537838339805603 0.022697746753692627 0.022697746753692627
1 0.1365155428647995 0.6518206596374512 0.04276391118764877 0.15296322107315063
1 0.6592220664024353 0.6350439786911011 0.051645636558532715 0.16431206464767456
0 0.5108642578125 0.5240223407745361 0.007565915584564209 0.008388280868530273
1 0.6967227458953857 0.6439257860183716 0.07269865274429321 0.18799668550491333
0 0.48981109261512756 0.5240223407745361 0.010855555534362793 0.011348903179168701
1 0.3603460192680359 0.5766788721084595 0.015131860971450806 0.06872802972793579
1 0.1381603181362152 0.636030912399292 0.05329040437936783 0.14309459924697876
0 0.5023114085197449 0.5264894962310791 0.011513352394104004 0.012829184532165527
0 0.878131628036499 0.8397263288497925 0.24373674392700195 0.32054734230041504
0 0.4766530990600586 0.5353711843490601 0.014144986867904663 0.017270028591156006
1 0.36415112018585205 0.5931024551391602 0.02631625533103943 0.08931082487106323
1 0.7342233657836914 0.5412923693656921 0.012171268463134766 0.0439152717590332
0 0.46053439378738403 0.5264894962310791 0.008552759885787964 0.008388340473175049
0 0.275827020406723 0.5452398061752319 0.02138197422027588 0.016776561737060547
