0 0.6891567707061768 0.5516543388366699 0.1536211371421814 0.07993561029434204
1 0.9450823068618774 0.5664572715759277 0.028618931770324707 0.0789487361907959
1 0.8365278244018555 0.5852075815200806 0.024342477321624756 0.04983639717102051
0 0.5003377199172974 0.5437595248222351 0.06381693482398987 0.05279695987701416
0 0.5940893292427063 0.5486937761306763 0.053948283195495605 0.04588896036148071
0 0.46185019612312317 0.5240223407745361 0.05526411533355713 0.030099213123321533
0 0.3305978775024414 0.5556018352508545 0.07730397582054138 0.038980960845947266
0 0.14441043138504028 0.6636629104614258 0.18487165868282318 0.1865164041519165
0 0.41974419355392456 0.5457332134246826 0.041119158267974854 0.04391521215438843
0 0.05822470411658287 0.5935959219932556 0.11644940823316574 0.08585679531097412
0 0.45856064558029175 0.5457332134246826 0.05329039692878723 0.04588896036148071
0 0.7118545770645142 0.5718849897384644 0.15230530500411987 0.07105386257171631
0 0.5529701709747314 0.5457332134246826 0.0578957200050354 0.04588896036148071
0 0.21217477321624756 0.5536280870437622 0.08322514593601227 0.05082327127456665
