1 0.5604543685913086 0.4541392922401428 0.0063318610191345215 0.020291954278945923
0 0.7533026933670044 0.5738587379455566 0.12138372659683228 0.13125228881835938
0 0.3881646990776062 0.4954034090042114 0.03223741054534912 0.03454005718231201
0 0.5611940622329712 0.4954034090042114 0.02861887216567993 0.03454005718231201
0 0.8658046126365662 0.6261622905731201 0.20987212657928467 0.1904638409614563
1 0.6789592504501343 0.500831127166748 0.011513352394104004 0.03009924292564392
0 0.5381673574447632 0.460863322019577 0.011184394359588623 0.02368462085723877
0 0.5713915824890137 0.5072454810142517 0.03059232234954834 0.03552672266960144
1 0.2672750651836395 0.486850380897522 0.011184334754943848 0.01677650213241577
0 0.4204021096229553 0.5146471261978149 0.04144808650016785 0.056744396686553955
1 0.6033651828765869 0.51395583152771 0.013158142566680908 0.04865163564682007
1 0.4083958864212036 0.4512408673763275 0.0055921971797943115 0.017270028591156006
1 0.7280823588371277 0.5057643055915833 0.01743471622467041 0.04062417149543762
1 0.7131704092025757 0.5067522525787354 0.01611870527267456 0.0325663685798645
0 0.4858637750148773 0.48010706901550293 0.09835702180862427 0.1381603181362152
1 0.37040120363235474 0.49096256494522095 0.011513382196426392 0.03700724244117737
0 0.5565887093544006 0.4825742244720459 0.035855889320373535 0.043915241956710815
0 0.43158650398254395 0.4579027593135834 0.01842138171195984 0.024671494960784912
0 0.6825777292251587 0.5560952425003052 0.07829082012176514 0.0828961730003357
1 0.16052912175655365 0.5595492720603943 0.054277271032333374 0.12089025974273682
1 0.58487868309021 0.4703361988067627 0.007565915584564209 0.03552696108818054
0 0.2963867783546448 0.48553478717803955 0.038487523794174194 0.038487523794174194
0 0.4858637750148773 0.5491872429847717 0.11217302083969116 0.1036202609539032
0 0.4361918568611145 0.4495144486427307 0.009210675954818726 0.006907999515533447
0 0.20888522267341614 0.5807667374610901 0.12434427440166473 0.11743628978729248
0 0.49671924114227295 0.6513271331787109 0.15263429284095764 0.2057601809501648
0 0.5371804237365723 0.5047785639762878 0.009210646152496338 0.038487523794174194
0 0.41777047514915466 0.4731990694999695 0.028618931770324707 0.033059775829315186
0 0.25960975885391235 0.5450424551963806 0.09677805006504059 0.11329150199890137
0 0.4305996298789978 0.46234363317489624 0.017434507608413696 0.02072402834892273
1 0.5822470188140869 0.4727056324481964 0.010526478290557861 0.035526931285858154
1 0.6592220664024353 0.508232593536377 0.017105579376220703 0.056744396686553955
0 0.962919294834137 0.7006701231002808 0.07416141033172607 0.21661561727523804
0 0.401125431060791 0.48770594596862793 0.025263607501983643 0.029211074113845825
