1 0.702643871307373 0.508232593536377 0.007565915584564209 0.020230591297149658
0 0.4148098826408386 0.5299434661865234 0.030263692140579224 0.030592620372772217
1 0.028947874903678894 0.7070847749710083 0.05690889060497284 0.19885212182998657
1 0.08750153332948685 0.6690906286239624 0.04079018533229828 0.23191195726394653
1 0.3930021822452545 0.6632067561149597 0.1048852801322937 0.23802173137664795
1 0.1809242218732834 0.6700775623321533 0.09177792072296143 0.23684626817703247
1 0.4723767042160034 0.659715473651886 0.07829084992408752 0.2230302095413208
0 0.5161274671554565 0.48948222398757935 0.009210705757141113 0.009868592023849487
0 0.44145509600639343 0.5516543388366699 0.05329042673110962 0.059211552143096924
1 0.3305978775024414 0.5491872429847717 0.01875033974647522 0.028125524520874023
0 0.5631677508354187 0.5077391266822815 0.007236957550048828 0.017763465642929077
1 0.537838339805603 0.6241885423660278 0.04671132564544678 0.19737184047698975
0 0.5740231871604919 0.52303546667099 0.009210705757141113 0.02615177631378174
1 0.5063676834106445 0.5562597513198853 0.02894771099090576 0.10065966844558716
1 0.7417892813682556 0.533890962600708 0.014473915100097656 0.05970495939254761
1 0.5996769666671753 0.6498479843139648 0.05443871021270752 0.20255452394485474
0 0.6031357645988464 0.5089733004570007 0.055757761001586914 0.0799349844455719
1 0.534548819065094 0.6355374455451965 0.04572451114654541 0.19885218143463135
0 0.47204774618148804 0.537838339805603 0.025658339262008667 0.03996783494949341
1 0.031579501926898956 0.5822470188140869 0.021381953731179237 0.09671223163604736
1 0.9708963632583618 0.6597155332565308 0.05820721387863159 0.24720829725265503
0 0.5325751304626465 0.5077391266822815 0.01842135190963745 0.02072402834892273
1 0.6381690502166748 0.5590558052062988 0.02203989028930664 0.10065966844558716
0 0.5565886497497559 0.503298282623291 0.010197579860687256 0.015296339988708496
1 0.42731010913848877 0.6547812223434448 0.03486901521682739 0.22154992818832397
1 0.730604887008667 0.5195814371109009 0.013487100601196289 0.05230352282524109
1 0.7756714820861816 0.5477069616317749 0.03980332612991333 0.10460710525512695
1 0.2020491063594818 0.6488602757453918 0.04693062603473663 0.19205403327941895
0 0.5049430131912231 0.5102062821388245 0.020395100116729736 0.02368462085723877
1 0.5394830703735352 0.6241885423660278 0.04769819974899292 0.18997043371200562
1 0.7348812818527222 0.6394848823547363 0.06973803043365479 0.20279955863952637
1 0.01611870341002941 0.6626760959625244 0.03157949820160866 0.18355584144592285
1 0.6822487115859985 0.5178544521331787 0.01019752025604248 0.04268163442611694
1 0.06710644066333771 0.7110321521759033 0.0884883925318718 0.2827351689338684
0 0.26217564940452576 0.6069185137748718 0.21447743475437164 0.14358806610107422
0 0.6431033611297607 0.5047785639762878 0.02927684783935547 0.02615177631378174
0 0.4904690980911255 0.5077391266822815 0.024013608694076538 0.02615174651145935
1 0.234543576836586 0.6676103472709656 0.0730275809764862 0.2151353359222412
0 0.8940945863723755 0.5807667374610901 0.19145071506500244 0.11299538612365723
1 0.2837190330028534 0.64910888671875 0.06628751754760742 0.21414846181869507
0 0.48125842213630676 0.5077391862869263 0.01578974723815918 0.022204339504241943
1 0.00427639065310359 0.5644835233688354 0.004934296943247318 0.07006698846817017
1 0.6710643768310547 0.5185946226119995 0.01611870527267456 0.054770708084106445
0 0.35230880975723267 0.5531346797943115 0.022039860486984253 0.041448116302490234
1 0.3789539933204651 0.6789592504501343 0.10296231508255005 0.2511557340621948
1 0.27961015701293945 0.6690906286239624 0.05592203140258789 0.2699059844017029
1 0.38304758071899414 0.5289566516876221 0.010197550058364868 0.033936917781829834
1 0.2822417616844177 0.5274763107299805 0.013487070798873901 0.02417808771133423
1 0.70001220703125 0.5097128748893738 0.007565915584564209 0.015296339988708496
1 0.4087212085723877 0.5457341074943542 0.01743510365486145 0.04588782787322998
1 0.04671134427189827 0.5871813297271729 0.02039509266614914 0.09572535753250122
0 0.5023114681243896 0.4939231276512146 0.017434537410736084 0.015296339988708496
1 0.472202867269516 0.5072457194328308 0.232685387134552 0.07595908641815186
1 0.1325681060552597 0.6843869686126709 0.07236968725919724 0.2827352285385132
1 0.6602089405059814 0.5146471858024597 0.011184394359588623 0.03207293152809143
1 0.6602089405059814 0.5605361461639404 0.03750067949295044 0.09177792072296143
1 0.645734965801239 0.5171142816543579 0.008552789688110352 0.033059775829315186
0 0.292439341545105 0.5215551853179932 0.10592290759086609 0.09375166893005371
