0 0.4957323670387268 0.5373449325561523 0.00789487361907959 0.010855436325073242
0 0.44836312532424927 0.5442529320716858 0.009868592023849487 0.013815999031066895
0 0.4743503928184509 0.5353711843490601 0.004605323076248169 0.00789487361907959
0 0.4250074625015259 0.5472135543823242 0.017434507608413696 0.021217525005340576
0 0.4554120898246765 0.5477774143218994 0.0028195977210998535 0.006907999515533447
0 0.46448183059692383 0.5417858362197876 0.005921095609664917 0.006414532661437988
0 0.4634949564933777 0.5383317470550537 0.005263268947601318 0.006907999515533447
0 0.49918633699417114 0.5847142934799194 0.052303582429885864 0.057484567165374756
0 0.49639028310775757 0.5452398061752319 0.02138197422027588 0.014802932739257812
0 0.47040295600891113 0.5468844175338745 0.01611870527267456 0.01924377679824829
0 0.4494595527648926 0.5403058528900146 0.008187443017959595 0.012171387672424316
0 0.4361918568611145 0.5452398061752319 0.009868592023849487 0.012829184532165527
0 0.40823084115982056 0.5531346797943115 0.02072402834892273 0.024178028106689453
0 0.3937568664550781 0.5501741170883179 0.013487070798873901 0.01924377679824829
0 0.18552955985069275 0.5753390192985535 0.05460621416568756 0.024178028106689453
0 0.13881821930408478 0.5743521451950073 0.0460534393787384 0.03602039813995361
1 0.0365137979388237 0.5876747369766235 0.017763467505574226 0.038980960845947266
0 0.35888785123825073 0.5654704570770264 0.03190845251083374 0.03799408674240112
0 0.4125070869922638 0.5427724719047546 0.015131890773773193 0.028125524520874023
0 0.042599428445100784 0.670570969581604 0.08519885689020157 0.13322597742080688
