0 0.47796881198883057 0.5486946105957031 0.00690808892250061 0.009868621826171875
0 0.4829031825065613 0.5477069616317749 0.004605352878570557 0.006907999515533447
0 0.49902188777923584 0.5556018352508545 0.01315811276435852 0.01578974723815918
0 0.5256670713424683 0.5605361461639404 0.018092453479766846 0.02713865041732788
0 0.5164563655853271 0.5565886497497559 0.011842310428619385 0.01776343584060669
0 0.4572448432445526 0.5546149611473083 0.009210705757141113 0.009868621826171875
0 0.44869205355644226 0.5541214942932129 0.012500226497650146 0.014309465885162354
1 0.007730398327112198 0.6236951351165771 0.015460796654224396 0.07746845483779907
0 0.5417857766151428 0.5664572715759277 0.027961015701293945 0.03602039813995361
0 0.43915241956710815 0.5595492720603943 0.014473915100097656 0.014802932739257812
0 0.5062588453292847 0.5491872429847717 0.00822383165359497 0.010362029075622559
0 0.47467947006225586 0.5506683588027954 0.009210675954818726 0.011842310428619385
0 0.4681002199649811 0.5516549348831177 0.010197460651397705 0.011842310428619385
0 0.4865216612815857 0.5467200875282288 0.003289550542831421 0.005921125411987305
