0 0.13191020488739014 0.49140655994415283 0.037369050085544586 0.018010109663009644
1 0.478624165058136 0.4999065697193146 0.013775169849395752 0.019737184047698975
0 0.6215568780899048 0.508232593536377 0.03125053644180298 0.02195766568183899
0 0.2230302095413208 0.48701512813568115 0.015789732336997986 0.009868592023849487
0 0.8138980865478516 0.5110910534858704 0.014995694160461426 0.012624979019165039
1 0.16651651263237 0.4766530990600586 0.004605352878570557 0.008388310670852661
0 0.1404629796743393 0.5195814371109009 0.05427726358175278 0.054277271032333374
0 0.5404700040817261 0.5250091552734375 0.045724451541900635 0.0325663685798645
0 0.10362023115158081 0.5037916898727417 0.04736924171447754 0.025658339262008667
0 0.584286630153656 0.5303381681442261 0.059540748596191406 0.042040228843688965
0 0.03618484362959862 0.49688369035720825 0.03881646692752838 0.028618931770324707
0 0.021957620978355408 0.6034644842147827 0.043915241956710815 0.1041136384010315
0 0.6572483777999878 0.5136603116989136 0.026645243167877197 0.017270028591156006
0 0.23750415444374084 0.477023184299469 0.008306026458740234 0.017270058393478394
0 0.2536228597164154 0.5210617184638977 0.04079020023345947 0.04687580466270447
0 0.7664607763290405 0.5272295475006104 0.03750038146972656 0.04194122552871704
0 0.14342355728149414 0.4880019426345825 0.03752412647008896 0.02682146430015564
0 0.34276914596557617 0.605832576751709 0.10302838683128357 0.11694222688674927
0 0.6533008813858032 0.5353711843490601 0.0634879469871521 0.04835611581802368
0 0.0730275958776474 0.5738587379455566 0.09112001210451126 0.06710642576217651
0 0.930016279220581 0.5258973240852356 0.053093135356903076 0.05970501899719238
0 0.8536333441734314 0.5060120820999146 0.05460619926452637 0.041448116302490234
0 0.7207362651824951 0.5393186211585999 0.0578957200050354 0.04983639717102051
0 0.15098948776721954 0.7144861817359924 0.2944130599498749 0.29309725761413574
1 0.2983604669570923 0.5195814371109009 0.011513382196426392 0.043915241956710815
0 0.011924550868570805 0.5097128748893738 0.02384910173714161 0.030099183320999146
1 0.8776469230651855 0.5393186807632446 0.027632057666778564 0.04144805669784546
0 0.18736228346824646 0.5264894962310791 0.042763903737068176 0.03876948356628418
0 0.6914594173431396 0.5181012153625488 0.036184847354888916 0.03996783494949341
0 0.7437629699707031 0.5067522525787354 0.021053016185760498 0.019737184047698975
0 0.4937586486339569 0.5921156406402588 0.12072581052780151 0.06654125452041626
0 0.20987209677696228 0.4727056324481964 0.014144986867904663 0.017270028591156006
0 0.6562614440917969 0.4924428462982178 0.055099666118621826 0.04292836785316467
0 0.19572710990905762 0.48553478717803955 0.020066142082214355 0.02417805790901184
0 0.7121835350990295 0.5037916898727417 0.008552789688110352 0.008388340473175049
0 0.7513289451599121 0.5195814371109009 0.027632057666778564 0.03404664993286133
0 0.1575685441493988 0.5580689907073975 0.13585764169692993 0.03996777534484863
0 0.8963972330093384 0.5052720308303833 0.03026372194290161 0.014309465885162354
0 0.8935821056365967 0.6399166584014893 0.21283572912216187 0.19342440366744995
0 0.1054295152425766 0.4833143353462219 0.018585875630378723 0.02121749520301819
0 0.07128861546516418 0.49455761909484863 0.025376413017511368 0.026715725660324097
0 0.22039858996868134 0.4758855104446411 0.01611870527267456 0.020066171884536743
0 0.17566096782684326 0.4727056622505188 0.021710902452468872 0.011348873376846313
0 0.12335742264986038 0.4766530692577362 0.015131846070289612 0.017270028591156006
0 0.9782978296279907 0.5393186807632446 0.043404340744018555 0.06118530035018921
1 0.3493482172489166 0.4712253510951996 0.006579041481018066 0.019737184047698975
0 0.0634879544377327 0.4840545058250427 0.0075659193098545074 0.011348873376846313
0 0.2401357889175415 0.5778061151504517 0.08199161291122437 0.08240276575088501
0 0.20888523757457733 0.500831127166748 0.02368462085723877 0.03009924292564392
1 0.17368724942207336 0.47566622495651245 0.0055921971797943115 0.0212174654006958
0 0.2250039279460907 0.5067523121833801 0.03125055134296417 0.03996780514717102
1 0.7855400443077087 0.5151405930519104 0.017105579376220703 0.028618931770324707
0 0.14638414978981018 0.48287031054496765 0.035987451672554016 0.0212174654006958
0 0.7100635766983032 0.4983639717102051 0.030263662338256836 0.0212174654006958
0 0.04582124575972557 0.48956936597824097 0.030321745201945305 0.02417805790901184
0 0.7217231392860413 0.509712815284729 0.028618931770324707 0.017270028591156006
0 0.26414936780929565 0.4998442530632019 0.06184318661689758 0.07105386257171631
0 0.0787842720746994 0.48356109857559204 0.01565268635749817 0.012253522872924805
0 0.99433434009552 0.7130059003829956 0.011331379413604736 0.045395493507385254
0 0.36645376682281494 0.5778061747550964 0.06861963868141174 0.09375166893005371
0 0.22401708364486694 0.4810939431190491 0.01611870527267456 0.017270028591156006
0 0.633563756942749 0.5279697179794312 0.03421109914779663 0.035526931285858154
0 0.4861927032470703 0.7476381063461304 0.22410917282104492 0.28124183416366577
0 0.008799496106803417 0.7228745222091675 0.017598992213606834 0.13964062929153442
0 0.08750152587890625 0.4741859436035156 0.024671487510204315 0.01282915472984314
0 0.4809955060482025 0.5583661794662476 0.10164648294448853 0.11645001173019409
0 0.29901838302612305 0.4712253510951996 0.009539633989334106 0.014309465885162354
0 0.08399266004562378 0.4810939431190491 0.022697769105434418 0.017270028591156006
0 0.10263337194919586 0.4766530692577362 0.016118697822093964 0.014309465885162354
0 0.7760003805160522 0.5037916898727417 0.021053016185760498 0.008388340473175049
