0 0.415138840675354 0.4401392936706543 0.03684276342391968 0.02368462085723877
0 0.5868524312973022 0.4539553225040436 0.05625098943710327 0.02368462085723877
0 0.35230880975723267 0.43569841980934143 0.022039860486984253 0.022204339504241943
0 0.5702731609344482 0.45099472999572754 0.025329411029815674 0.019934535026550293
0 0.474802702665329 0.4289754629135132 0.03260749578475952 0.017270058393478394
0 0.9483718872070312 0.4455670118331909 0.09671217203140259 0.16036462783813477
0 0.5204038619995117 0.4248429536819458 0.03519797325134277 0.016776621341705322
0 0.4187573194503784 0.4554356038570404 0.05263251066207886 0.027632057666778564
0 0.34145334362983704 0.4440867304801941 0.011184394359588623 0.022204339504241943
0 0.4401392936706543 0.4263232350349426 0.030592650175094604 0.016776591539382935
0 0.4519816040992737 0.4263232350349426 0.01842138171195984 0.02072402834892273
0 0.3654669225215912 0.4248429536819458 0.035855889320373535 0.016776621341705322
0 0.4483630955219269 0.4746793508529663 0.035855889320373535 0.03750064969062805
0 0.6181029081344604 0.45691588521003723 0.003947436809539795 0.017270028591156006
0 0.07927770912647247 0.4870150685310364 0.111515112221241 0.09128448367118835
1 0.1575685441493988 0.46826475858688354 0.026645198464393616 0.07845529913902283
0 0.009210687130689621 0.4593830108642578 0.017434515058994293 0.11496910452842712
