0 0.560865044593811 0.43717870116233826 0.03421109914779663 0.02615177631378174
0 0.6753407716751099 0.42731010913848877 0.04506659507751465 0.04983639717102051
0 0.6098790764808655 0.43175095319747925 0.04440867900848389 0.03996780514717102
0 0.5092194080352783 0.4495144486427307 0.04144808650016785 0.04835611581802368
0 0.6707354187965393 0.6182674169540405 0.13552868366241455 0.1480289101600647
0 0.753631591796875 0.4608633518218994 0.035855889320373535 0.05822470784187317
0 0.7658028602600098 0.4041188955307007 0.01644766330718994 0.04292836785316467
0 0.5700757503509521 0.47171878814697266 0.11908102035522461 0.06365242600440979
0 0.3532956540584564 0.48158735036849976 0.023026704788208008 0.03898093104362488
0 0.5931024551391602 0.5491872429847717 0.07565921545028687 0.08585679531097412
