0 0.5802732706069946 0.49639028310775757 0.009539663791656494 0.03157952427864075
1 0.7281043529510498 0.5051730871200562 0.01023036241531372 0.0398695170879364
0 0.5437594652175903 0.4820808172225952 0.012500226497650146 0.023191183805465698
0 0.43125754594802856 0.4919494092464447 0.01842135190963745 0.024671494960784912
0 0.5467201471328735 0.48750853538513184 0.007565915584564209 0.020230621099472046
0 0.3753355145454407 0.5166208744049072 0.020066142082214355 0.04490208625793457
0 0.4699404239654541 0.4672779142856598 0.010526508092880249 0.011052072048187256
1 0.637511134147644 0.5156340003013611 0.017105519771575928 0.06759986281394958
1 0.8121020793914795 0.5346313118934631 0.020970642566680908 0.07944226264953613
1 0.8858708143234253 0.5482003688812256 0.011184394359588623 0.05625098943710327
0 0.5062588453292847 0.47171878814697266 0.006579041481018066 0.009868592023849487
0 0.38125666975975037 0.5047785639762878 0.04046124219894409 0.053290367126464844
0 0.5552728772163391 0.4904690980911255 0.01743447780609131 0.02615177631378174
0 0.46382391452789307 0.4806005358695984 0.009539633989334106 0.011348873376846313
1 0.7345514893531799 0.5111931562423706 0.012664318084716797 0.05526387691497803
0 0.4013228118419647 0.5023114085197449 0.01842135190963745 0.04490208625793457
0 0.47533726692199707 0.4845479726791382 0.01842135190963745 0.023191183805465698
0 0.5756679773330688 0.49342969059944153 0.023026704788208008 0.033059775829315186
1 0.25460973381996155 0.5156340599060059 0.015131846070289612 0.05871814489364624
1 0.915147602558136 0.5822470188140869 0.02993476390838623 0.11842310428619385
0 0.4973769187927246 0.47023850679397583 0.005921155214309692 0.004440873861312866
0 0.49671921133995056 0.480600506067276 0.012500226497650146 0.014309465885162354
1 0.27131056785583496 0.5094842910766602 0.015664011240005493 0.060084760189056396
1 0.15526586771011353 0.5551084280014038 0.021710917353630066 0.10263341665267944
1 0.31668657064437866 0.4951217770576477 0.011184394359588623 0.01924481987953186
1 0.6610296368598938 0.514400839805603 0.014638781547546387 0.05625098943710327
1 0.986686110496521 0.5842207670211792 0.026627719402313232 0.1307588815689087
0 0.4322444200515747 0.48898881673812866 0.020066142082214355 0.027632087469100952
0 0.3503350615501404 0.518101155757904 0.0444086492061615 0.0577312707901001
0 0.41086244583129883 0.503298282623291 0.012500226497650146 0.030099183320999146
1 0.3243477940559387 0.49096253514289856 0.00822383165359497 0.022697746753692627
1 0.7654228210449219 0.5067523121833801 0.018497228622436523 0.026266008615493774
0 0.4263232350349426 0.49342966079711914 0.016447633504867554 0.02615174651145935
1 0.7516579031944275 0.5516543388366699 0.028618931770324707 0.08783048391342163
0 0.40882259607315063 0.5032986402511597 0.006579071283340454 0.030099183320999146
1 0.7031339406967163 0.5213078856468201 0.012336254119873047 0.03429257869720459
0 0.5756679773330688 0.4978705644607544 0.013487100601196289 0.030099183320999146
1 0.6855382919311523 0.4954034090042114 0.004605352878570557 0.014802902936935425
0 0.32632148265838623 0.5294500589370728 0.0615142285823822 0.06365242600440979
0 0.45231056213378906 0.48306766152381897 0.007565945386886597 0.027632057666778564
1 0.24474112689495087 0.5156340599060059 0.014144986867904663 0.05871814489364624
0 0.5486937761306763 0.486028254032135 0.007565915584564209 0.021710902452468872
0 0.4243495464324951 0.49491000175476074 0.014473944902420044 0.026151806116104126
1 0.9598793983459473 0.5726231336593628 0.03157949447631836 0.11323601007461548
0 0.43941473960876465 0.4770481288433075 0.023421257734298706 0.041349709033966064
0 0.9161344766616821 0.8252935409545898 0.1674371361732483 0.3494129776954651
0 0.5996814966201782 0.4978705644607544 0.035526931285858154 0.05032983422279358
0 0.5697467923164368 0.4904690980911255 0.025000452995300293 0.03157949447631836
1 0.5990780591964722 0.5025580525398254 0.01058131456375122 0.040831178426742554
1 0.708104133605957 0.4918508529663086 0.011052846908569336 0.020921558141708374
0 0.5322461128234863 0.486028254032135 0.01842135190963745 0.024671465158462524
1 0.30033421516418457 0.5052720308303833 0.01118442416191101 0.04490211606025696
0 0.480271577835083 0.47615963220596313 0.007565945386886597 0.009868592023849487
1 0.2827534079551697 0.5067523121833801 0.011038213968276978 0.04923334717750549
0 0.44277089834213257 0.48750853538513184 0.007565915584564209 0.027632027864456177
0 0.5447463989257812 0.4845479726791382 0.010526478290557861 0.024671465158462524
1 0.6993534564971924 0.5398119688034058 0.00822383165359497 0.018503129482269287
0 0.41184931993484497 0.49639028310775757 0.02105298638343811 0.03157952427864075
1 0.15526586771011353 0.5595492720603943 0.024013563990592957 0.10263335704803467
