0 0.6842225193977356 0.5304368734359741 0.017105579376220703 0.019737184047698975
0 0.43783658742904663 0.5467201471328735 0.02138194441795349 0.024671494960784912
0 0.5577396154403687 0.5410454273223877 0.012994229793548584 0.012829482555389404
0 0.3132949471473694 0.5464240312576294 0.0030263662338256836 0.011348843574523926
0 0.47939425706863403 0.537015974521637 0.01842138171195984 0.013322591781616211
0 0.0055922032333910465 0.7297824621200562 0.011184406466782093 0.09572535753250122
0 0.5421147346496582 0.5353711843490601 0.01381605863571167 0.012335717678070068
0 0.8539623022079468 0.5477069616317749 0.04046124219894409 0.04736924171447754
0 0.40494129061698914 0.5570821166038513 0.03157949447631836 0.038980960845947266
0 0.41579675674438477 0.5412923693656921 0.008881747722625732 0.012335777282714844
0 0.4282969832420349 0.5412923693656921 0.008223801851272583 0.010362029075622559
0 0.7427761554718018 0.540305495262146 0.007565975189208984 0.012335717678070068
0 0.5111931562423706 0.536358118057251 0.008223772048950195 0.009375154972076416
0 0.4207310676574707 0.5353711843490601 0.013816028833389282 0.02368462085723877
0 0.4654686748981476 0.5343843698501587 0.012500226497650146 0.007401466369628906
0 0.4840545058250427 0.6182671785354614 0.13199222087860107 0.16690248250961304
0 0.5842207670211792 0.5393186807632446 0.053619384765625 0.024671494960784912
0 0.7329075336456299 0.5250091552734375 0.01381605863571167 0.013322651386260986
0 0.7019859552383423 0.5250091552734375 0.020724058151245117 0.02171093225479126
0 0.5950762033462524 0.5255025625228882 0.013487100601196289 0.00937509536743164
0 0.6664590239524841 0.5289566516876221 0.013158082962036133 0.01628321409225464
1 0.6546168327331543 0.5758324861526489 0.02006620168685913 0.065132737159729
0 0.8159683346748352 0.5333974361419678 0.031250715255737305 0.025411784648895264
0 0.5552728772163391 0.542772650718689 0.02138197422027588 0.018750309944152832
0 0.47441619634628296 0.5325093269348145 0.00848698616027832 0.006513237953186035
1 0.7371839284896851 0.5141537189483643 0.006579101085662842 0.011842310428619385
0 0.49277180433273315 0.5393186807632446 0.01085546612739563 0.011348903179168701
0 0.5059299468994141 0.536358118057251 0.0026316046714782715 0.006414592266082764
0 0.46242555975914 0.5385786294937134 0.023191213607788086 0.011595547199249268
0 0.44474464654922485 0.5590558052062988 0.025329411029815674 0.03454005718231201
0 0.25822821259498596 0.5437595248222351 0.01578974723815918 0.011348843574523926
0 0.846231997013092 0.5363580584526062 0.04440867900848389 0.038980960845947266
