0 0.46053436398506165 0.5156340003013611 0.00789487361907959 0.00789487361907959
0 0.45231056213378906 0.5457332134246826 0.05526414513587952 0.031086087226867676
0 0.33355844020843506 0.5348778963088989 0.02072402834892273 0.02713865041732788
0 0.2865181863307953 0.5264894962310791 0.01496744155883789 0.0098685622215271
0 0.4204021096229553 0.5225419998168945 0.01118442416191101 0.011842310428619385
0 0.31053170561790466 0.5368515253067017 0.028618931770324707 0.03305983543395996
1 0.11612045764923096 0.5496807098388672 0.0115133598446846 0.02565830945968628
0 0.3503350019454956 0.5329040288925171 0.018421322107315063 0.025164902210235596
0 0.696064829826355 0.5477069616317749 0.19638502597808838 0.10362020134925842
0 0.15066052973270416 0.8197424411773682 0.3013210594654083 0.36051511764526367
0 0.05018886551260948 0.5457332134246826 0.012594200670719147 0.00592118501663208
0 0.18881909549236298 0.5526412725448608 0.04868507385253906 0.040954649448394775
0 0.9121869802474976 0.5398120880126953 0.142436683177948 0.0730276107788086
0 0.14572623372077942 0.5556018352508545 0.041119128465652466 0.011842310428619385
0 0.08487792313098907 0.5440483093261719 0.011184409260749817 0.0098685622215271
0 0.03659602254629135 0.5565886497497559 0.012006793171167374 0.011842310428619385
0 0.1384892761707306 0.5477069616317749 0.02532939612865448 0.00789487361907959
0 0.4865216612815857 0.5171144008636475 0.003947436809539795 0.009868621826171875
0 0.29342615604400635 0.5437595248222351 0.02039504051208496 0.02615177631378174
0 0.4789557456970215 0.5195814371109009 0.013158142566680908 0.012829124927520752
0 0.3865199089050293 0.5269829034805298 0.01611870527267456 0.019737184047698975
0 0.4743503928184509 0.5718849897384644 0.14572620391845703 0.07105386257171631
0 0.24013574421405792 0.5526412725448608 0.040790170431137085 0.03602045774459839
0 0.1269759088754654 0.6064251065254211 0.1881611943244934 0.09473848342895508
0 0.27401795983314514 0.5457332134246826 0.0365138053894043 0.03404664993286133
0 0.06611967831850052 0.5457332134246826 0.008552778512239456 0.0098685622215271
0 0.5095484256744385 0.5161274671554565 0.021053016185760498 0.011842310428619385
0 0.17763468623161316 0.5926090478897095 0.09506744146347046 0.06167870759963989
0 0.4111914038658142 0.5250091552734375 0.013158142566680908 0.012829124927520752
0 0.8223828077316284 0.5457332134246826 0.11250197887420654 0.06167870759963989
