0 0.47040295600891113 0.5486937761306763 0.010526508092880249 0.01381605863571167
0 0.449678897857666 0.5506675243377686 0.009868592023849487 0.013815999031066895
0 0.44309985637664795 0.5556018352508545 0.013158142566680908 0.013815999031066895
0 0.46217912435531616 0.5521478056907654 0.012500196695327759 0.015296339988708496
0 0.4996798038482666 0.5536280870437622 0.011184364557266235 0.01381605863571167
0 0.5136274099349976 0.551851749420166 0.003947436809539795 0.011842310428619385
0 0.5128378868103027 0.5506675243377686 0.003289520740509033 0.010855436325073242
0 0.5220485925674438 0.5516543388366699 0.013158142566680908 0.016776621341705322
0 0.48158738017082214 0.5457332134246826 0.004605352878570557 0.00592118501663208
0 0.5088905096054077 0.5452398061752319 0.0062500834465026855 0.009375214576721191
0 0.4902498126029968 0.5437595844268799 0.003947436809539795 0.00592118501663208
0 0.4898112118244171 0.5457332134246826 0.003947436809539795 0.00592118501663208
0 0.45658695697784424 0.5496807098388672 0.003289550542831421 0.0098685622215271
