0 0.8315935134887695 0.5329040288925171 0.05065876245498657 0.033059775829315186
0 0.45231056213378906 0.5259960293769836 0.02072402834892273 0.018750309944152832
1 0.9556088447570801 0.5521478056907654 0.01644766330718994 0.05230355262756348
0 0.8072509765625 0.5166208744049072 0.016776621341705322 0.005921125411987305
0 0.027632063254714012 0.5625098943710327 0.055264126509428024 0.019737184047698975
0 0.7684345245361328 0.5126734972000122 0.0098685622215271 0.011842310428619385
1 0.0034705293364822865 0.5611281394958496 0.006941058672964573 0.044902026653289795
0 0.7323319911956787 0.5097128748893738 0.1245909333229065 0.04786267876625061
0 0.8897086381912231 0.5355356931686401 0.0734662413597107 0.04194158315658569
0 0.7470525503158569 0.5329040288925171 0.046053409576416016 0.03996783494949341
0 0.3980332911014557 0.5506675243377686 0.04736924171447754 0.06069183349609375
1 0.3289531171321869 0.77419114112854 0.12368637323379517 0.32961100339889526
0 0.34145334362983704 0.5486937761306763 0.03980332612991333 0.048849523067474365
0 0.9240293502807617 0.5087260007858276 0.08388304710388184 0.058060258626937866
0 0.29539990425109863 0.5329040288925171 0.05065876245498657 0.016776621341705322
0 0.6421164870262146 0.5225420594215393 0.05592203140258789 0.02615177631378174
0 0.2948616147041321 0.5595492124557495 0.062381476163864136 0.06724101305007935
0 0.3825724720954895 0.536358118057251 0.025822818279266357 0.03799408674240112
0 0.06179984658956528 0.6282138824462891 0.12359969317913055 0.14332836866378784
0 0.7885006666183472 0.5225419998168945 0.041119158267974854 0.030099213123321533
0 0.9852880835533142 0.513413667678833 0.029423832893371582 0.03207305073738098
1 0.9899842143058777 0.5230355262756348 0.007565975189208984 0.010362029075622559
0 0.19715256989002228 0.5496807098388672 0.11118617653846741 0.055099666118621826
0 0.7891585826873779 0.5447463989257812 0.05394834280014038 0.048849523067474365
0 0.5463911294937134 0.5185946226119995 0.012500226497650146 0.012829184532165527
0 0.3111896514892578 0.522480309009552 0.049096256494522095 0.018750309944152832
0 0.3539535701274872 0.5329040288925171 0.03190845251083374 0.029112398624420166
1 0.960543155670166 0.5472135543823242 0.017105519771575928 0.06611961126327515
0 0.4684292674064636 0.5259960293769836 0.01118442416191101 0.012829184532165527
