0 0.3052684962749481 0.5368515253067017 0.03717172145843506 0.02713865041732788
0 0.11579149961471558 0.5585623979568481 0.09440954774618149 0.09473848342895508
0 0.030263688415288925 0.6123462915420532 0.06052737683057785 0.09868592023849487
0 0.4789557456970215 0.5329040884971619 0.03125053644180298 0.03404664993286133
1 0.8299487829208374 0.6360308527946472 0.03486901521682739 0.11496913433074951
0 0.4977060556411743 0.5358646512031555 0.007894843816757202 0.020724058151245117
0 0.4631659984588623 0.5329040288925171 0.010526478290557861 0.0310860276222229
1 0.7924480438232422 0.6083987951278687 0.05000084638595581 0.11743628978729248
0 0.24539902806282043 0.5407989025115967 0.07730399072170258 0.07204073667526245
0 0.680604100227356 0.5560952425003052 0.2875051498413086 0.4376722276210785
0 0.40461236238479614 0.520568311214447 0.006579071283340454 0.00789487361907959
0 0.5157985091209412 0.5368515253067017 0.02993476390838623 0.02319115400314331
0 0.07039596885442734 0.5447463989257812 0.01743451878428459 0.016776621341705322
