1 0.542772650718689 0.531423807144165 0.006908059120178223 0.02171093225479126
0 0.5141537189483643 0.5136603116989136 0.006907999515533447 0.010362029075622559
0 0.12870290875434875 0.7218876481056213 0.2574058175086975 0.3088870048522949
0 0.49639028310775757 0.5190880298614502 0.00493428111076355 0.006414532661437988
0 0.5003377199172974 0.5200748443603516 0.00822383165359497 0.006414592266082764
0 0.46250808238983154 0.5200748443603516 0.004276394844055176 0.006414592266082764
2 0.5254478454589844 0.5200749039649963 0.0024123787879943848 0.013322591781616211
0 0.4523927569389343 0.5199823379516602 0.0049343109130859375 0.006414592266082764
0 0.48569923639297485 0.5195814371109009 0.007236987352371216 0.00789487361907959
0 0.5325751304626465 0.5200749039649963 0.010855436325073242 0.010362029075622559
0 0.4496789276599884 0.52303546667099 0.012500226497650146 0.016283154487609863
0 0.48619264364242554 0.5264894962310791 0.005921095609664917 0.013322591781616211
0 0.5909641981124878 0.5358645915985107 0.0578957200050354 0.031579434871673584
0 0.5056009292602539 0.5383318066596985 0.0253293514251709 0.026645183563232422
0 0.512179970741272 0.5200749039649963 0.00822383165359497 0.010362029075622559
0 0.4868506193161011 0.5264893770217896 0.00822383165359497 0.012829124927520752
0 0.4763241410255432 0.531423807144165 0.01842138171195984 0.024671494960784912
0 0.5009956359863281 0.5289566516876221 0.013158142566680908 0.01529628038406372
0 0.523693323135376 0.5176076889038086 0.00822383165359497 0.006414592266082764
0 0.5065878033638 0.5176077485084534 0.005592226982116699 0.008388280868530273
