0 0.5315882563591003 0.5028048753738403 0.008552789688110352 0.01085546612739563
0 0.28750503063201904 0.5195814371109009 0.005921155214309692 0.010855495929718018
0 0.26414936780929565 0.5195814371109009 0.009210675954818726 0.01381605863571167
0 0.3246767520904541 0.5106997489929199 0.013816028833389282 0.01381605863571167
0 0.41184931993484497 0.5077391862869263 0.005921155214309692 0.006907999515533447
0 0.2634914517402649 0.5205683708190918 0.009210705757141113 0.016776621341705322
0 0.5171142816543579 0.505765438079834 0.006579101085662842 0.006907999515533447
0 0.14572623372077942 0.5398120880126953 0.04177704453468323 0.023191213607788086
0 0.4098755717277527 0.505765438079834 0.002631634473800659 0.003947436809539795
0 0.5256670713424683 0.5916222333908081 0.08914631605148315 0.11052829027175903
0 0.4684292674064636 0.5097128748893738 0.010526508092880249 0.013815999031066895
0 0.4977060556411743 0.5028048753738403 0.027303069829940796 0.04490211606025696
0 0.4005002975463867 0.5102062821388245 0.008552759885787964 0.006908059120178223
0 0.3713880777359009 0.509712815284729 0.009210705757141113 0.008881747722625732
0 0.35658520460128784 0.5126734972000122 0.009210675954818726 0.008881747722625732
0 0.11776521801948547 0.5368515253067017 0.03388217091560364 0.02417808771133423
0 0.44112613797187805 0.5018179416656494 0.04868507385253906 0.0828961730003357
0 0.3598747253417969 0.5077391266822815 0.007236957550048828 0.0029605627059936523
0 0.511522114276886 0.5041206479072571 0.002631664276123047 0.004276394844055176
0 0.4789557456970215 0.5097128748893738 0.009210705757141113 0.009868621826171875
0 0.2036219835281372 0.5477069616317749 0.0730275809764862 0.06759989261627197
0 0.4643622636795044 0.5089951157569885 0.004605352878570557 0.009868621826171875
0 0.4957323670387268 0.542772650718689 0.040461212396621704 0.046875834465026855
0 0.32204508781433105 0.5146471261978149 0.006579071283340454 0.010855495929718018
0 0.4059281647205353 0.5097128748893738 0.007236957550048828 0.006908059120178223
0 0.35263776779174805 0.509712815284729 0.010526508092880249 0.011842310428619385
0 0.38553300499916077 0.5097128748893738 0.011842310428619385 0.005427837371826172
0 0.17566096782684326 0.5225419998168945 0.025329381227493286 0.016776621341705322
0 0.025329390540719032 0.5457332134246826 0.04868506267666817 0.031086087226867676
0 0.3388217091560364 0.5106997489929199 0.010526508092880249 0.010855495929718018
0 0.4019807279109955 0.5250091552734375 0.02335566282272339 0.025164902210235596
0 0.5490227937698364 0.5037916898727417 0.009210646152496338 0.006907999515533447
