0 0.4957323670387268 0.5338909029960632 0.005921155214309692 0.00789487361907959
0 0.5881681442260742 0.5348777770996094 0.018092453479766846 0.011842310428619385
0 0.4848769009113312 0.5348777770996094 0.007236957550048828 0.008881688117980957
0 0.7141553163528442 0.5324126482009888 0.005263209342956543 0.006907165050506592
0 0.6860837936401367 0.5319202542304993 0.011842310428619385 0.012829184532165527
0 0.6927752494812012 0.5289566516876221 0.009210646152496338 0.01381605863571167
0 0.6690889596939087 0.5324116945266724 0.007072091102600098 0.015049397945404053
0 0.656590461730957 0.5269829034805298 0.030592620372772217 0.016776561737060547
0 0.6845493912696838 0.5312628746032715 0.015569567680358887 0.013814449310302734
0 0.7118545770645142 0.5279697179794312 0.016776621341705322 0.014802873134613037
0 0.6996819376945496 0.5299451351165771 0.020066142082214355 0.01578974723815918
0 0.6799460649490356 0.5289566516876221 0.024671494960784912 0.016776621341705322
0 0.6292873620986938 0.5417858362197876 0.04671138525009155 0.030099213123321533
0 0.656590461730957 0.5319172143936157 0.020723998546600342 0.009868621826171875
0 0.5776416659355164 0.5289566516876221 0.020724058151245117 0.010855495929718018
0 0.5947472453117371 0.5299434661865234 0.0365138053894043 0.01578974723815918
0 0.48717957735061646 0.5348777770996094 0.006579041481018066 0.009868621826171875
0 0.7365260720252991 0.5319172143936157 0.043750762939453125 0.02615177631378174
0 0.4671134352684021 0.542772650718689 0.013158142566680908 0.01578974723815918
0 0.5986946821212769 0.538825273513794 0.03519797325134277 0.019737184047698975
