0 0.5161274671554565 0.5388252139091492 0.007565915584564209 0.010362029075622559
1 0.5769838094711304 0.5363580584526062 0.004605352878570557 0.012829184532165527
0 0.5299434661865234 0.5324106216430664 0.010855436325073242 0.010362029075622559
0 0.5210617780685425 0.5403053760528564 0.008881747722625732 0.012335717678070068
0 0.5710626244544983 0.5600427389144897 0.039145469665527344 0.040954649448394775
0 0.5065878033638 0.5393186807632446 0.018585801124572754 0.010855495929718018
0 0.4838900566101074 0.5324106216430664 0.00822383165359497 0.007401466369628906
0 0.5023114681243896 0.536358118057251 0.008881747722625732 0.003947436809539795
0 0.5023114085197449 0.5590558052062988 0.032895296812057495 0.03898090124130249
0 0.5079036355018616 0.5324106216430664 0.010855436325073242 0.010362029075622559
