0 0.7434340715408325 0.540305495262146 0.01644766330718994 0.012335717678070068
0 0.43323126435279846 0.560042679309845 0.01578974723815918 0.018750309944152832
0 0.0980280339717865 0.6217213869094849 0.0921068787574768 0.06611961126327515
0 0.6013263463973999 0.5620163679122925 0.02335566282272339 0.019737184047698975
0 0.27171528339385986 0.5704047083854675 0.009539663791656494 0.007401466369628906
0 0.49342966079711914 0.5560952425003052 0.016447633504867554 0.013322591781616211
0 0.9444243907928467 0.5220485925674438 0.022039830684661865 0.009375154972076416
0 0.2861892282962799 0.579779863357544 0.007565915584564209 0.013322591781616211
0 0.4075729250907898 0.5600427389144897 0.011513352394104004 0.012335717678070068
0 0.42204686999320984 0.5600427389144897 0.00822383165359497 0.011348903179168701
0 0.8983709812164307 0.5477069616317749 0.06710648536682129 0.045395493507385254
0 0.4138230085372925 0.5526412725448608 0.017105549573898315 0.02565830945968628
0 0.9588983654975891 0.5353711843490601 0.01578974723815918 0.043421804904937744
0 0.4707319140434265 0.5580689907073975 0.013816028833389282 0.018750309944152832
0 0.7983692288398743 0.5393186211585999 0.020724058151245117 0.02368462085723877
0 0.8529754281044006 0.5363580584526062 0.03157949447631836 0.018750309944152832
1 0.830277681350708 0.531423807144165 0.00789487361907959 0.020723998546600342
0 0.7542895078659058 0.5333974957466125 0.013815999031066895 0.012335777282714844
0 0.6210634708404541 0.5457332134246826 0.025987327098846436 0.013322591781616211
0 0.996801495552063 0.5506675243377686 0.006397068500518799 0.031086087226867676
0 0.44145509600639343 0.560042679309845 0.0049343109130859375 0.013322591781616211
0 0.5792864561080933 0.5620164275169373 0.028289973735809326 0.02368462085723877
0 0.47763991355895996 0.5585623979568481 0.005263239145278931 0.01924377679824829
1 0.8361988663673401 0.531423807144165 0.00789487361907959 0.02417808771133423
0 0.518101155757904 0.5580689907073975 0.017105579376220703 0.02368462085723877
0 0.3444139361381531 0.5723784565925598 0.0190792977809906 0.018750309944152832
0 0.3829014301300049 0.5674441456794739 0.01578974723815918 0.016283154487609863
0 0.5079035758972168 0.5496807098388672 0.0026316046714782715 0.006414592266082764
0 0.45856064558029175 0.577312707901001 0.039145439863204956 0.047369301319122314
0 0.49277177453041077 0.5560952425003052 0.019079267978668213 0.015296339988708496
0 0.49277177453041077 0.560042679309845 0.017105519771575928 0.020724058151245117
0 0.2671099305152893 0.5901418924331665 0.044737622141838074 0.0424349308013916
0 0.47204774618148804 0.560042679309845 0.006250113248825073 0.013322591781616211
