0 0.20329302549362183 0.49096253514289856 0.045066580176353455 0.04292839765548706
1 0.17927944660186768 0.4243495464324951 0.010526493191719055 0.043915241956710815
0 0.21250371634960175 0.46629106998443604 0.04243496060371399 0.049836426973342896
0 0.20789837837219238 0.533890962600708 0.06710644066333771 0.07154732942581177
0 0.21250450611114502 0.40633755922317505 0.022202879190444946 0.0165289044380188
0 0.18388479948043823 0.38339486718177795 0.028618916869163513 0.017763495445251465
0 0.40658605098724365 0.4939230978488922 0.05526414513587952 0.06463927030563354
0 0.0922713503241539 0.6291228532791138 0.1845427006483078 0.2097076177597046
0 0.20987209677696228 0.4263232350349426 0.03782960772514343 0.04144808650016785
0 0.21250373125076294 0.44260644912719727 0.03125055134296417 0.030592650175094604
1 0.184542715549469 0.423362672328949 0.006908014416694641 0.030592620372772217
0 0.09013315290212631 0.5200749039649963 0.15098948776721954 0.07154729962348938
0 0.20526674389839172 0.4840545058250427 0.038487508893013 0.030592650175094604
0 0.22533288598060608 0.4263232350349426 0.005592212080955505 0.023684650659561157
0 0.19506920874118805 0.5654704570770264 0.07006701827049255 0.09227138757705688
