0 0.8177778720855713 0.53014075756073 0.015658140182495117 0.019441187381744385
0 0.8164616823196411 0.5319172143936157 0.006579101085662842 0.012829184532165527
0 0.7559342384338379 0.5259960889816284 0.019737184047698975 0.01924377679824829
0 0.6806040406227112 0.5279697775840759 0.019408226013183594 0.00789487361907959
0 0.8542912602424622 0.5299434661865234 0.012171268463134766 0.01924377679824829
0 0.7128413915634155 0.5245157480239868 0.012829124927520752 0.012829184532165527
0 0.8083699941635132 0.513561487197876 0.016776323318481445 0.0034540295600891113
0 0.8536334037780762 0.5176076889038086 0.011184394359588623 0.011842310428619385
0 0.7177757024765015 0.5639901161193848 0.10460710525512695 0.054277241230010986
0 0.8243565559387207 0.5269829034805298 0.013487040996551514 0.031086087226867676
0 0.3493482172489166 0.5447463989257812 0.027961015701293945 0.01381605863571167
0 0.7431051135063171 0.5171142816543579 0.05296146869659424 0.020230591297149658
0 0.7664607763290405 0.5250091552734375 0.01644766330718994 0.02319115400314331
0 0.7720530033111572 0.5299434661865234 0.008552789688110352 0.01381605863571167
0 0.8059351444244385 0.5289566516876221 0.03190845251083374 0.02861887216567993
0 0.8542913198471069 0.531423807144165 0.011842310428619385 0.024671494960784912
0 0.6700776219367981 0.5238579511642456 0.016118884086608887 0.01381617784500122
