0 0.9665377736091614 0.8842259645462036 0.06692445278167725 0.22763556241989136
0 0.4877362847328186 0.3725394010543823 0.08416140079498291 0.060350269079208374
0 0.11875207722187042 0.6429388523101807 0.1884901523590088 0.2250038981437683
0 0.3513219356536865 0.45642244815826416 0.021053016185760498 0.03157952427864075
0 0.48886191844940186 0.5471571087837219 0.17364022135734558 0.29896196722984314
0 0.8716347813606262 0.7028516530990601 0.25673043727874756 0.24128711223602295
1 0.33322954177856445 0.4396458566188812 0.021710902452468872 0.06562614440917969
0 0.5861945152282715 0.46777135133743286 0.037895381450653076 0.06187605857849121
0 0.29901838302612305 0.4347115457057953 0.06447482109069824 0.04835611581802368
0 0.5755494236946106 0.7587628960609436 0.30625537037849426 0.3985534906387329
1 0.7284666299819946 0.4667844772338867 0.032237350940704346 0.11694285273551941
0 0.2963867783546448 0.4993508458137512 0.2227012664079666 0.10904797911643982
0 0.9328740835189819 0.5129977464675903 0.13425177335739136 0.0879855751991272
0 0.3440849781036377 0.460863322019577 0.01118442416191101 0.024671494960784912
0 0.3789539933204651 0.4593830406665802 0.054277271032333374 0.07154732942581177
