0 0.46645551919937134 0.5585623979568481 0.012500196695327759 0.016776621341705322
0 0.44112613797187805 0.5634967088699341 0.012500226497650146 0.016776561737060547
0 0.4325733780860901 0.5664572715759277 0.016776591539382935 0.019737184047698975
0 0.4557644724845886 0.5625101327896118 0.016447633504867554 0.01924377679824829
0 0.5003377199172974 0.5605361461639404 0.011842310428619385 0.014802873134613037
0 0.5164563655853271 0.5605361461639404 0.004605352878570557 0.014802873134613037
0 0.4848769009113312 0.5536280870437622 0.005263268947601318 0.00592118501663208
0 0.4829031825065613 0.5521478652954102 0.0055921971797943115 0.006414592266082764
0 0.5240223407745361 0.5605361461639404 0.01578974723815918 0.018750369548797607
0 0.48158735036849976 0.5556018352508545 0.005921155214309692 0.005921125411987305
0 0.5102063417434692 0.5531346797943115 0.006907999515533447 0.008388280868530273
0 0.49112701416015625 0.5501742959022522 0.004605352878570557 0.005921125411987305
