0 0.8536333441734314 0.5679376125335693 0.12171268463134766 0.06957358121871948
0 0.272702157497406 0.6034644842147827 0.20329304039478302 0.10806113481521606
0 0.7760003805160522 0.5565886497497559 0.04276388883590698 0.02417808771133423
0 0.6970516443252563 0.5738587379455566 0.12237054109573364 0.08092248439788818
0 0.9572535753250122 0.5294500589370728 0.07796186208724976 0.07401445508003235
0 0.5993525981903076 0.5649769902229309 0.028618931770324707 0.024178028106689453
0 0.03659603372216225 0.6261622905731201 0.0731920674443245 0.12829172611236572
0 0.8158037662506104 0.5521478056907654 0.03125053644180298 0.025658369064331055
0 0.7549474239349365 0.5496807098388672 0.01611870527267456 0.017270028591156006
0 0.48915329575538635 0.5866879224777222 0.17960840463638306 0.09967279434204102
0 0.6325768828392029 0.5634967088699341 0.04736924171447754 0.024178028106689453
0 0.9279767870903015 0.5536280870437622 0.02368462085723877 0.02713865041732788
0 0.5868523716926575 0.5679375529289246 0.021710872650146484 0.0212174654006958
