0 0.48356109857559204 0.5447463989257812 0.007236957550048828 0.012829124927520752
0 0.508232593536377 0.5516543388366699 0.028618931770324707 0.025164902210235596
0 0.40066489577293396 0.5457332134246826 0.01611870527267456 0.01381605863571167
0 0.09704117476940155 0.5546150207519531 0.02401357889175415 0.011842310428619385
0 0.6042869091033936 0.5536280870437622 0.041777074337005615 0.019737184047698975
2 0.8348830342292786 0.5501741170883179 0.007236957550048828 0.019737184047698975
0 0.02631624974310398 0.5585623979568481 0.03980332985520363 0.017270028591156006
0 0.2822417616844177 0.5546149611473083 0.02105298638343811 0.01825690269470215
0 0.08980420231819153 0.5575755834579468 0.03914542496204376 0.018750369548797607
0 0.5559247732162476 0.5491876006126404 0.04424548149108887 0.027632474899291992
0 0.2401357889175415 0.5536280870437622 0.03125055134296417 0.012829184532165527
0 0.23355671763420105 0.5565886497497559 0.02401357889175415 0.016776621341705322
0 0.5322461128234863 0.5373449325561523 0.006907999515533447 0.003453969955444336
0 0.32401883602142334 0.5506675243377686 0.041119128465652466 0.02615177631378174
