0 0.554286003112793 0.48898881673812866 0.027961015701293945 0.03009924292564392
0 0.4388234615325928 0.486028254032135 0.010526508092880249 0.021710902452468872
0 0.4957323670387268 0.47171878814697266 0.02105298638343811 0.011348873376846313
0 0.5398120880126953 0.480600506067276 0.009539604187011719 0.01578974723815918
1 0.9431085586547852 0.5541215538978577 0.036184847354888916 0.04736924171447754
0 0.3968273401260376 0.50296950340271 0.014802724123001099 0.03651359677314758
0 0.37483716011047363 0.5901440978050232 0.14342549443244934 0.1347101926803589
0 0.4690874218940735 0.4636048376560211 0.0096493661403656 0.011513471603393555
1 0.6240240335464478 0.4998442530632019 0.02171093225479126 0.054277271032333374
1 0.64682936668396 0.5269829034805298 0.02171093225479126 0.06381663680076599
0 0.8641598224639893 0.5960630178451538 0.21447747945785522 0.20625358819961548
1 0.14868681132793427 0.5383317470550537 0.021710902452468872 0.0675998330116272
0 0.5052720308303833 0.468758225440979 0.007565915584564209 0.009868592023849487
0 0.3993490934371948 0.49342969059944153 0.03190845251083374 0.043421804904937744
0 0.5467201471328735 0.48306766152381897 0.015460789203643799 0.023191213607788086
0 0.4148098826408386 0.4919494092464447 0.015460789203643799 0.03750067949295044
0 0.001973718637600541 0.5541215538978577 0.003947437275201082 0.02615177631378174
0 0.4822452664375305 0.4731990694999695 0.013487070798873901 0.014309465885162354
0 0.5648125410079956 0.47171878814697266 0.013487040996551514 0.005921155214309692
0 0.46777135133743286 0.47171878814697266 0.020066142082214355 0.012829184532165527
1 0.7500131130218506 0.5269829034805298 0.017105579376220703 0.06957361102104187
0 0.4957323670387268 0.46431732177734375 0.0049343109130859375 0.00296059250831604
0 0.49671924114227295 0.47763994336128235 0.014473944902420044 0.01578974723815918
1 0.26040613651275635 0.5283490419387817 0.01649811863899231 0.06801670789718628
1 0.35900479555130005 0.48546475172042847 0.00822383165359497 0.015860319137573242
1 0.6204458475112915 0.5011953711509705 0.008967816829681396 0.045325249433517456
1 0.754090428352356 0.5210617780685425 0.014144957065582275 0.07401424646377563
0 0.43783658742904663 0.48306766152381897 0.01842138171195984 0.027632057666778564
0 0.3802698254585266 0.5023114085197449 0.03190845251083374 0.04342183470726013
0 0.42237579822540283 0.49342969059944153 0.007565945386886597 0.027632057666778564
1 0.32813146710395813 0.49663805961608887 0.011676967144012451 0.03725719451904297
0 0.4322444200515747 0.48750853538513184 0.014473944902420044 0.023191213607788086
1 0.6646772623062134 0.5225407481193542 0.017657697200775146 0.06422388553619385
0 0.42122435569763184 0.49861088395118713 0.004440724849700928 0.02245086431503296
0 0.36382216215133667 0.512179970741272 0.04440867900848389 0.043421804904937744
0 0.4552711248397827 0.47763994336128235 0.006579041481018066 0.024671494960784912
1 0.33191370964050293 0.49639028310775757 0.007565915584564209 0.041448116302490234
0 0.5417858362197876 0.4731990694999695 0.00592118501663208 0.008881747722625732
0 0.43125754594802856 0.48898881673812866 0.012500226497650146 0.023191213607788086
0 0.10855453461408615 0.679452657699585 0.2171090692281723 0.219082772731781
1 0.7361884117126465 0.5164575576782227 0.018312036991119385 0.058552056550979614
0 0.4437577724456787 0.47023850679397583 0.022039860486984253 0.03750064969062805
0 0.8006719350814819 0.6937621235847473 0.28586024045944214 0.24671483039855957
0 0.5802732706069946 0.48750853538513184 0.029934704303741455 0.038980960845947266
0 0.5592203140258789 0.4731990694999695 0.020066142082214355 0.009868621826171875
1 0.5802732706069946 0.4944165349006653 0.00822383165359497 0.03157949447631836
1 0.6571788787841797 0.4936297535896301 0.010263144969940186 0.03236949443817139
0 0.526324987411499 0.4806005358695984 0.01842135190963745 0.021710902452468872
1 0.2230302095413208 0.5156340003013611 0.015131846070289612 0.059704989194869995
1 0.17796364426612854 0.5269829034805298 0.018092423677444458 0.08092248439788818
1 0.3571154475212097 0.4814743995666504 0.008223801851272583 0.020420581102371216
0 0.47731098532676697 0.4672779142856598 0.006579041481018066 0.007401466369628906
1 0.9970569610595703 0.5664572715759277 0.004605352878570557 0.10263335704803467
1 0.03223740682005882 0.5639901161193848 0.032237403094768524 0.10806113481521606
0 0.4457314610481262 0.4820808172225952 0.006579071283340454 0.021710902452468872
0 0.423362672328949 0.4904690980911255 0.015460789203643799 0.027632087469100952
1 0.6042869091033936 0.47961366176605225 0.004605352878570557 0.014802873134613037
1 0.26272207498550415 0.5235288739204407 0.018202215433120728 0.06677886843681335
