0 0.5457332134246826 0.5195814371109009 0.020724058151245117 0.02713865041732788
0 0.45856064558029175 0.5087260007858276 0.008552789688110352 0.011842310428619385
0 0.5075746774673462 0.505765438079834 0.002631664276123047 0.003947436809539795
0 0.4977060854434967 0.5067523121833801 0.00592118501663208 0.00789487361907959
0 0.47040295600891113 0.500831127166748 0.002631634473800659 0.003947466611862183
0 0.5296145081520081 0.5106997489929199 0.00789487361907959 0.014802873134613037
0 0.5024750232696533 0.5057648420333862 0.00789487361907959 0.011842340230941772
0 0.4460611343383789 0.5090547800064087 0.009868592023849487 0.011842310428619385
0 0.38915157318115234 0.5185946226119995 0.029934734106063843 0.03404664993286133
0 0.33388739824295044 0.5269829034805298 0.025987297296524048 0.05181014537811279
0 0.07171178609132767 0.5935959219932556 0.1365155428647995 0.1514829397201538
0 0.474481999874115 0.5099102258682251 0.0025000572204589844 0.004342198371887207
0 0.4723767042160034 0.5250091552734375 0.022697776556015015 0.02713865041732788
0 0.4671134352684021 0.5087260007858276 0.006579041481018066 0.009868621826171875
0 0.4681470990180969 0.5109816193580627 0.012688279151916504 0.00789487361907959
0 0.508232593536377 0.5269829034805298 0.02401357889175415 0.027138590812683105
0 0.19506920874118805 0.6024776697158813 0.30066314339637756 0.2940841019153595
0 0.361190527677536 0.5047786235809326 0.006579041481018066 0.003947436809539795
0 0.38026976585388184 0.5023114085197449 0.007565945386886597 0.00690808892250061
0 0.4743503928184509 0.5047786235809326 0.003289550542831421 0.003947436809539795
0 0.3421112596988678 0.5047786235809326 0.008552789688110352 0.003947436809539795
0 0.5243512392044067 0.5087260007858276 0.0026316046714782715 0.003947436809539795
0 0.5204038619995117 0.5047786235809326 0.0026316046714782715 0.003947436809539795
0 0.42566534876823425 0.5146471261978149 0.020724058151245117 0.025164902210235596
0 0.48158738017082214 0.5106997489929199 0.008552789688110352 0.0098685622215271
0 0.5157984495162964 0.505765438079834 0.003289520740509033 0.003947436809539795
