0 0.4687581956386566 0.5200749039649963 0.007236957550048828 0.017763495445251465
1 0.6789592504501343 0.5452398061752319 0.015131831169128418 0.042928338050842285
1 0.9523192644119263 0.5792864561080933 0.03519803285598755 0.07746851444244385
0 0.4954034090042114 0.5146471261978149 0.007236957550048828 0.012335717678070068
1 0.3171108067035675 0.5590558052062988 0.03519797325134277 0.07746845483779907
1 0.21381953358650208 0.5679376125335693 0.026974156498908997 0.08240276575088501
0 0.8782961368560791 0.8028424978256226 0.24340778589248657 0.39431506395339966
1 0.787513792514801 0.5590558052062988 0.02927684783935547 0.07154732942581177
0 0.47599518299102783 0.5161274671554565 0.009210675954818726 0.016776621341705322
1 0.6894857883453369 0.5235288739204407 0.0098685622215271 0.0365138053894043
1 0.37007227540016174 0.5590558052062988 0.027632057666778564 0.06463927030563354
0 0.6108659505844116 0.5161274671554565 0.03980332612991333 0.015296339988708496
1 0.3937568962574005 0.5679376125335693 0.019079267978668213 0.06957358121871948
0 0.6033000349998474 0.5477069616317749 0.03881645202636719 0.04440867900848389
0 0.4539552927017212 0.5215551853179932 0.02861890196800232 0.051316648721694946
0 0.5480358600616455 0.5259960889816284 0.020395100116729736 0.024671494960784912
0 0.5690889358520508 0.5284632444381714 0.01940828561782837 0.01924377679824829
0 0.6477087140083313 0.5605361461639404 0.051645636558532715 0.0537838339805603
1 0.14177879691123962 0.5570821166038513 0.03190845251083374 0.07056045532226562
1 0.5611940622329712 0.5639901161193848 0.02565830945968628 0.06957358121871948
0 0.4437577724456787 0.5491872429847717 0.019408226013183594 0.04983639717102051
0 0.5710626244544983 0.5383318066596985 0.01644766330718994 0.03454005718231201
1 0.7292890548706055 0.5551084280014038 0.015131831169128418 0.06266552209854126
1 0.73323655128479 0.5274763107299805 0.012500226497650146 0.030592620372772217
1 0.6957358717918396 0.5333974957466125 0.009868621826171875 0.028618931770324707
1 0.4924428462982178 0.5235289335250854 0.008552759885787964 0.024671494960784912
0 0.4417840242385864 0.5284631848335266 0.025000423192977905 0.015296339988708496
0 0.08092246949672699 0.8370124697685242 0.16184493899345398 0.32597506046295166
1 0.5233644247055054 0.5176077485084534 0.004605293273925781 0.018750309944152832
0 0.5368515253067017 0.52303546667099 0.014802873134613037 0.020724058151245117
1 0.9026473760604858 0.5649769902229309 0.02368462085723877 0.08832395076751709
1 0.4302706718444824 0.5176077485084534 0.004605323076248169 0.014802932739257812
1 0.7500131130218506 0.5610295534133911 0.026974141597747803 0.07746851444244385
0 0.42171791195869446 0.5590558052062988 0.051645636558532715 0.0675998330116272
1 0.014720652252435684 0.6148133873939514 0.02944130450487137 0.12631797790527344
1 0.7796189188957214 0.5333974957466125 0.009868621826171875 0.03157949447631836
0 0.5092194080352783 0.5146471858024597 0.015789806842803955 0.020724058151245117
1 0.6447480916976929 0.5166208744049072 0.008552730083465576 0.020724058151245117
0 0.5588913559913635 0.5299434661865234 0.01578974723815918 0.024671494960784912
1 0.30658429861068726 0.5551084280014038 0.0190792977809906 0.06661301851272583
1 0.29901838302612305 0.5452398061752319 0.019079267978668213 0.06463932991027832
0 0.5536280870437622 0.5269829034805298 0.01842135190963745 0.02368462085723877
0 0.5858654975891113 0.5407989621162415 0.033224284648895264 0.04440867900848389
1 0.6894857883453369 0.5235289335250854 0.010526478290557861 0.035526931285858154
0 0.6569193601608276 0.5644835233688354 0.05164569616317749 0.0537838339805603
0 0.622708261013031 0.5536280870437622 0.0424349308013916 0.04835611581802368
1 0.31447917222976685 0.5639901161193848 0.0190792977809906 0.07154732942581177
1 0.8470543026924133 0.5590558052062988 0.02434253692626953 0.07746845483779907
0 0.5019824504852295 0.5161274671554565 0.003618478775024414 0.010855436325073242
0 0.5552728772163391 0.5284632444381714 0.005592226982116699 0.016776621341705322
