0 0.9675246477127075 0.8832391500473022 0.06495076417922974 0.22845792770385742
0 0.48750853538513184 0.3725394010543823 0.08289620280265808 0.057237833738327026
0 0.03782961145043373 0.5353711843490601 0.07533026486635208 0.11990341544151306
0 0.3569141626358032 0.460863322019577 0.03782960772514343 0.046875834465026855
0 0.4886927604675293 0.5462266206741333 0.1746741235256195 0.29684728384017944
0 0.8716347813606262 0.7036306858062744 0.25673043727874756 0.23733967542648315
1 0.1634896993637085 0.46382391452789307 0.037171706557273865 0.10411369800567627
0 0.5865234136581421 0.46777135133743286 0.03763222694396973 0.06306031346321106
0 0.3789539933204651 0.4440867304801941 0.017434507608413696 0.012335747480392456
0 0.29980790615081787 0.45247501134872437 0.07368549704551697 0.08536335825920105
0 0.5758936405181885 0.7596235275268555 0.3062553405761719 0.3975207805633545
1 0.7259995341300964 0.45066577196121216 0.02850925922393799 0.1036202609539032
0 0.3763223886489868 0.45642244815826416 0.015789777040481567 0.03157952427864075
1 0.7368549704551697 0.5452398061752319 0.05592203140258789 0.1593778133392334
0 0.9326626062393188 0.5117288827896118 0.13467472791671753 0.08544790744781494
0 0.3421112596988678 0.4648107588291168 0.01578974723815918 0.046875834465026855
0 0.39112526178359985 0.4593830406665802 0.03223741054534912 0.06069183349609375
