0 0.5309303998947144 0.5077391862869263 0.00822383165359497 0.016776621341705322
0 0.5069167613983154 0.5023114085197449 0.004605293273925781 0.012335747480392456
2 0.32519370317459106 0.5192862749099731 0.02822461724281311 0.055463433265686035
1 0.8337563276290894 0.5464784502983093 0.022534072399139404 0.08907055854797363
0 0.4460604190826416 0.503298282623291 0.02664521336555481 0.0439152717590332
0 0.4531324505805969 0.48948222398757935 0.0055931806564331055 0.009868592023849487
0 0.6338926553726196 0.5215551853179932 0.05888259410858154 0.05230355262756348
0 0.5446813702583313 0.500437319278717 0.021052956581115723 0.03533020615577698
0 0.5125089883804321 0.4993508458137512 0.012829184532165527 0.02368462085723877
0 0.40296757221221924 0.5077391266822815 0.03486901521682739 0.05230352282524109
1 0.7061033844947815 0.5163718461990356 0.01102149486541748 0.05058416724205017
1 0.2171090543270111 0.500831127166748 0.008223816752433777 0.012335747480392456
1 0.2769785523414612 0.5200749039649963 0.01875033974647522 0.05279698967933655
0 0.5013245344161987 0.5023114085197449 0.004605352878570557 0.010855436325073242
0 0.24671483039855957 0.5284631848335266 0.07993559539318085 0.0439152717590332
1 0.941463828086853 0.5437595248222351 0.02335566282272339 0.10362020134925842
0 0.5309303402900696 0.49639028310775757 0.025000452995300293 0.03996780514717102
0 0.9881664514541626 0.5023114085197449 0.023667097091674805 0.02911233901977539
1 0.6118584871292114 0.5042850971221924 0.0053743720054626465 0.012335717678070068
1 0.6404716968536377 0.4954034090042114 0.004605352878570557 0.006907999515533447
1 0.5812619924545288 0.5042851567268372 0.00822383165359497 0.021713733673095703
1 0.09309373795986176 0.577312707901001 0.02171090990304947 0.10806113481521606
1 0.6733670234680176 0.5225419998168945 0.013487040996551514 0.06661301851272583
0 0.45823168754577637 0.5062588453292847 0.0036185085773468018 0.009868621826171875
1 0.14112088084220886 0.5324106216430664 0.020395085215568542 0.05625098943710327
1 0.667123556137085 0.5217995643615723 0.011349976062774658 0.05625098943710327
0 0.9411348700523376 0.503298282623291 0.09112000465393066 0.046875834465026855
0 0.43520498275756836 0.5131669044494629 0.027632057666778564 0.0345400869846344
0 0.503298282623291 0.5023114085197449 0.005592226982116699 0.008388280868530273
0 0.5437595248222351 0.5102063417434692 0.006579041481018066 0.01924377679824829
0 0.5519846677780151 0.5069980025291443 0.02203989028930664 0.030347585678100586
0 0.41842836141586304 0.500831127166748 0.007236987352371216 0.013815999031066895
0 0.5417858362197876 0.5062588453292847 0.00822383165359497 0.022204339504241943
0 0.4766530990600586 0.5185946226119995 0.04868510365486145 0.0537838339805603
1 0.6088922023773193 0.4954034090042114 0.004605352878570557 0.010362029075622559
