0 0.28487342596054077 0.5358646512031555 0.01875033974647522 0.020724058151245117
0 0.25428077578544617 0.5225419998168945 0.012500226497650146 0.00592118501663208
0 0.3401375412940979 0.5185946226119995 0.008552789688110352 0.012829184532165527
0 0.19835872948169708 0.5368515253067017 0.022039860486984253 0.00592118501663208
0 0.28355759382247925 0.5250091552734375 0.014473915100097656 0.008881747722625732
0 0.36382216215133667 0.5516543984413147 0.0365138053894043 0.03404664993286133
0 0.3651379644870758 0.5195814371109009 0.008552789688110352 0.014802873134613037
0 0.2868471145629883 0.5215551853179932 0.008552789688110352 0.005921125411987305
0 0.318755567073822 0.5437594652175903 0.018092423677444458 0.02713865041732788
0 0.21217477321624756 0.5289566516876221 0.010526493191719055 0.010855495929718018
0 0.32993999123573303 0.5156340599060059 0.00789487361907959 0.011842310428619385
0 0.20625361800193787 0.574845552444458 0.06513272225856781 0.08585673570632935
0 0.3325716257095337 0.5437595248222351 0.02730312943458557 0.031086087226867676
1 0.29128801822662354 0.5489400625228882 0.006579041481018066 0.012089133262634277
1 0.2940841317176819 0.5388245582580566 0.007565915584564209 0.029112398624420166
