0 0.4221528172492981 0.4579027593135834 0.01282915472984314 0.022204339504241943
0 0.5931024551391602 0.49642112851142883 0.02960580587387085 0.03602033853530884
0 0.5876169204711914 0.48553481698036194 0.025987327098846436 0.030592620372772217
0 0.5687897205352783 0.47023850679397583 0.020395100116729736 0.027632087469100952
0 0.6763275861740112 0.5782995820045471 0.05822473764419556 0.05970501899719238
0 0.5138247609138489 0.4539552927017212 0.008004546165466309 0.006908029317855835
0 0.3775484561920166 0.4840545058250427 0.033224284648895264 0.03898093104362488
0 0.4171125590801239 0.460863322019577 0.01578974723815918 0.022204339504241943
0 0.42994171380996704 0.45099472999572754 0.014802902936935425 0.020724058151245117
0 0.40177834033966064 0.4731990694999695 0.020395100116729736 0.02615177631378174
1 0.5861944556236267 0.45494216680526733 0.0049343109130859375 0.020230621099472046
0 0.29507094621658325 0.5975433588027954 0.07467237114906311 0.0804290771484375
0 0.415138840675354 0.5837273001670837 0.0674353837966919 0.0942450761795044
0 0.6523140668869019 0.5524587631225586 0.04506659507751465 0.035636961460113525
1 0.596392035484314 0.46382391452789307 0.00592118501663208 0.021710902452468872
0 0.40691500902175903 0.4665374755859375 0.017434507608413696 0.02368462085723877
1 0.16217389702796936 0.6232017278671265 0.028947874903678894 0.08783048391342163
0 0.34671658277511597 0.5055682063102722 0.03684273362159729 0.0436190664768219
0 0.3348742723464966 0.5176077485084534 0.03980332612991333 0.041448116302490234
1 0.20724046230316162 0.5348777770996094 0.005921155214309692 0.04983639717102051
1 0.1825689822435379 0.5477069616317749 0.01611870527267456 0.054770708084106445
0 0.316913366317749 0.527673602104187 0.04506656527519226 0.046349406242370605
0 0.5213906764984131 0.45642244815826416 0.004605352878570557 0.00296059250831604
1 0.7954086065292358 0.5926090478897095 0.011184394359588623 0.05970501899719238
0 0.19375339150428772 0.6113593578338623 0.09868595004081726 0.08980423212051392
0 0.3654669225215912 0.5023114681243896 0.019408226013183594 0.03750067949295044
1 0.1377212107181549 0.6238596439361572 0.026426002383232117 0.09802788496017456
0 0.48537006974220276 0.45642244815826416 0.004111886024475098 0.00296059250831604
1 0.588826060295105 0.6217213869094849 0.022039830684661865 0.10806113481521606
1 0.45099472999572754 0.6153068542480469 0.04177704453468323 0.10806113481521606
1 0.918437123298645 0.6523140668869019 0.026316285133361816 0.09177792072296143
1 0.26842576265335083 0.6217213869094849 0.03223741054534912 0.09819251298904419
2 0.4816960394382477 0.4534618854522705 0.004714906215667725 0.006414592266082764
0 0.6069704294204712 0.5106997489929199 0.029657721519470215 0.02911236882209778
0 0.5782996416091919 0.48317375779151917 0.011842310428619385 0.02615177631378174
1 0.5788750052452087 0.45148754119873047 0.0049343109130859375 0.016776591539382935
1 0.5819181203842163 0.6266556978225708 0.01611870527267456 0.09671223163604736
0 0.43660300970077515 0.44834253191947937 0.010773241519927979 0.016776621341705322
1 0.8717257976531982 0.6434323191642761 0.02631622552871704 0.0942450761795044
0 0.6319189667701721 0.533890962600708 0.046053409576416016 0.04588896036148071
0 0.5639752149581909 0.4648107588291168 0.01963251829147339 0.024447202682495117
0 0.9580672383308411 0.8962479829788208 0.08386552333831787 0.20750409364700317
0 0.7052138447761536 0.6044513583183289 0.08085048198699951 0.07116186618804932
0 0.5582334995269775 0.4593830406665802 0.017434537410736084 0.022204339504241943
0 0.6161291599273682 0.5200749039649963 0.037829577922821045 0.041448116302490234
0 0.27039945125579834 0.5590558052062988 0.06644853949546814 0.062172114849090576
0 0.39474374055862427 0.4786267876625061 0.01644766330718994 0.02911236882209778
1 0.2496754229068756 0.5146471858024597 0.011184394359588623 0.044408708810806274
