0 0.597543478012085 0.5711449980735779 0.01973724365234375 0.041448116302490234
0 0.8254169225692749 0.7159664630889893 0.34916621446609497 0.43717870116233826
0 0.5592203140258789 0.5491872429847717 0.014802932739257812 0.03157949447631836
0 0.4516526460647583 0.537838339805603 0.014802873134613037 0.01776343584060669
0 0.5611940622329712 0.5531346797943115 0.011184394359588623 0.03157949447631836
0 0.4812583923339844 0.5161274671554565 0.0019737184047698975 0.003947436809539795
0 0.5309303402900696 0.5200749039649963 0.013815999031066895 0.015296339988708496
1 0.3940858542919159 0.533890962600708 0.008552789688110352 0.019737184047698975
0 0.469087153673172 0.5462266802787781 0.021053016185760498 0.02615177631378174
0 0.4388234615325928 0.5699113011360168 0.038487523794174194 0.05230355262756348
0 0.5944182872772217 0.5630033016204834 0.028618931770324707 0.03996783494949341
1 0.11776521801948547 0.6034644842147827 0.036184847354888916 0.10954135656356812
1 0.6753407716751099 0.5610295534133911 0.01611870527267456 0.046875834465026855
0 0.4746793508529663 0.5146471261978149 0.0055921971797943115 0.008388340473175049
0 0.49869292974472046 0.5284631848335266 0.03782960772514343 0.05526411533355713
0 0.5335619449615479 0.5309303402900696 0.01381605863571167 0.012335777282714844
0 0.469087153673172 0.5200749039649963 0.011842310428619385 0.017763495445251465
0 0.5509964823722839 0.5491872429847717 0.009210705757141113 0.02368462085723877
0 0.4019807279109955 0.5324106216430664 0.019408226013183594 0.020724058151245117
1 0.030263686552643776 0.5792864561080933 0.027632061392068863 0.09375166893005371
0 0.47928470373153687 0.5161274671554565 0.004605352878570557 0.008388280868530273
0 0.5013245344161987 0.5462266802787781 0.03684276342391968 0.03157949447631836
0 0.47007399797439575 0.5146471261978149 0.009210675954818726 0.012335717678070068
0 0.4204021096229553 0.5822470188140869 0.054277271032333374 0.06463927030563354
0 0.43323126435279846 0.5422792434692383 0.01842135190963745 0.010855436325073242
0 0.49211385846138 0.6108659505844116 0.09013313055038452 0.11299538612365723
0 0.5207327604293823 0.5422792434692383 0.01842135190963745 0.01776343584060669
0 0.5806022882461548 0.5560952425003052 0.028618931770324707 0.03996783494949341
0 0.5519833564758301 0.537838339805603 0.04704028367996216 0.024671494960784912
0 0.5355356931686401 0.5531346797943115 0.025658369064331055 0.03157949447631836
0 0.46382391452789307 0.5240223407745361 0.017434507608413696 0.01924377679824829
0 0.4361918568611145 0.537838339805603 0.025000423192977905 0.01776343584060669
1 0.17006877064704895 0.5935959219932556 0.03125055134296417 0.11102163791656494
0 0.46645551919937134 0.5215551853179932 0.011842310428619385 0.010855436325073242
0 0.6256688833236694 0.5723784565925598 0.0578957200050354 0.07056045532226562
0 0.37434864044189453 0.5669506788253784 0.048685044050216675 0.059211552143096924
0 0.3338874280452728 0.5570821166038513 0.07631713151931763 0.04983639717102051
0 0.5713915824890137 0.5531346797943115 0.028618931770324707 0.03848755359649658
0 0.40658605098724365 0.5516543388366699 0.02401357889175415 0.022204339504241943
0 0.4552711248397827 0.5363580584526062 0.012829184532165527 0.017763495445251465
