0 0.4772014021873474 0.40362548828125 0.021930187940597534 0.028783410787582397
0 0.5201845765113831 0.4445801377296448 0.02916717529296875 0.05559304356575012
0 0.469087153673172 0.3962240219116211 0.027961015701293945 0.03700724244117737
0 0.5019824504852295 0.4268166720867157 0.040790170431137085 0.04440867900848389
0 0.3227030038833618 0.40263861417770386 0.025329381227493286 0.03799408674240112
0 0.4460604190826416 0.3937568962574005 0.009210675954818726 0.016776621341705322
1 0.14901575446128845 0.43372470140457153 0.020724043250083923 0.059211552143096924
0 0.5641546249389648 0.4855348467826843 0.06283003091812134 0.06858673691749573
0 0.5539571046829224 0.4574093222618103 0.07993561029434204 0.0789487361907959
1 0.5276408195495605 0.4070794880390167 0.009210705757141113 0.02911233901977539
0 0.48092949390411377 0.4204021096229553 0.029605776071548462 0.04342183470726013
0 0.3365190625190735 0.4001714587211609 0.008552759885787964 0.02664521336555481
0 0.45066577196121216 0.3994312882423401 0.016941040754318237 0.017270028591156006
1 0.22237232327461243 0.42188239097595215 0.008552774786949158 0.04095467925071716
0 0.43213480710983276 0.39309895038604736 0.02357494831085205 0.02911233901977539
0 0.27730751037597656 0.4275568127632141 0.04342183470726013 0.04786267876625061
0 0.3049395680427551 0.4154677987098694 0.0289478600025177 0.03700721263885498
0 0.31776875257492065 0.40979325771331787 0.024671465158462524 0.0325663685798645
