0 0.5891550779342651 0.49491000175476074 0.010526478290557861 0.03157952427864075
0 0.5523122549057007 0.4806005358695984 0.009539663791656494 0.023191183805465698
0 0.44277089834213257 0.48898881673812866 0.017434507608413696 0.023191213607788086
0 0.5552728772163391 0.48306769132614136 0.008552789688110352 0.020230621099472046
0 0.38941341638565063 0.5124763250350952 0.01842138171195984 0.043421804904937744
0 0.4790484309196472 0.4647407531738281 0.010526478290557861 0.01240578293800354
1 0.6463928818702698 0.5111931562423706 0.01578974723815918 0.06759989261627197
1 0.8068623542785645 0.5378842353820801 0.02230912446975708 0.07204073667526245
0 0.5167853832244873 0.47023850679397583 0.007565915584564209 0.009868592023849487
0 0.39277005195617676 0.500831127166748 0.04144808650016785 0.053290367126464844
0 0.5648125410079956 0.486028254032135 0.017434537410736084 0.02615177631378174
0 0.47533726692199707 0.4731990694999695 0.009539663791656494 0.011348903179168701
0 0.3648090064525604 0.6710643768310547 0.392769992351532 0.2812548875808716
1 0.7379239201545715 0.5067522525787354 0.013898849487304688 0.054277241230010986
0 0.4138230085372925 0.4978705644607544 0.017434507608413696 0.043421775102615356
0 0.4878374934196472 0.4791202247142792 0.017434507608413696 0.020230591297149658
0 0.5832338929176331 0.4904690980911255 0.02203989028930664 0.03157949447631836
1 0.2861891984939575 0.5102062821388245 0.01118442416191101 0.05279695987701416
1 0.8829101920127869 0.5560952425003052 0.026316285133361816 0.10362023115158081
0 0.5072441697120667 0.4672779142856598 0.0049343109130859375 0.0044408440589904785
0 0.5067499279975891 0.47838127613067627 0.01398131251335144 0.014309436082839966
1 0.2850421071052551 0.5081213116645813 0.016529589891433716 0.059443920850753784
1 0.18540269136428833 0.5469057559967041 0.02060125768184662 0.09325820207595825
1 0.3331183195114136 0.4919493794441223 0.011184394359588623 0.020230621099472046
1 0.6649926900863647 0.5115522146224976 0.014863073825836182 0.05427730083465576
1 0.9467270970344543 0.5674441456794739 0.02993476390838623 0.12829172611236572
0 0.4437577724456787 0.486028254032135 0.01842138171195984 0.027632057666778564
0 0.36447882652282715 0.5121800303459167 0.04243585467338562 0.05329039692878723
0 0.4243495464324951 0.4978705644607544 0.010526508092880249 0.027632027864456177
1 0.330268919467926 0.48811453580856323 0.01090666651725769 0.022959768772125244
1 0.753905177116394 0.5111931562423706 0.015680313110351562 0.04966926574707031
0 0.4388234615325928 0.4904690980911255 0.014473944902420044 0.02615177631378174
1 0.7493551969528198 0.5447463989257812 0.027632057666778564 0.08240276575088501
0 0.4213874638080597 0.5017196536064148 0.006579041481018066 0.029112935066223145
1 0.700380802154541 0.5174914598464966 0.01484137773513794 0.03558546304702759
0 0.5832338929176331 0.49342969059944153 0.012500166893005371 0.027632057666778564
0 0.34276914596557617 0.5220485925674438 0.06052735447883606 0.05329042673110962
0 0.46185019612312317 0.4791202247142792 0.007565915584564209 0.027632057666778564
1 0.27566272020339966 0.5077391862869263 0.014144986867904663 0.05625098943710327
0 0.5586545467376709 0.4826449751853943 0.007565915584564209 0.021710902452468872
0 0.4342181086540222 0.4919493794441223 0.014473944902420044 0.02615174651145935
1 0.9111711978912354 0.5515652894973755 0.02652573585510254 0.10137754678726196
0 0.4491003751754761 0.47171878814697266 0.023026734590530396 0.04046124219894409
0 0.886273205280304 0.8085169196128845 0.2274535894393921 0.38296616077423096
0 0.6072474718093872 0.49342969059944153 0.0365138053894043 0.048849523067474365
0 0.5776416659355164 0.48750853538513184 0.025000452995300293 0.03157949447631836
1 0.6043328046798706 0.500267505645752 0.011184394359588623 0.04046124219894409
1 0.7035205364227295 0.49214646220207214 0.010526537895202637 0.0274999737739563
0 0.5417858362197876 0.48306766152381897 0.01842135190963745 0.023191213607788086
1 0.06842225044965744 0.5482003688812256 0.02861892059445381 0.09325820207595825
1 0.04177374765276909 0.5546152591705322 0.025658344849944115 0.11842310428619385
1 0.32181334495544434 0.49584782123565674 0.005855828523635864 0.036020368337631226
0 0.49079805612564087 0.47023850679397583 0.007565915584564209 0.009868592023849487
1 0.30723944306373596 0.5019832253456116 0.011952459812164307 0.04440963268280029
0 0.4513236880302429 0.486028254032135 0.006579041481018066 0.027632057666778564
0 0.554286003112793 0.4806005358695984 0.009539663791656494 0.023191183805465698
1 0.7023601531982422 0.5355131030082703 0.00822383165359497 0.013393521308898926
0 0.4243495464324951 0.49342969059944153 0.01842138171195984 0.030099213123321533
1 0.18870368599891663 0.5500507354736328 0.02508266270160675 0.09503459930419922
