0 0.4013228118419647 0.5743521451950073 0.026645183563232422 0.03602039813995361
0 0.19786687195301056 0.5963084697723389 0.10937532782554626 0.06439018249511719
0 0.6355374455451965 0.633563756942749 0.07829082012176514 0.08585673570632935
0 0.38619160652160645 0.5779688358306885 0.03125053644180298 0.03914457559585571
0 0.756920337677002 0.5923618078231812 0.09029728174209595 0.05205667018890381
0 0.5065878033638 0.5837273001670837 0.03519797325134277 0.038980960845947266
0 0.653958797454834 0.5753390192985535 0.05526411533355713 0.03305983543395996
0 0.49639028310775757 0.5674441456794739 0.02039507031440735 0.024671435356140137
0 0.315466046333313 0.6074119806289673 0.06381690502166748 0.06513267755508423
0 0.56843101978302 0.5852075815200806 0.04046124219894409 0.04687577486038208
0 0.14572623372077942 0.6172805428504944 0.12072580307722092 0.05674445629119873
0 0.531259298324585 0.5743521451950073 0.005592226982116699 0.005427718162536621
0 0.24967586994171143 0.5874276161193848 0.04704028367996216 0.03379976749420166
0 0.6190897822380066 0.5674441456794739 0.04440867900848389 0.037500619888305664
0 0.5444173812866211 0.565963864326477 0.02401357889175415 0.03157949447631836
0 0.6319189667701721 0.5560952425003052 0.009210705757141113 0.010855436325073242
0 0.2869202792644501 0.575393795967102 0.034174561500549316 0.03223741054534912
0 0.48158740997314453 0.6819198131561279 0.1384892761707306 0.16875296831130981
0 0.6963937282562256 0.5782996416091919 0.07927769422531128 0.051316678524017334
