0 0.38037991523742676 0.5265702605247498 0.016063153743743896 0.01578974723815918
0 0.2921103835105896 0.5195814371109009 0.013816028833389282 0.00789487361907959
0 0.5743521451950073 0.5156340599060059 0.011842310428619385 0.01776343584060669
0 0.23777294158935547 0.5413899421691895 0.03809159994125366 0.033059775829315186
0 0.315466046333313 0.5146471261978149 0.003289520740509033 0.006907999515533447
0 0.37204599380493164 0.5259960293769836 0.008552789688110352 0.01578974723815918
0 0.1345418393611908 0.5605361461639404 0.06513272225856781 0.0577312707901001
0 0.2993473410606384 0.5417858362197876 0.09243583679199219 0.05181008577346802
1 0.004605631809681654 0.525502622127533 0.005921156611293554 0.022697806358337402
0 0.05329040437936783 0.5718849897384644 0.0710538774728775 0.05279695987701416
0 0.519745945930481 0.5467200875282288 0.03848755359649658 0.04786264896392822
0 0.4730345904827118 0.5116865634918213 0.03190845251083374 0.05575758218765259
0 0.14178058505058289 0.5263245701789856 0.03826850652694702 0.01743495464324951
1 0.5957341194152832 0.5176077485084534 0.003947436809539795 0.014802932739257812
0 0.34737449884414673 0.5299434661865234 0.011842310428619385 0.016776621341705322
0 0.5095484256744385 0.5195814371109009 0.011842310428619385 0.01381605863571167
0 0.1582273542881012 0.5259960889816284 0.020724043250083923 0.018421828746795654
0 0.19079281389713287 0.520568311214447 0.011184394359588623 0.005921125411987305
1 0.5904709100723267 0.5161274671554565 0.004605352878570557 0.014802873134613037
0 0.28421550989151 0.5259960293769836 0.008552789688110352 0.00789487361907959
0 0.18197689950466156 0.5234959721565247 0.009868592023849487 0.012302875518798828
0 0.0860784500837326 0.5329040884971619 0.024671487510204315 0.020394206047058105
0 0.16776609420776367 0.5269829034805298 0.020724058151245117 0.018750309944152832
0 0.25822821259498596 0.5126734375953674 0.023355677723884583 0.03305980563163757
0 0.33917900919914246 0.5269085764884949 0.007382988929748535 0.013815999031066895
1 0.9794521331787109 0.5494310855865479 0.01743447780609131 0.032566964626312256
0 0.18750327825546265 0.5486937761306763 0.0460534393787384 0.03898090124130249
1 0.13849028944969177 0.5274311304092407 0.006908014416694641 0.01825690269470215
0 0.6493535041809082 0.5116865634918213 0.07039600610733032 0.1307588517665863
0 0.4937586188316345 0.5166208744049072 0.009868592023849487 0.011842310428619385
1 0.15033158659934998 0.5802732706069946 0.034211114048957825 0.10806113481521606
0 0.581918478012085 0.5205657482147217 0.015460789203643799 0.01578974723815918
0 0.5556018352508545 0.5166208744049072 0.016776621341705322 0.020724058151245117
0 0.9541028738021851 0.7174506187438965 0.09179431200027466 0.3138309717178345
0 0.52303546667099 0.5156340599060059 0.010526537895202637 0.014802873134613037
1 0.10007530450820923 0.5839223861694336 0.031250543892383575 0.10391473770141602
0 0.006414585746824741 0.5338909029960632 0.012829171493649483 0.010855436325073242
0 0.10921243578195572 0.5289566516876221 0.01611870527267456 0.00789487361907959
