0 0.5322461724281311 0.5028048753738403 0.007236957550048828 0.0098685622215271
0 0.07467235624790192 0.5417857766151428 0.04671134799718857 0.01578974723815918
0 0.0345400795340538 0.5398120880126953 0.04375076666474342 0.03799408674240112
0 0.21217477321624756 0.5225419998168945 0.021381959319114685 0.025164902210235596
0 0.3937568962574005 0.5077391862869263 0.008552789688110352 0.008881747722625732
0 0.5222679376602173 0.5047785639762878 0.004605293273925781 0.007565855979919434
0 0.2817934453487396 0.5169796347618103 0.010406911373138428 0.014354228973388672
0 0.5286276340484619 0.5822470188140869 0.08322510123252869 0.106087327003479
0 0.4782978296279907 0.5097128748893738 0.010526508092880249 0.013815999031066895
0 0.5049430131912231 0.5021469593048096 0.02927681803703308 0.046546876430511475
0 0.23355671763420105 0.5250092148780823 0.02138194441795349 0.01578974723815918
0 0.2569124102592468 0.5215551853179932 0.01875033974647522 0.011842310428619385
0 0.34847110509872437 0.5136603116989136 0.0150221586227417 0.011184394359588623
0 0.3233609199523926 0.5146471261978149 0.01611870527267456 0.011842310428619385
0 0.44836312532424927 0.5018180012702942 0.0500008761882782 0.0863502025604248
0 0.3246767222881317 0.5087260007858276 0.00789487361907959 0.0029605627059936523
0 0.1671081930398941 0.5309303402900696 0.00789487361907959 0.01578974723815918
0 0.488495409488678 0.5087260007858276 0.009210675954818726 0.010855436325073242
0 0.30066317319869995 0.5319172143936157 0.04736927151679993 0.04786264896392822
0 0.4013228118419647 0.5087260007858276 0.007236957550048828 0.006908059120178223
0 0.4721299707889557 0.5053954124450684 0.0066612958908081055 0.009991943836212158
0 0.5069167613983154 0.53902268409729 0.039145439863204956 0.04332321882247925
0 0.12960752844810486 0.5319172143936157 0.00921069085597992 0.025164902210235596
0 0.3327908515930176 0.5120155811309814 0.009649336338043213 0.010855495929718018
0 0.3825724720954895 0.509712815284729 0.009210675954818726 0.008881747722625732
0 0.2822417616844177 0.5156340003013611 0.01118442416191101 0.01578974723815918
0 0.3539535403251648 0.5106997489929199 0.009210675954818726 0.008881747722625732
0 0.37796714901924133 0.5077391862869263 0.004605352878570557 0.006907999515533447
0 0.3753355145454407 0.5087260007858276 0.004605352878570557 0.010855436325073242
0 0.2746758460998535 0.5156340599060059 0.010526508092880249 0.01381605863571167
0 0.4171125590801239 0.5195814371109009 0.016776621341705322 0.025164902210235596
0 0.5381672978401184 0.5028048753738403 0.008552789688110352 0.008881747722625732
0 0.41382303833961487 0.505765438079834 0.00789487361907959 0.005921125411987305
0 0.3713880181312561 0.5106997489929199 0.009868621826171875 0.010855495929718018
