0 0.3477034568786621 0.5477069616317749 0.025658339262008667 0.02615177631378174
0 0.523857831954956 0.5309303402900696 0.012335717678070068 0.017763495445251465
0 0.8551050424575806 0.7406384944915771 0.28978991508483887 0.2647256851196289
0 0.36727625131607056 0.5375916957855225 0.036349326372146606 0.035403668880462646
0 0.22631976008415222 0.5768193006515503 0.09112001955509186 0.06611955165863037
0 0.41473937034606934 0.5284631848335266 0.02434214949607849 0.023411154747009277
0 0.3559272885322571 0.5393186807632446 0.04144808650016785 0.030592620372772217
0 0.05904708430171013 0.6774789094924927 0.11809416860342026 0.24276739358901978
0 0.531423807144165 0.526242733001709 0.010115265846252441 0.021464169025421143
1 0.14342355728149414 0.5694178342819214 0.01611870527267456 0.06266552209854126
0 0.8461772799491882 0.5546151399612427 0.14265620708465576 0.06809335947036743
0 0.3092159330844879 0.5407989025115967 0.028618931770324707 0.012335717678070068
0 0.5539571046829224 0.5407989621162415 0.06611961126327515 0.07598817348480225
0 0.9367675185203552 0.5876747369766235 0.12646496295928955 0.09523195028305054
0 0.4490211606025696 0.5284631848335266 0.017927944660186768 0.024178028106689453
0 0.27401795983314514 0.5477069616317749 0.04046124219894409 0.012335777282714844
0 0.5003377199172974 0.52303546667099 0.013816028833389282 0.015296339988708496
1 0.46382391452789307 0.5210617780685425 0.0016447603702545166 0.006414592266082764
0 0.36250633001327515 0.5462266802787781 0.02039507031440735 0.02911233901977539
0 0.519745945930481 0.5240223407745361 0.01743447780609131 0.01924377679824829
0 0.4829031825065613 0.525502622127533 0.017434507608413696 0.02368462085723877
1 0.32155120372772217 0.5274763107299805 0.004276394844055176 0.006784677505493164
0 0.9462249279022217 0.52303546667099 0.10755014419555664 0.05378386378288269
0 0.5723784565925598 0.5516543984413147 0.05888259410858154 0.0730276107788086
0 0.29704466462135315 0.5447463989257812 0.02401357889175415 0.010855495929718018
0 0.3983622193336487 0.5560952425003052 0.054277271032333374 0.06463927030563354
0 0.5049430131912231 0.5600427389144897 0.05065876245498657 0.059211552143096924
0 0.31365662813186646 0.5400587320327759 0.056086450815200806 0.022697627544403076
0 0.31645292043685913 0.5876747369766235 0.15822646021842957 0.08536332845687866
0 0.4572448432445526 0.52303546667099 0.011842310428619385 0.015296339988708496
0 0.9508302211761475 0.8925232887268066 0.0983394980430603 0.21495336294174194
0 0.5023114085197449 0.5269829034805298 0.016447633504867554 0.015296339988708496
