0 0.31086069345474243 0.5087260007858276 0.005263239145278931 0.003947436809539795
0 0.5315882563591003 0.5250092148780823 0.020724058151245117 0.02615177631378174
0 0.46382391452789307 0.5087260007858276 0.003289520740509033 0.0029605627059936523
0 0.5102063417434692 0.5087260007858276 0.003289520740509033 0.0049343109130859375
0 0.3480324149131775 0.5106997489929199 0.006579071283340454 0.0029606223106384277
0 0.49902188777923584 0.5087260007858276 0.005263239145278931 0.0049343109130859375
0 0.5016535520553589 0.500831127166748 0.0026316046714782715 0.0029605627059936523
0 0.4039544463157654 0.5067558288574219 0.004931360483169556 0.003947436809539795
0 0.5276408195495605 0.5087260007858276 0.009868621826171875 0.011842310428619385
0 0.504616916179657 0.5092185735702515 0.00789487361907959 0.011842310428619385
0 0.3753308057785034 0.5067558288574219 0.007567673921585083 0.00740581750869751
0 0.44277238845825195 0.5102085471153259 0.009868592023849487 0.012582063674926758
0 0.38717782497406006 0.5225420594215393 0.027303099632263184 0.031086087226867676
0 0.3286241888999939 0.5289566516876221 0.04309287667274475 0.04588896036148071
0 0.030099211260676384 0.5935958623886108 0.06019842252135277 0.14260119199752808
0 0.1843956857919693 0.5181033611297607 0.017657577991485596 0.007238447666168213
0 0.24868857860565186 0.5106997489929199 0.011184409260749817 0.003947436809539795
0 0.45856064558029175 0.5269829034805298 0.02138194441795349 0.023191213607788086
0 0.47040295600891113 0.5106997489929199 0.003289550542831421 0.003947436809539795
0 0.4629061222076416 0.5148468017578125 0.01315811276435852 0.013026893138885498
0 0.47961366176605225 0.5329040288925171 0.025987297296524048 0.030099213123321533
0 0.14704203605651855 0.5866879224777222 0.23947785794734955 0.21266821026802063
0 0.3167818486690521 0.5067522525787354 0.00789487361907959 0.003947436809539795
0 0.42406702041625977 0.506189227104187 0.0031953752040863037 0.003947436809539795
0 0.5204038619995117 0.5087260007858276 0.0026316046714782715 0.003947436809539795
0 0.41842836141586304 0.5195814371109009 0.02072402834892273 0.02319115400314331
0 0.47566622495651245 0.5126734375953674 0.009868592023849487 0.009868621826171875
0 0.0710538774728775 0.5195814371109009 0.01118440181016922 0.004934251308441162
0 0.4842190146446228 0.5106997489929199 0.006579071283340454 0.0049343109130859375
0 0.5177721977233887 0.5087260007858276 0.006579101085662842 0.003947436809539795
0 0.209121972322464 0.514918327331543 0.014118880033493042 0.005024969577789307
