0 0.5164563655853271 0.505765438079834 0.00592118501663208 0.009868621826171875
0 0.3878355622291565 0.51148921251297 0.009210675954818726 0.009868621826171875
0 0.3128344416618347 0.5176077485084534 0.013816028833389282 0.013815999031066895
0 0.2940840721130371 0.5215551853179932 0.006579071283340454 0.011842310428619385
0 0.32445716857910156 0.5162918567657471 0.010526567697525024 0.013487100601196289
0 0.22237232327461243 0.5279697775840759 0.018750324845314026 0.013815999031066895
0 0.508232593536377 0.5758324861526489 0.0710538923740387 0.09079104661941528
0 0.47040295600891113 0.5146471261978149 0.009210675954818726 0.01381605863571167
0 0.4983639717102051 0.505765438079834 0.029934734106063843 0.046875834465026855
0 0.08125142008066177 0.5407989621162415 0.03190845251083374 0.02615177631378174
0 0.33322951197624207 0.5156340003013611 0.012500226497650146 0.012829184532165527
0 0.011924550868570805 0.5506675243377686 0.02384910173714161 0.033059775829315186
0 0.4190862774848938 0.5106997489929199 0.005921155214309692 0.003947436809539795
0 0.4444156885147095 0.505765438079834 0.046711355447769165 0.08092248439788818
0 0.34737449884414673 0.5156340599060059 0.011842310428619385 0.010855495929718018
0 0.4789557456970215 0.5146471261978149 0.008552789688110352 0.010855495929718018
0 0.3707301616668701 0.5240223407745361 0.027961015701293945 0.033059775829315186
0 0.4674423635005951 0.5100089311599731 0.006710648536682129 0.007105410099029541
0 0.4983639717102051 0.5407989025115967 0.038487523794174194 0.03898090124130249
0 0.1828979253768921 0.5309303402900696 0.02532939612865448 0.02516496181488037
0 0.13158124685287476 0.5398120880126953 0.032566361129283905 0.024178028106689453
0 0.2828996777534485 0.5225420594215393 0.02138194441795349 0.01578974723815918
0 0.15888434648513794 0.537838339805603 0.037171706557273865 0.02171093225479126
0 0.4844124913215637 0.5128476023674011 0.00472143292427063 0.012480854988098145
0 0.30263686180114746 0.5205683708190918 0.00789487361907959 0.011842310428619385
0 0.2648072838783264 0.5240223407745361 0.02072402834892273 0.018750309944152832
0 0.40066489577293396 0.5111930966377258 0.00789487361907959 0.010855436325073242
0 0.42237579822540283 0.5250091552734375 0.0019737184047698975 0.010855495929718018
0 0.5875102281570435 0.5047785639762878 0.016776621341705322 0.010855436325073242
0 0.5210617780685425 0.5097128748893738 0.00789487361907959 0.009868621826171875
0 0.3579009771347046 0.5126734375953674 0.005921155214309692 0.009868621826171875
0 0.2361883521080017 0.5279697775840759 0.02796103060245514 0.018750309944152832
