0 0.6134976148605347 0.5215551853179932 0.053619325160980225 0.05526411533355713
0 0.8759934306144714 0.7126681804656982 0.24801313877105713 0.5746636390686035
0 0.6687619686126709 0.5528879165649414 0.0664486289024353 0.0759882926940918
0 0.37171703577041626 0.531423807144165 0.05526411533355713 0.08733707666397095
0 0.7837862968444824 0.5982013940811157 0.10087960958480835 0.11250227689743042
0 0.3957306146621704 0.5215551853179932 0.04440867900848389 0.07204070687294006
0 0.7265625596046448 0.5768191814422607 0.09502017498016357 0.09833317995071411
0 0.08536333590745926 0.8082702159881592 0.17072667181491852 0.3834596276283264
0 0.415138840675354 0.5023114085197449 0.01842135190963745 0.03454005718231201
0 0.5830695629119873 0.5057653188705444 0.03733617067337036 0.0513167679309845
0 0.2536228597164154 0.6241885423660278 0.16250284016132355 0.19095730781555176
0 0.5470490455627441 0.48701512813568115 0.041448116302490234 0.05279698967933655
0 0.4269811511039734 0.5077391266822815 0.012829184532165527 0.023684591054916382
0 0.35066401958465576 0.5477069616317749 0.07763293385505676 0.10115304589271545
0 0.39309898018836975 0.48701512813568115 0.02401357889175415 0.008388310670852661
0 0.41415196657180786 0.5062588453292847 0.01282915472984314 0.03750067949295044
