0 0.4493499994277954 0.5231176614761353 0.00789487361907959 0.00789487361907959
0 0.45231056213378906 0.6113593578338623 0.23355674743652344 0.1386536955833435
0 0.45231056213378906 0.5409963130950928 0.018355578184127808 0.0257570743560791
0 0.30872252583503723 0.5447463989257812 0.02401357889175415 0.0310860276222229
0 0.2616273760795593 0.5378383994102478 0.01337742805480957 0.01019752025604248
0 0.35461145639419556 0.5368515253067017 0.02072402834892273 0.02417808771133423
0 0.2802680730819702 0.5472134947776794 0.03190845251083374 0.03602039813995361
1 0.41579675674438477 0.5383317470550537 0.009539633989334106 0.024671494960784912
0 0.4944165349006653 0.5259960889816284 0.019408226013183594 0.011842310428619385
0 0.3233609199523926 0.5407989025115967 0.01611870527267456 0.02911233901977539
0 0.021381953731179237 0.5526412725448608 0.014473938383162022 0.011842310428619385
0 0.1210547387599945 0.5738587379455566 0.06381690502166748 0.05773133039474487
0 0.06118527799844742 0.5926090478897095 0.07401445508003235 0.05970501899719238
0 0.05855365842580795 0.5526412725448608 0.01611870527267456 0.011842310428619385
0 0.08784162998199463 0.5615229606628418 0.013827182352542877 0.011842310428619385
0 0.004041424486786127 0.5635671615600586 0.008082848973572254 0.009304702281951904
0 0.15822646021842957 0.5626331567764282 0.019408240914344788 0.019737184047698975
0 0.26020193099975586 0.5556018352508545 0.025329381227493286 0.031086087226867676
0 0.33510202169418335 0.5403434038162231 0.019408226013183594 0.025164902210235596
0 0.19572713971138 0.568760097026825 0.04736924171447754 0.039967894554138184
0 0.23553043603897095 0.5556018352508545 0.04111914336681366 0.03898090124130249
0 0.03059263527393341 0.5531346797943115 0.007236974313855171 0.008881747722625732
0 0.46974506974220276 0.5289566516876221 0.008552789688110352 0.011842310428619385
0 0.2940840721130371 0.5380357503890991 0.01197388768196106 0.011052846908569336
0 0.44112613797187805 0.538825273513794 0.025329411029815674 0.019737184047698975
