0 0.40855979919433594 0.4771465063095093 0.03684273362159729 0.027632057666778564
0 0.32928207516670227 0.4840545058250427 0.004605352878570557 0.02072402834892273
0 0.40855976939201355 0.4954034090042114 0.03223741054534912 0.03454005718231201
0 0.33684802055358887 0.4731990694999695 0.025987297296524048 0.015296339988708496
0 0.5931024551391602 0.4939231276512146 0.055264174938201904 0.02615177631378174
0 0.4723767042160034 0.46629106998443604 0.038816481828689575 0.022204309701919556
0 0.5225419998168945 0.4620968699455261 0.040954649448394775 0.01924377679824829
0 0.43915241956710815 0.5106997489929199 0.0424349308013916 0.049836426973342896
0 0.4403037428855896 0.46341264247894287 0.041173964738845825 0.02072402834892273
0 0.3532956540584564 0.46333047747612 0.026645183563232422 0.01924377679824829
0 0.3569141626358032 0.531423807144165 0.10625186562538147 0.11348885297775269
0 0.6452414989471436 0.49540334939956665 0.022697746753692627 0.024178028106689453
1 0.1615159809589386 0.500831127166748 0.021710902452468872 0.08684360980987549
