0 0.4618501663208008 0.5136603116989136 0.006579071283340454 0.009868621826171875
0 0.5907998085021973 0.5437594652175903 0.046053409576416016 0.03799408674240112
0 0.34540078043937683 0.5348776578903198 0.020724058151245117 0.025164902210235596
0 0.29618939757347107 0.5260947346687317 0.010526478290557861 0.005526423454284668
0 0.42977726459503174 0.5204447507858276 0.00805935263633728 0.011842310428619385
0 0.32401883602142334 0.5348776578903198 0.024671465158462524 0.029112398624420166
1 0.10625185817480087 0.5713915824890137 0.02401357889175415 0.06069183349609375
0 0.36727625131607056 0.5299433469772339 0.020066171884536743 0.024671554565429688
0 0.9036341905593872 0.5225420594215393 0.16447657346725464 0.08388307690620422
0 0.3103998899459839 0.6644527316093445 0.1548713892698288 0.17526650428771973
0 0.22237232327461243 0.5496807098388672 0.03914542496204376 0.040954649448394775
0 0.18355584144592285 0.5644835233688354 0.0460534393787384 0.04588896036148071
0 0.09769915044307709 0.548200249671936 0.012500189244747162 0.008881688117980957
0 0.1639833003282547 0.5521477460861206 0.026645272970199585 0.016776621341705322
0 0.4865216612815857 0.5182656049728394 0.003947436809539795 0.0098685622215271
0 0.31086069345474243 0.5437594652175903 0.016776591539382935 0.025164902210235596
0 0.47796884179115295 0.5176076889038086 0.013158142566680908 0.012829124927520752
0 0.4000070095062256 0.5250091552734375 0.013816028833389282 0.012829124927520752
0 0.6825777292251587 0.5437595248222351 0.12237060070037842 0.06069183349609375
0 0.2651362419128418 0.550667405128479 0.03388217091560364 0.031579554080963135
0 0.29276829957962036 0.542772650718689 0.029934734106063843 0.03207290172576904
0 0.508232593536377 0.5161274671554565 0.017105579376220703 0.011842310428619385
0 0.5477069616317749 0.5556018352508545 0.1269758939743042 0.06167870759963989
0 0.42135247588157654 0.5219388008117676 0.010014772415161133 0.012390553951263428
0 0.1584731638431549 0.77419114112854 0.3169463276863098 0.30247241258621216
