0 0.6823318004608154 0.5343846082687378 0.07623523473739624 0.04860299825668335
0 0.5868523716926575 0.5259960293769836 0.01578974723815918 0.015296339988708496
0 0.6204055547714233 0.5343843698501587 0.03355318307876587 0.015296339988708496
0 0.14704205095767975 0.540305495262146 0.06184319406747818 0.03207290172576904
0 0.6562614440917969 0.5324106216430664 0.03421109914779663 0.03996777534484863
0 0.5615229606628418 0.5383318066596985 0.037829577922821045 0.04736924171447754
0 0.5901418924331665 0.5136603116989136 0.010855436325073242 0.009375154972076416
0 0.5983657836914062 0.5240223407745361 0.008881747722625732 0.019737184047698975
0 0.786094069480896 0.6544561982154846 0.17555582523345947 0.16744112968444824
0 0.9470560550689697 0.585701048374176 0.10098862648010254 0.10707426071166992
0 0.546391487121582 0.5373454093933105 0.00526350736618042 0.02171093225479126
