0 0.4477052092552185 0.4820808172225952 0.00789487361907959 0.006908029317855835
0 0.49556684494018555 0.49520009756088257 0.005121290683746338 0.003947436809539795
0 0.5265129804611206 0.49688369035720825 0.004605352878570557 0.010855436325073242
0 0.5391541719436646 0.49441656470298767 0.007565975189208984 0.010362029075622559
0 0.491784930229187 0.537838339805603 0.0480271577835083 0.048849523067474365
0 0.4131651222705841 0.4880019724369049 0.008552789688110352 0.00789487361907959
0 0.47369247674942017 0.4899756908416748 0.006579071283340454 0.009868592023849487
0 0.427087664604187 0.4858088493347168 0.0046787261962890625 0.008552998304367065
0 0.5309292674064636 0.5001742839813232 0.011623382568359375 0.015131324529647827
0 0.3786250352859497 0.497870534658432 0.010526508092880249 0.006907999515533447
0 0.4444156885147095 0.48898881673812866 0.008552759885787964 0.00789487361907959
0 0.09743943810462952 0.5724777579307556 0.1482233703136444 0.1228640079498291
0 0.47369250655174255 0.4820808172225952 0.007236957550048828 0.006908029317855835
0 0.43520498275756836 0.49293625354766846 0.009210705757141113 0.010855436325073242
0 0.1384892612695694 0.5077391862869263 0.04473762959241867 0.018750369548797607
0 0.41734737157821655 0.48884785175323486 0.007518947124481201 0.011137425899505615
0 0.5479888916015625 0.4981525242328644 0.012406229972839355 0.011842310428619385
0 0.5282987356185913 0.4746793508529663 0.006579041481018066 0.005921155214309692
0 0.33191370964050293 0.5231341123580933 0.05776417255401611 0.06246820092201233
0 0.4957323670387268 0.500831127166748 0.02927684783935547 0.04786264896392822
0 0.5463911294937134 0.5136603116989136 0.028618931770324707 0.031086087226867676
0 0.4516526460647583 0.49885743856430054 0.008552789688110352 0.01085546612739563
0 0.4000070095062256 0.4958968460559845 0.009210675954818726 0.00789487361907959
0 0.5164563655853271 0.49885740876197815 0.017434537410736084 0.02713865041732788
0 0.409655898809433 0.4866862893104553 0.003289520740509033 0.005921155214309692
0 0.5184301137924194 0.47566622495651245 0.00789487361907959 0.006907999515533447
0 0.1008070707321167 0.7536641955375671 0.2016141414642334 0.2787870168685913
0 0.3532956540584564 0.49688369035720825 0.011842310428619385 0.012829184532165527
0 0.3884936571121216 0.48898881673812866 0.008552759885787964 0.010855436325073242
0 0.4789557456970215 0.4820808172225952 0.00789487361907959 0.006908029317855835
