1 0.3059264123439789 0.5847141742706299 0.04079020023345947 0.11200857162475586
1 0.022039858624339104 0.5926090478897095 0.03157949820160866 0.0804290771484375
1 0.1460551917552948 0.7450788021087646 0.07829084992408752 0.3439205288887024
1 0.3925493359565735 0.5106997489929199 0.002631634473800659 0.006414592266082764
0 0.3348742723464966 0.5345874428749084 0.011184394359588623 0.02911233901977539
0 0.3776155114173889 0.5190880298614502 0.016447633504867554 0.017763495445251465
1 0.7986981868743896 0.5630033016204834 0.03157949447631836 0.10460704565048218
1 0.05082325637340546 0.8191256523132324 0.10164651274681091 0.36174869537353516
1 0.33754828572273254 0.5587577819824219 0.019408226013183594 0.07337290048599243
0 0.5536280870437622 0.5353711843490601 0.059869468212127686 0.08042901754379272
1 0.3822435438632965 0.570898175239563 0.03980332612991333 0.10312682390213013
1 0.42731010913848877 0.5146471261978149 0.01019752025604248 0.02417808771133423
1 0.8121852874755859 0.7926037907600403 0.19441133737564087 0.41479241847991943
0 0.47599518299102783 0.5092194080352783 0.006579071283340454 0.022204339504241943
0 0.4993303418159485 0.5136295557022095 0.025987297296524048 0.03454011678695679
1 0.3227030038833618 0.56843101978302 0.02368462085723877 0.09917938709259033
1 0.4128361940383911 0.573365330696106 0.0289478600025177 0.09671217203140259
1 0.7052755355834961 0.5363580584526062 0.022039830684661865 0.07500132918357849
1 0.22763556241989136 0.570898175239563 0.022039860486984253 0.06513267755508423
0 0.4398103356361389 0.5102063417434692 0.01644766330718994 0.012335717678070068
1 0.8598834276199341 0.5644835829734802 0.033882200717926025 0.1287851333618164
1 0.09868593513965607 0.7223811149597168 0.06875120848417282 0.2763206362724304
1 0.6542877554893494 0.7273153066635132 0.10888350009918213 0.321222722530365
0 0.25099122524261475 0.5560952425003052 0.03519797325134277 0.04835611581802368
0 0.45066577196121216 0.5131669044494629 0.01282915472984314 0.01529628038406372
1 0.19458797574043274 0.583482563495636 0.03356049954891205 0.09868907928466797
1 0.14188861846923828 0.5337262153625488 0.012829169631004333 0.01924377679824829
0 0.42451322078704834 0.5062588453292847 0.017927169799804688 0.03305980563163757
0 0.4019807279109955 0.5116865634918213 0.019408226013183594 0.012335717678070068
0 0.5184301137924194 0.5590558052062988 0.08848839998245239 0.07056039571762085
1 0.20645028352737427 0.5171142816543579 0.015592798590660095 0.01845484972000122
1 0.17335829138755798 0.7722174525260925 0.10033070296049118 0.37056565284729004
1 0.4750083088874817 0.5121800303459167 0.004276394844055176 0.024178028106689453
1 0.37730926275253296 0.5171142816543579 0.005921155214309692 0.01776343584060669
1 0.22763556241989136 0.5822470188140869 0.027961015701293945 0.10806107521057129
0 0.38495737314224243 0.5196636915206909 0.00822383165359497 0.016776621341705322
0 0.02212209813296795 0.6518206000328064 0.0442441962659359 0.04983639717102051
0 0.3901383876800537 0.5146471261978149 0.013816028833389282 0.012335717678070068
1 0.5829049348831177 0.5743521451950073 0.02138197422027588 0.09671223163604736
0 0.3162922263145447 0.5329040884971619 0.04144808650016785 0.04440867900848389
0 0.2131616175174713 0.5536280870437622 0.07006700336933136 0.0675998330116272
1 0.6424453258514404 0.5235288739204407 0.012829124927520752 0.04736921191215515
1 0.33717697858810425 0.5185946226119995 0.005921155214309692 0.01529628038406372
1 0.06447481364011765 0.7921103835105896 0.09506745636463165 0.4157792329788208
0 0.4822258949279785 0.5106997489929199 0.013816028833389282 0.022204339504241943
0 0.40099388360977173 0.5171142816543579 0.01723727583885193 0.01717144250869751
1 0.6542878150939941 0.5556018352508545 0.028947889804840088 0.0942450761795044
1 0.6838935613632202 0.7465591430664062 0.11381781101226807 0.3671116828918457
0 0.15493692457675934 0.5753390192985535 0.07829084992408752 0.08437645435333252
0 0.27961015701293945 0.5467200875282288 0.03421109914779663 0.03996777534484863
1 0.7628422975540161 0.579779863357544 0.027961015701293945 0.12335741519927979
1 0.4842190146446228 0.5743521451950073 0.027961015701293945 0.10312682390213013
0 0.5043442845344543 0.5162792205810547 0.028618931770324707 0.03305980563163757
0 0.36744070053100586 0.5200749039649963 0.00822383165359497 0.010855436325073242
1 0.3322426676750183 0.5758324265480042 0.01875033974647522 0.09671223163604736
1 0.6033000349998474 0.5324106216430664 0.015131831169128418 0.05082327127456665
1 0.22599080204963684 0.7866826057434082 0.18783223628997803 0.4266347289085388
1 0.12456180900335312 0.540305495262146 0.008552774786949158 0.03372037410736084
0 0.48438817262649536 0.5131669044494629 0.01118442416191101 0.016776621341705322
1 0.5835628509521484 0.5185946226119995 0.01019752025604248 0.043421804904937744
0 0.45856064558029175 0.5092194080352783 0.02664521336555481 0.01529628038406372
0 0.3036237359046936 0.5422792434692383 0.026645183563232422 0.03454005718231201
