0 0.47566622495651245 0.37870728969573975 0.009210675954818726 0.012335747480392456
0 0.028783397749066353 0.605438232421875 0.057566795498132706 0.14753544330596924
0 0.47928470373153687 0.4041188955307007 0.09671223163604736 0.0345400869846344
0 0.027632063254714012 0.4455670118331909 0.04407971724867821 0.04835611581802368
0 0.36809855699539185 0.45642244815826416 0.011842310428619385 0.027632087469100952
0 0.4838900566101074 0.5477069616317749 0.15263426303863525 0.27187979221343994
0 0.5003377199172974 0.3750065565109253 0.010197550058364868 0.006907999515533447
0 0.48750853538513184 0.38191455602645874 0.010197550058364868 0.01085546612739563
0 0.5079035758972168 0.38487517833709717 0.011184394359588623 0.01085546612739563
0 0.685990571975708 0.5884149074554443 0.10871893167495728 0.11694282293319702
1 0.05493517220020294 0.4924428164958954 0.02861892059445381 0.06710642576217651
1 0.01710556261241436 0.5111931562423706 0.02861892059445381 0.08092248439788818
0 0.09210687130689621 0.5861945152282715 0.1325681060552597 0.13223916292190552
0 0.5677731037139893 0.46555089950561523 0.022204339504241943 0.048356086015701294
0 0.3348742723464966 0.4539552927017212 0.05789574980735779 0.06611958146095276
0 0.806419849395752 0.7450788021087646 0.3871603012084961 0.35329562425613403
1 0.6276425719261169 0.4554356038570404 0.017105579376220703 0.06118530035018921
0 0.4958968162536621 0.38265472650527954 0.007236987352371216 0.006907999515533447
0 0.026645202189683914 0.47566622495651245 0.04243495315313339 0.053783804178237915
1 0.7322496175765991 0.5037916898727417 0.026645243167877197 0.06710642576217651
0 0.8131721019744873 0.497870534658432 0.07533025741577148 0.06463927030563354
0 0.36415112018585205 0.4633304476737976 0.009210675954818726 0.03996780514717102
0 0.469087153673172 0.37401968240737915 0.014802873134613037 0.008388310670852661
0 0.4654686748981476 0.38191455602645874 0.007236957550048828 0.01085546612739563
0 0.3917831778526306 0.4608633518218994 0.04769819974899292 0.062172144651412964
