0 0.3583945631980896 0.5146486163139343 0.06891518831253052 0.10263285040855408
0 0.2618473172187805 0.5454877614974976 0.04588848352432251 0.05847126245498657
0 0.6779723763465881 0.6883344054222107 0.21447741985321045 0.2151353359222412
0 0.4618501663208008 0.537838339805603 0.01842138171195984 0.04539555311203003
0 0.5013245940208435 0.5531346797943115 0.06250110268592834 0.08437645435333252
0 0.14539727568626404 0.5837273597717285 0.12335743010044098 0.1406274437904358
0 0.5611940622329712 0.5931024551391602 0.10954135656356812 0.1421077847480774
0 0.6493535041809082 0.560782253742218 0.05740469694137573 0.05921304225921631
0 0.2963867783546448 0.5077391862869263 0.013816028833389282 0.01529628038406372
0 0.45066577196121216 0.533890962600708 0.020395100116729736 0.027632057666778564
0 0.5973782539367676 0.5227903127670288 0.05888235569000244 0.049836426973342896
0 0.4858637750148773 0.537838339805603 0.05329042673110962 0.0690801739692688
0 0.219082772731781 0.572378396987915 0.060856327414512634 0.09227138757705688
0 0.3085584044456482 0.528464674949646 0.03914579749107361 0.0439152717590332
0 0.5069165229797363 0.5704056024551392 0.049671679735183716 0.08560973405838013
