0 0.4750083088874817 0.5506675243377686 0.010526478290557861 0.012829184532165527
1 0.09901489317417145 0.6266556978225708 0.014144979417324066 0.07746845483779907
0 0.023602386936545372 0.6804395318031311 0.047204773873090744 0.15246975421905518
0 0.45987647771835327 0.5536280870437622 0.008552789688110352 0.011842310428619385
0 0.45099472999572754 0.5575755834579468 0.010526508092880249 0.011842310428619385
0 0.1861874759197235 0.6217213869094849 0.09506745636463165 0.0577312707901001
0 0.4684292674064636 0.5556018352508545 0.010197550058364868 0.013322591781616211
0 0.5009956359863281 0.5556018352508545 0.011842310428619385 0.013815999031066895
0 0.5147292613983154 0.552888035774231 0.003782927989959717 0.011842310428619385
0 0.5128378868103027 0.5546150207519531 0.003947436809539795 0.011842310428619385
0 0.5213906764984131 0.5531346797943115 0.012500226497650146 0.015296339988708496
0 0.48356109857559204 0.5486937761306763 0.003289520740509033 0.003947436809539795
0 0.5095484256744385 0.5482003688812256 0.006907999515533447 0.008388280868530273
0 0.491784930229187 0.5457332134246826 0.003947436809539795 0.00592118501663208
0 0.49112701416015625 0.5467200875282288 0.004605352878570557 0.005921125411987305
0 0.4957323670387268 0.5457332134246826 0.003947436809539795 0.0049343109130859375
