0 0.4092176854610443 0.5457332134246826 0.041119158267974854 0.04736924171447754
0 0.3712812066078186 0.5307660102844238 0.025109976530075073 0.01529628038406372
0 0.46810030937194824 0.540305495262146 0.06447482109069824 0.038980960845947266
0 0.5408015847206116 0.54400634765625 0.1053479015827179 0.048356473445892334
0 0.5029693245887756 0.5437595248222351 0.030263662338256836 0.03207290172576904
0 0.9197529554367065 0.560042679309845 0.11118614673614502 0.05032980442047119
0 0.15855540335178375 0.5363580584526062 0.022039860486984253 0.013322591781616211
1 0.07072491943836212 0.573365330696106 0.01250021904706955 0.03799408674240112
0 0.5477069616317749 0.5526412725448608 0.09737014770507812 0.04539555311203003
0 0.33355847001075745 0.5343843698501587 0.013158142566680908 0.014309465885162354
0 0.34298795461654663 0.5330684185028076 0.008881717920303345 0.009046316146850586
2 0.020066142082214355 0.573365330696106 0.028947876766324043 0.046382367610931396
0 0.35247302055358887 0.5388251543045044 0.017105549573898315 0.015789687633514404
0 0.38816434144973755 0.5338908433914185 0.015131860971450806 0.012829184532165527
0 0.43520498275756836 0.5333974957466125 0.03223741054534912 0.026645183563232422
