0 0.5322461724281311 0.500831127166748 0.00789487361907959 0.011842340230941772
0 0.010937691666185856 0.5417858362197876 0.02187538333237171 0.056744396686553955
0 0.5348777770996094 0.4958968162536621 0.004605293273925781 0.005921155214309692
0 0.49902188777923584 0.5329040288925171 0.040461212396621704 0.04588896036148071
0 0.3753355145454407 0.500831127166748 0.010526478290557861 0.006908029317855835
0 0.3559272885322571 0.500831127166748 0.008552789688110352 0.005921125411987305
0 0.4678078889846802 0.4986380934715271 0.009174138307571411 0.011732667684555054
0 0.540682852268219 0.5006569623947144 0.011880993843078613 0.014802902936935425
0 0.2654651701450348 0.5047785639762878 0.025329411029815674 0.012829184532165527
0 0.38717782497406006 0.4998442530632019 0.011842310428619385 0.007894843816757202
0 0.34474286437034607 0.500831127166748 0.011842310428619385 0.009868592023849487
0 0.5529701709747314 0.49902188777923584 0.012609899044036865 0.012006789445877075
0 0.40925443172454834 0.4977608919143677 0.009649306535720825 0.006688714027404785
0 0.22056099772453308 0.5467200875282288 0.11875228583812714 0.10362282395362854
0 0.3993490934371948 0.4958968162536621 0.013158142566680908 0.01282915472984314
0 0.49902188777923584 0.4963892698287964 0.02796146273612976 0.037993401288986206
0 0.5496806502342224 0.5151898860931396 0.028618931770324707 0.031086057424545288
0 0.4542842507362366 0.500831127166748 0.01118442416191101 0.011842340230941772
0 0.523693323135376 0.49819955229759216 0.01611870527267456 0.025164902210235596
0 0.1419559270143509 0.6931927800178528 0.2456267774105072 0.21760249137878418
