1 0.19671396911144257 0.5565887093544006 0.00789487361907959 0.013322591781616211
0 0.3388217091560364 0.5575755834579468 0.007236987352371216 0.010855495929718018
1 0.3148435652256012 0.5542871952056885 0.006871223449707031 0.025987565517425537
0 0.3595457673072815 0.5605361461639404 0.020724058151245117 0.022204339504241943
0 0.3848751485347748 0.5556018352508545 0.008552789688110352 0.00789487361907959
1 0.3134923279285431 0.5866879224777222 0.030592620372772217 0.0828961730003357
0 0.9844657182693481 0.5462266206741333 0.03106856346130371 0.030099213123321533
0 0.8592255711555481 0.6212279796600342 0.16546344757080078 0.236352801322937
1 0.8798855543136597 0.5546157956123352 0.023290574550628662 0.04292714595794678
0 0.46645551919937134 0.5353711843490601 0.02927681803703308 0.048849523067474365
0 0.5222461819648743 0.6256688833236694 0.0967119038105011 0.11023145914077759
1 0.34276914596557617 0.5496807098388672 0.0019737184047698975 0.010855495929718018
0 0.611194908618927 0.536358118057251 0.057237863540649414 0.030099213123321533
0 0.43158650398254395 0.5472135543823242 0.00789487361907959 0.012829124927520752
0 0.3016500174999237 0.5511609315872192 0.0026316046714782715 0.007894933223724365
0 0.037747371941804886 0.6123462915420532 0.07549474388360977 0.08486992120742798
0 0.3174397647380829 0.5595492720603943 0.036184847354888916 0.038980960845947266
0 0.5437595248222351 0.5521478652954102 0.01809239387512207 0.020230591297149658
0 0.2480306625366211 0.5985301733016968 0.12993647158145905 0.09128445386886597
0 0.5069167613983154 0.5314237475395203 0.04210600256919861 0.08881732821464539
0 0.5384962558746338 0.5393186807632446 0.02598726749420166 0.04391521215438843
0 0.41974419355392456 0.5501741170883179 0.008552789688110352 0.011842310428619385
0 0.49112701416015625 0.5674440860748291 0.03947436809539795 0.04588896036148071
0 0.46645551919937134 0.5511609315872192 0.01611870527267456 0.02417808771133423
0 0.41020452976226807 0.5521478056907654 0.009868592023849487 0.012829184532165527
0 0.571720540523529 0.5713915824890137 0.053948283195495605 0.07006704807281494
0 0.4023096561431885 0.5511609315872192 0.016118675470352173 0.016776621341705322
