0 0.5868523716926575 0.531423807144165 0.02138197422027588 0.051316678524017334
0 0.32763731479644775 0.5534636974334717 0.04704028367996216 0.05575746297836304
0 0.6338926553726196 0.5477069616317749 0.0674353837966919 0.07352101802825928
0 0.47171878814697266 0.4873442053794861 0.023355692625045776 0.031415075063705444
0 0.5572465658187866 0.5153874158859253 0.00822383165359497 0.030592679977416992
0 0.43356022238731384 0.5062588453292847 0.006579041481018066 0.01381605863571167
0 0.22796452045440674 0.6557680368423462 0.21217477321624756 0.22006964683532715
1 0.48134076595306396 0.4946632981300354 0.005921155214309692 0.020230650901794434
0 0.42994171380996704 0.5422792434692383 0.05361935496330261 0.05822467803955078
0 0.5674441456794739 0.5161274671554565 0.01019752025604248 0.0345400869846344
0 0.40855979919433594 0.5146471858024597 0.02664521336555481 0.02911233901977539
0 0.48882433772087097 0.4978705644607544 0.01578974723815918 0.015296339988708496
0 0.23980683088302612 0.5491872429847717 0.043421804904937744 0.008388280868530273
0 0.4825742244720459 0.49096253514289856 0.007236987352371216 0.006907999515533447
0 0.45099472999572754 0.5057654976844788 0.011184394359588623 0.021710842847824097
0 0.35066401958465576 0.5452398061752319 0.03519800305366516 0.04983639717102051
0 0.37730923295021057 0.533890962600708 0.03881645202636719 0.04292839765548706
0 0.4264548122882843 0.5092194080352783 0.01861870288848877 0.015592396259307861
0 0.4595475196838379 0.5023114085197449 0.011184394359588623 0.013815999031066895
0 0.5782995820045471 0.5161274671554565 0.026645183563232422 0.046875834465026855
0 0.6134976148605347 0.5363581776618958 0.05866330862045288 0.07056045532226562
0 0.4595475196838379 0.4978705644607544 0.012829184532165527 0.016776591539382935
1 0.688498854637146 0.512179970741272 0.013487040996551514 0.06167870759963989
0 0.576654851436615 0.5215551853179932 0.012829184532165527 0.03996777534484863
0 0.43915241956710815 0.5023114085197449 0.020395100116729736 0.030592650175094604
0 0.5956518650054932 0.5210205912590027 0.03980332612991333 0.05822467803955078
0 0.49277180433273315 0.4840545058250427 0.013816028833389282 0.013816028833389282
0 0.4503368139266968 0.5077391266822815 0.007236987352371216 0.02072402834892273
0 0.45296844840049744 0.500831127166748 0.011184394359588623 0.013815999031066895
0 0.49342966079711914 0.4954034090042114 0.015789717435836792 0.015296339988708496
0 0.52303546667099 0.4840545058250427 0.025000452995300293 0.05526411533355713
0 0.5470490455627441 0.4978705644607544 0.013815999031066895 0.015296339988708496
0 0.5500096082687378 0.5041208267211914 0.01842135190963745 0.02220436930656433
0 0.6052737236022949 0.4924428462982178 0.010197579860687256 0.009868592023849487
0 0.5450752973556519 0.49688369035720825 0.015789806842803955 0.02220436930656433
0 0.5710626244544983 0.5106997489929199 0.028618931770324707 0.04144805669784546
0 0.2878339886665344 0.5560952425003052 0.059869468212127686 0.04588896036148071
0 0.40033596754074097 0.5245157480239868 0.02664521336555481 0.033059775829315186
