0 0.5332329273223877 0.5111931562423706 0.006579101085662842 0.01924377679824829
0 0.7970534563064575 0.6518206596374512 0.20033246278762817 0.1825689673423767
0 0.3358611464500427 0.5200749039649963 0.0480271577835083 0.06759989261627197
1 0.2802680730819702 0.508232593536377 0.007565915584564209 0.017763495445251465
0 0.5290224552154541 0.5170156359672546 0.005394876003265381 0.01796090602874756
1 0.5019824504852295 0.508232593536377 0.00493428111076355 0.015296339988708496
0 0.3118475675582886 0.531423807144165 0.05361935496330261 0.0690801739692688
0 0.6190897822380066 0.5383317470550537 0.06842219829559326 0.07204073667526245
0 0.44474464654922485 0.5116865634918213 0.009210675954818726 0.023684591054916382
0 0.5349600315093994 0.5146471261978149 0.005345463752746582 0.020353972911834717
0 0.415138840675354 0.5116865634918213 0.013816028833389282 0.030592650175094604
0 0.22401708364486694 0.5215551853179932 0.029605790972709656 0.04440867900848389
0 0.007565922103822231 0.5699113011360168 0.015131844207644463 0.03454005718231201
0 0.6444188952445984 0.5560952425003052 0.09309351444244385 0.08783042430877686
0 0.39474374055862427 0.5116865634918213 0.03684273362159729 0.04144808650016785
0 0.5577399730682373 0.512673556804657 0.032730817794799805 0.03379985690116882
0 0.27401795983314514 0.5521478652954102 0.07565923035144806 0.07450789213180542
0 0.537838339805603 0.5106997489929199 0.01381605863571167 0.02911236882209778
