0 0.6677748560905457 0.5699112415313721 0.08750152587890625 0.10362023115158081
0 0.33947962522506714 0.5023114681243896 0.05625098943710327 0.04539555311203003
0 0.4322444200515747 0.44704729318618774 0.04243496060371399 0.033059775829315186
0 0.6365243196487427 0.5422792434692383 0.0690801739692688 0.07154732942581177
0 0.36415112018585205 0.48553481698036194 0.05065879225730896 0.059211552143096924
0 0.5585623979568481 0.47023850679397583 0.025658369064331055 0.027632087469100952
0 0.33684802055358887 0.4884953796863556 0.0809224545955658 0.04835611581802368
0 0.5437594652175903 0.4539552927017212 0.020231544971466064 0.026892274618148804
0 0.5822470188140869 0.48553481698036194 0.0424349308013916 0.05082327127456665
0 0.39638853073120117 0.4692516326904297 0.03684273362159729 0.03700721263885498
0 0.4269811511039734 0.4579027593135834 0.03125053644180298 0.02615177631378174
0 0.42599427700042725 0.4455670118331909 0.014802902936935425 0.010855436325073242
0 0.07993561029434204 0.6330702900886536 0.15460798144340515 0.13519978523254395
0 0.5134958028793335 0.44260644912719727 0.027632057666778564 0.04292836785316467
0 0.41020452976226807 0.46333047747612 0.03684273362159729 0.033059775829315186
0 0.5069167613983154 0.460863322019577 0.023026704788208008 0.02615177631378174
0 0.23270460963249207 0.5783979892730713 0.056315794587135315 0.07924318313598633
0 0.11118616163730621 0.5876747369766235 0.21974068880081177 0.1559237837791443
0 0.2980315387248993 0.5240223407745361 0.08750152587890625 0.07154729962348938
0 0.6154713034629822 0.5171142816543579 0.05065882205963135 0.07993561029434204
0 0.32928210496902466 0.5062588453292847 0.054277271032333374 0.03996777534484863
0 0.28421550989151 0.5077391862869263 0.13421286642551422 0.059211552143096924
0 0.511522114276886 0.4554356038570404 0.01743447780609131 0.024671494960784912
0 0.27599167823791504 0.5491872429847717 0.025000452995300293 0.05674445629119873
0 0.4342181086540222 0.44260644912719727 0.009210675954818726 0.006908029317855835
0 0.39112526178359985 0.4840545058250427 0.025658339262008667 0.03700721263885498
0 0.22730660438537598 0.5491872429847717 0.1095414012670517 0.09227132797241211
0 0.3687564730644226 0.47171878814697266 0.07269862294197083 0.04539552330970764
0 0.5611940622329712 0.4731990694999695 0.022039830684661865 0.03454005718231201
0 0.28322863578796387 0.537838339805603 0.07993561029434204 0.07154732942581177
0 0.7204073667526245 0.6153068542480469 0.11579149961471558 0.12138372659683228
0 0.4480341672897339 0.460863322019577 0.007236987352371216 0.006907999515533447
