0 0.7062623500823975 0.5269829034805298 0.018421411514282227 0.018750309944152832
0 0.4302706718444824 0.542772650718689 0.013816028833389282 0.013322591781616211
0 0.3898094594478607 0.5496807098388672 0.017105579376220703 0.01628321409225464
0 0.5819180607795715 0.540305495262146 0.010855436325073242 0.010362029075622559
0 0.30013689398765564 0.5518029928207397 0.010592162609100342 0.012237012386322021
0 0.48948225378990173 0.536358118057251 0.011513352394104004 0.014309465885162354
0 0.4358628988265991 0.5536280870437622 0.025329381227493286 0.027632057666778564
0 0.38158562779426575 0.5496806502342224 0.0026316046714782715 0.010362029075622559
0 0.9684380292892456 0.5477069616317749 0.06250113248825073 0.054770708084106445
1 0.7914612293243408 0.5136603116989136 0.006907999515533447 0.013322591781616211
0 0.45494216680526733 0.5457332134246826 0.01842138171195984 0.02368462085723877
0 0.41382303833961487 0.5412923693656921 0.007565915584564209 0.009375214576721191
0 0.8010008335113525 0.5343843698501587 0.053619325160980225 0.03503352403640747
0 0.5194169878959656 0.536358118057251 0.010855436325073242 0.009375154972076416
0 0.4187573194503784 0.5333974957466125 0.01315811276435852 0.016283154487609863
0 0.4713898301124573 0.5393186807632446 0.013158142566680908 0.01628321409225464
0 0.588168203830719 0.6508337259292603 0.2690836489200592 0.22154992818832397
0 0.7569211721420288 0.5240223407745361 0.020723998546600342 0.013322591781616211
0 0.7935446500778198 0.5213913321495056 0.0158994197845459 0.013322591781616211
1 0.7871848344802856 0.5197461843490601 0.006579041481018066 0.02302694320678711
0 0.7213941812515259 0.52303546667099 0.022039830684661865 0.021710872650146484
0 0.6046158075332642 0.5259960889816284 0.017105519771575928 0.011348903179168701
1 0.9141610860824585 0.6315916776657104 0.041119158267974854 0.16184395551681519
0 0.9115290641784668 0.5176076889038086 0.013158142566680908 0.027632057666778564
0 0.44277089834213257 0.5373449325561523 0.01085546612739563 0.006414532661437988
0 0.5621808767318726 0.5437595248222351 0.02203989028930664 0.020724058151245117
0 0.4789557456970215 0.5393186807632446 0.004276394844055176 0.011348903179168701
1 0.7853430509567261 0.5182991027832031 0.006579041481018066 0.021612703800201416
0 0.5036272406578064 0.5477069616317749 0.027303099632263184 0.033059775829315186
0 0.4194152355194092 0.5457332134246826 0.008881747722625732 0.012335717678070068
0 0.9792934656143188 0.5866879224777222 0.04046124219894409 0.05871814489364624
0 0.07960665971040726 0.7741912007331848 0.15855540335178375 0.35625624656677246
0 0.4914560914039612 0.5447463989257812 0.013710767030715942 0.013164699077606201
0 0.4838900566101074 0.5467200875282288 0.01578974723815918 0.020724058151245117
0 0.4075729250907898 0.5477069616317749 0.01578974723815918 0.013322591781616211
1 0.5980367660522461 0.5264894962310791 0.006579041481018066 0.01381605863571167
0 0.9230424165725708 0.536358118057251 0.05625098943710327 0.04835611581802368
0 0.468758225440979 0.5447463989257812 0.013816028833389282 0.01529628038406372
