0 0.48882433772087097 0.49737709760665894 0.006907999515533447 0.010361999273300171
0 0.3437560200691223 0.4973771274089813 0.01644766330718994 0.012335717678070068
0 0.5407989621162415 0.5023114681243896 0.011513352394104004 0.014309465885162354
0 0.4322444200515747 0.4919493794441223 0.0019737184047698975 0.00296059250831604
0 0.4263232350349426 0.4899756908416748 0.011513382196426392 0.013322621583938599
0 0.4789557456970215 0.4958968162536621 0.006907999515533447 0.010361999273300171
0 0.5421147346496582 0.4963902533054352 0.006907999515533447 0.003947436809539795
0 0.46590715646743774 0.48898881673812866 0.004056721925735474 0.003289461135864258
0 0.4049413204193115 0.4954034090042114 0.009539633989334106 0.010362029075622559
0 0.4838900566101074 0.503298282623291 0.011513352394104004 0.013322591781616211
0 0.31579500436782837 0.5023114085197449 0.01644766330718994 0.010361999273300171
0 0.5256670713424683 0.5013245940208435 0.011513352394104004 0.013322621583938599
0 0.25066226720809937 0.503298282623291 0.006908029317855835 0.0029605627059936523
0 0.7006701231002808 0.6217213869094849 0.1345418095588684 0.12977200746536255
0 0.4000070095062256 0.5166208744049072 0.03157949447631836 0.03799411654472351
0 0.2424384504556656 0.5477069616317749 0.09046211838722229 0.09375166893005371
0 0.4454025328159332 0.4899756908416748 0.008881747722625732 0.012335747480392456
0 0.45231056213378906 0.49096253514289856 0.004276365041732788 0.006414592266082764
0 0.45987647771835327 0.4899756908416748 0.006908029317855835 0.012335747480392456
0 0.5085614919662476 0.49737709760665894 0.008881747722625732 0.010361999273300171
0 0.3898094594478607 0.49639028310775757 0.008881747722625732 0.010362029075622559
0 0.4730345904827118 0.4899756908416748 0.015131831169128418 0.024671465158462524
0 0.5059299468994141 0.4983639717102051 0.00822383165359497 0.010361999273300171
