0 0.39112526178359985 0.508232593536377 0.008552789688110352 0.011348903179168701
0 0.35647550225257874 0.5279697179794312 0.028289973735809326 0.033553242683410645
0 0.3286241590976715 0.5368515253067017 0.036184847354888916 0.035526931285858154
0 0.9836432933807373 0.4983639717102051 0.032713353633880615 0.008388280868530273
0 0.42624133825302124 0.5097129344940186 0.007565915584564209 0.013199269771575928
0 0.4358628988265991 0.508232593536377 0.01315811276435852 0.012829184532165527
0 0.6857030391693115 0.5595492720603943 0.09260040521621704 0.09819269180297852
0 0.4529684782028198 0.5097128748893738 0.014144986867904663 0.012829184532165527
0 0.1852002739906311 0.5716382265090942 0.04654689133167267 0.052797019481658936
0 0.5013245940208435 0.5195814371109009 0.02664521336555481 0.02565830945968628
0 0.20995435118675232 0.5610295534133911 0.062583327293396 0.05575752258300781
0 0.6482022404670715 0.5509141683578491 0.03930985927581787 0.08092242479324341
0 0.9130828976631165 0.6986964344978333 0.1738342046737671 0.23339223861694336
0 0.46250808238983154 0.5111931562423706 0.014144986867904663 0.011348843574523926
0 0.610537052154541 0.5324106216430664 0.036184847354888916 0.035526931285858154
