0 0.2595440149307251 0.5363580584526062 0.05230355262756348 0.017763495445251465
0 0.3960595726966858 0.5610295534133911 0.056908875703811646 0.061185240745544434
0 0.31086069345474243 0.5546149611473083 0.05230355262756348 0.06611955165863037
0 0.35691413283348083 0.5447463989257812 0.03125053644180298 0.04687577486038208
0 0.34309810400009155 0.5516543984413147 0.027632057666778564 0.04983639717102051
0 0.6019842028617859 0.5551084280014038 0.026645183563232422 0.06266552209854126
0 0.5802733302116394 0.5240223407745361 0.049342989921569824 0.06562614440917969
0 0.5548124313354492 0.5268839597702026 0.011842429637908936 0.0325663685798645
0 0.05616874620318413 0.6567549109458923 0.11233749240636826 0.1504960060119629
0 0.5592203140258789 0.5294500589370728 0.011513352394104004 0.041448116302490234
0 0.12039684504270554 0.5916222333908081 0.060856327414512634 0.06463927030563354
0 0.602971076965332 0.5452398061752319 0.03881645202636719 0.05131673812866211
0 0.45856064558029175 0.5250091552734375 0.010526508092880249 0.02861887216567993
0 0.5556018352508545 0.5210617780685425 0.020066142082214355 0.035526931285858154
0 0.49869292974472046 0.5131669044494629 0.026645183563232422 0.024671494960784912
0 0.1996745467185974 0.5447463989257812 0.06447482109069824 0.01776343584060669
0 0.5138247609138489 0.5482003688812256 0.0674353539943695 0.041448116302490234
0 0.5118510723114014 0.6503403186798096 0.13388395309448242 0.17220699787139893
0 0.5062588453292847 0.5264894962310791 0.036184847354888916 0.017270028591156006
0 0.5141537189483643 0.5146471261978149 0.026645183563232422 0.024671494960784912
0 0.19474025070667267 0.6676104068756104 0.2365172803401947 0.26053088903427124
0 0.6361953616142273 0.5610295534133911 0.0789487361907959 0.08832395076751709
0 0.5013245940208435 0.5294500589370728 0.02664521336555481 0.03256630897521973
0 0.44145509600639343 0.5353711843490601 0.03947436809539795 0.05082327127456665
0 0.37270388007164 0.536358118057251 0.019408226013183594 0.027632057666778564
0 0.7151440978050232 0.6148133873939514 0.13783133029937744 0.13371944427490234
