0 0.699354350566864 0.5329040288925171 0.03322422504425049 0.01924377679824829
0 0.30066317319869995 0.52303546667099 0.016447633504867554 0.010855436325073242
0 0.7250126600265503 0.5269829034805298 0.017434537410736084 0.017763495445251465
0 0.7509999871253967 0.5329040288925171 0.03881645202636719 0.01924377679824829
0 0.9289636015892029 0.52303546667099 0.035855889320373535 0.02911233901977539
0 0.03782960772514343 0.6241885423660278 0.07565921545028687 0.11644941568374634
0 0.05164564028382301 0.5269829034805298 0.021381951868534088 0.008388280868530273
0 0.13388392329216003 0.5245157480239868 0.021381951868534088 0.012335777282714844
0 0.898699939250946 0.52303546667099 0.02763211727142334 0.019243717193603516
0 0.7056044340133667 0.5200748443603516 0.033224284648895264 0.022204339504241943
0 0.6937621831893921 0.5200749039649963 0.017434537410736084 0.013815999031066895
0 0.39671745896339417 0.5245157480239868 0.01644766330718994 0.015296339988708496
0 0.0072369687259197235 0.5536280870437622 0.012829171493649483 0.01381605863571167
0 0.14309461414813995 0.5284631848335266 0.025987297296524048 0.012335777282714844
0 0.011924550868570805 0.5630033016204834 0.02384910173714161 0.012335717678070068
0 0.2786232829093933 0.52303546667099 0.013816028833389282 0.013815999031066895
0 0.08026456832885742 0.5990236401557922 0.12171266227960587 0.09967279434204102
0 0.8746863603591919 0.5299434661865234 0.034211158752441406 0.01776343584060669
0 0.08750153332948685 0.5190880298614502 0.0460534393787384 0.024671435356140137
0 0.010444262064993382 0.5284631848335266 0.020888524129986763 0.012335777282714844
0 0.04440867155790329 0.5259960889816284 0.03223741054534912 0.012335717678070068
