0 0.30099210143089294 0.5654704570770264 0.044079720973968506 0.0675998330116272
0 0.4227047562599182 0.5482003688812256 0.04177704453468323 0.0439152717590332
0 0.3348742723464966 0.5407989025115967 0.035855889320373535 0.030592620372772217
0 0.5832338929176331 0.5506675243377686 0.01907932758331299 0.051316678524017334
0 0.037007227540016174 0.639978289604187 0.07401445508003235 0.0828961730003357
0 0.5697468519210815 0.5264894962310791 0.045724451541900635 0.05822470784187317
0 0.5500096082687378 0.526492714881897 0.010856151580810547 0.028618931770324707
0 0.153621107339859 0.6222147941589355 0.12960752844810486 0.11447566747665405
0 0.552445113658905 0.5303395986557007 0.011513352394104004 0.03641653060913086
0 0.2289513647556305 0.5931024551391602 0.07631711661815643 0.08832389116287231
0 0.5832338929176331 0.5437595248222351 0.024671435356140137 0.0439152717590332
0 0.5490227937698364 0.5279697179794312 0.018092453479766846 0.0325663685798645
0 0.4977060556411743 0.5171142816543579 0.02302667498588562 0.024671494960784912
0 0.26776784658432007 0.5768193006515503 0.07269865274429321 0.08141589164733887
0 0.5108641982078552 0.5506675243377686 0.06348797678947449 0.035526931285858154
0 0.07689279317855835 0.8298577070236206 0.1537855863571167 0.340284526348114
0 0.5062588453292847 0.6518206000328064 0.12927860021591187 0.17072665691375732
0 0.5042851567268372 0.5294500589370728 0.03519800305366516 0.01727008819580078
0 0.511522114276886 0.5185946226119995 0.023026704788208008 0.01924377679824829
0 0.36052098870277405 0.5794601440429688 0.09397852420806885 0.11678975820541382
0 0.607905387878418 0.5536280870437622 0.06085634231567383 0.07401448488235474
0 0.49869292974472046 0.5353711843490601 0.026645183563232422 0.035526931285858154
0 0.4516526460647583 0.5324106216430664 0.03223741054534912 0.03996777534484863
0 0.6572483777999878 0.5891550779342651 0.09309369325637817 0.09819251298904419
