0 0.43520498275756836 0.36415112018585205 0.025000452995300293 0.043915241956710815
0 0.37171703577041626 0.38906925916671753 0.016941100358963013 0.03330647945404053
0 0.28322863578796387 0.47023850679397583 0.0690801590681076 0.07993558049201965
0 0.5371804237365723 0.45099472999572754 0.0523034930229187 0.06069183349609375
0 0.6246819496154785 0.5837273001670837 0.11677831411361694 0.136680006980896
0 0.4838900566101074 0.386355459690094 0.01118442416191101 0.02615174651145935
0 0.4019806981086731 0.3656314015388489 0.017434507608413696 0.022204339504241943
0 0.5031337738037109 0.4001713991165161 0.03355321288108826 0.03996780514717102
1 0.7799478769302368 0.6143199801445007 0.03486901521682739 0.1440814733505249
0 0.3463876247406006 0.41102689504623413 0.04506656527519226 0.062172144651412964
0 0.5171142816543579 0.423362672328949 0.04144808650016785 0.056744396686553955
0 0.5832338333129883 0.40633928775787354 0.02631622552871704 0.03700724244117737
0 0.36250633001327515 0.3530488610267639 0.006579041481018066 0.013816028833389282
0 0.4766530990600586 0.38191458582878113 0.013816028833389282 0.022204339504241943
0 0.5625098347663879 0.3814210891723633 0.03223741054534912 0.028372198343276978
0 0.5829049348831177 0.526242733001709 0.09934383630752563 0.11299541592597961
0 0.22533288598060608 0.52303546667099 0.10033069550991058 0.11743628978729248
0 0.4977060556411743 0.39326345920562744 0.03223738074302673 0.03996780514717102
0 0.36798882484436035 0.4057633876800537 0.017434507608413696 0.043257325887680054
0 0.3845461905002594 0.37377291917800903 0.02615177631378174 0.030592650175094604
0 0.5069167613983154 0.41028672456741333 0.030757099390029907 0.04342183470726013
