0 0.8997179865837097 0.8042876720428467 0.20056402683258057 0.377963662147522
1 0.622708261013031 0.508232593536377 0.006908059120178223 0.02417805790901184
0 0.5003377199172974 0.48158735036849976 0.014802873134613037 0.015296310186386108
1 0.361190527677536 0.49293625354766846 0.006907999515533447 0.022697776556015015
0 0.9980437755584717 0.6069185137748718 0.003618478775024414 0.017763495445251465
0 0.530190110206604 0.49429306387901306 0.015049517154693604 0.01850336790084839
0 0.795737624168396 0.5422792434692383 0.0828961730003357 0.07845532894134521
0 0.36809855699539185 0.4771465063095093 0.009210675954818726 0.013816028833389282
0 0.2878352999687195 0.517360270023346 0.04243361949920654 0.044160276651382446
0 0.1710590273141861 0.5620155334472656 0.11825650185346603 0.10411220788955688
0 0.3539547026157379 0.5287914872169495 0.03530704975128174 0.04095447063446045
0 0.41579675674438477 0.48010706901550293 0.0055921971797943115 0.009868592023849487
1 0.14276565611362457 0.5097128748893738 0.007565915584564209 0.011348843574523926
1 0.5949664115905762 0.49507442116737366 0.004276394844055176 0.023684561252593994
0 0.5108643174171448 0.48060041666030884 0.013816237449645996 0.016118526458740234
0 0.30461061000823975 0.5363580584526062 0.0671064555644989 0.07154726982116699
0 0.4131651222705841 0.500831127166748 0.01578974723815918 0.017763465642929077
0 0.22730660438537598 0.5309303402900696 0.00822383165359497 0.013815999031066895
0 0.5355356931686401 0.5023114085197449 0.01578974723815918 0.02072402834892273
0 0.32928207516670227 0.5102062821388245 0.011842310428619385 0.015296339988708496
0 0.549351692199707 0.47171878814697266 0.016447603702545166 0.030592650175094604
0 0.545568585395813 0.5158806443214417 0.02039504051208496 0.02615177631378174
1 0.2227012664079666 0.512179970741272 0.008552789688110352 0.022697746753692627
0 0.06447481364011765 0.5447463989257812 0.07006701827049255 0.06611961126327515
0 0.6421165466308594 0.5215551853179932 0.033224284648895264 0.03157949447631836
0 0.13421288132667542 0.5353711843490601 0.034869030117988586 0.04983639717102051
1 0.6052736043930054 0.4936763048171997 0.00674360990524292 0.023437947034835815
0 0.5587264895439148 0.47825634479522705 0.01644766330718994 0.022574275732040405
0 0.34134411811828613 0.5223773121833801 0.02061411738395691 0.027796268463134766
1 0.11480464041233063 0.5299434661865234 0.015131846070289612 0.05625098943710327
1 0.5973788499832153 0.4954034090042114 0.004276394844055176 0.022697776556015015
0 0.56843101978302 0.5131669044494629 0.03947436809539795 0.030592620372772217
0 0.5694178342819214 0.5407989621162415 0.055264174938201904 0.0577312707901001
0 0.503298282623291 0.4963902533054352 0.01644766330718994 0.01776343584060669
0 0.6891567707061768 0.525502622127533 0.044079720973968506 0.042928338050842285
0 0.5175253748893738 0.46616724133491516 0.015954136848449707 0.026521742343902588
1 0.6133319139480591 0.5082321166992188 0.008059442043304443 0.021710455417633057
0 0.008223827928304672 0.5822470188140869 0.016447655856609344 0.10460710525512695
2 0.6023131608963013 0.5185946226119995 0.01019752025604248 0.03700721263885498
0 0.369744211435318 0.515880286693573 0.014144718647003174 0.01800990104675293
