0 0.008799496106803417 0.5437595248222351 0.017598992213606834 0.05181014537811279
0 0.5477069616317749 0.5250091552734375 0.02138197422027588 0.025164902210235596
0 0.4651397168636322 0.5146471261978149 0.00789487361907959 0.0098685622215271
0 0.5134958028793335 0.5106997489929199 0.0026316046714782715 0.003947436809539795
0 0.5016535520553589 0.5116865634918213 0.005263268947601318 0.0049343109130859375
0 0.486741304397583 0.50214684009552 0.0019737184047698975 0.0032895803451538086
0 0.5335619449615479 0.5146471261978149 0.00789487361907959 0.01381605863571167
0 0.41448092460632324 0.5087260007858276 0.003289550542831421 0.0029605627059936523
0 0.508232593536377 0.5087260007858276 0.00789487361907959 0.011842310428619385
0 0.4477052092552185 0.5116865634918213 0.009868592023849487 0.011842310428619385
0 0.39507269859313965 0.5250092148780823 0.02927684783935547 0.03404664993286133
0 0.3338874280452728 0.5329040884971619 0.04868507385253906 0.04983639717102051
0 0.06447497755289078 0.5989250540733337 0.12881843745708466 0.14536452293395996
0 0.48615992069244385 0.508923351764679 0.0031579434871673584 0.004835605621337891
0 0.4723767042160034 0.5329040288925171 0.02138194441795349 0.025164902210235596
0 0.4733165502548218 0.5123915076255798 0.010338515043258667 0.00789487361907959
0 0.5069167613983154 0.533890962600708 0.024013608694076538 0.02713865041732788
0 0.19243758916854858 0.5995171070098877 0.27204424142837524 0.26053088903427124
0 0.4092176854610443 0.5067522525787354 0.003289520740509033 0.003947436809539795
0 0.47566622495651245 0.5106997489929199 0.006579071283340454 0.003947436809539795
0 0.3727039098739624 0.5106997489929199 0.006579071283340454 0.0029606223106384277
0 0.38191455602645874 0.5106997489929199 0.006579071283340454 0.003947436809539795
0 0.5289566516876221 0.5126734375953674 0.0026316046714782715 0.0049343109130859375
0 0.5243512392044067 0.5106997489929199 0.0026316046714782715 0.003947436809539795
0 0.42928382754325867 0.520568311214447 0.020724058151245117 0.023191213607788086
0 0.4842190146446228 0.5146471261978149 0.008552759885787964 0.011842310428619385
0 0.5217196941375732 0.5106997489929199 0.003289520740509033 0.003947436809539795
