0 0.5881681442260742 0.5329040884971619 0.05329042673110962 0.02615177631378174
0 0.19572710990905762 0.570898175239563 0.17237144708633423 0.09177792072296143
0 0.5204038619995117 0.5329040288925171 0.0325663685798645 0.030099213123321533
0 0.5582334995269775 0.5358646512031555 0.013158142566680908 0.021710872650146484
0 0.6227083206176758 0.5975433588027954 0.07993561029434204 0.0848698616027832
0 0.4171125590801239 0.5565886497497559 0.035855889320373535 0.04391521215438843
0 0.5003377199172974 0.5205683708190918 0.02927684783935547 0.014802873134613037
0 0.7710661292076111 0.5625098943710327 0.16447651386260986 0.09079104661941528
0 0.6240240931510925 0.5417857766151428 0.0480271577835083 0.038980960845947266
0 0.4361918866634369 0.5373440980911255 0.03914535045623779 0.013322651386260986
0 0.44112613797187805 0.5457332134246826 0.027303099632263184 0.038980960845947266
0 0.476982057094574 0.533890962600708 0.022039860486984253 0.02171093225479126
0 0.30658432841300964 0.5486937761306763 0.1190810352563858 0.06463927030563354
0 0.38125666975975037 0.5437595248222351 0.05657994747161865 0.031086087226867676
0 0.4977060854434967 0.5319172143936157 0.025987327098846436 0.025164902210235596
0 0.5861945152282715 0.5388252139091492 0.03980332612991333 0.02615177631378174
0 0.9141607284545898 0.6123462319374084 0.1710556149482727 0.19934558868408203
0 0.5457332134246826 0.5348777770996094 0.029276788234710693 0.02615177631378174
