0 0.09835697710514069 0.48701512813568115 0.04243495315313339 0.026255398988723755
0 0.16381865739822388 0.5338909029960632 0.08750153332948685 0.0883239209651947
0 0.18322688341140747 0.48488491773605347 0.016447648406028748 0.009868592023849487
0 0.2309250831604004 0.48553481698036194 0.021053001284599304 0.015296339988708496
0 0.3024894893169403 0.4978705644607544 0.018274009227752686 0.024671465158462524
0 0.2145322561264038 0.49108588695526123 0.012911424040794373 0.017886847257614136
1 0.8750153183937073 0.5422792434692383 0.028947830200195312 0.10855451226234436
0 0.292439341545105 0.4939231276512146 0.01875033974647522 0.02434253692626953
0 0.15278705954551697 0.4825742244720459 0.010197535157203674 0.006908029317855835
0 0.3191218972206116 0.5007750988006592 0.027669459581375122 0.03605777025222778
0 0.17454245686531067 0.4904688596725464 0.008223816752433777 0.005131512880325317
0 0.15723958611488342 0.488495409488678 0.029276832938194275 0.015296310186386108
0 0.029276827350258827 0.49519920349121094 0.058553654700517654 0.038062095642089844
0 0.27796539664268494 0.49096256494522095 0.011184394359588623 0.017763465642929077
1 0.4710608720779419 0.7189270257949829 0.12993645668029785 0.36859196424484253
0 0.3948856592178345 0.4939230978488922 0.049530029296875 0.033485472202301025
0 0.21299715340137482 0.494663268327713 0.006085634231567383 0.01850360631942749
0 0.25493866205215454 0.48553481698036194 0.016447648406028748 0.010973870754241943
1 0.08445871621370316 0.783475399017334 0.1689174324274063 0.4330492615699768
1 0.23158299922943115 0.48948225378990173 0.0055921971797943115 0.016776621341705322
0 0.42579343914985657 0.5287383198738098 0.08072161674499512 0.08890032768249512
0 0.20987209677696228 0.4954034090042114 0.0055921971797943115 0.019951701164245605
0 0.28520235419273376 0.4939231276512146 0.007236957550048828 0.02051258087158203
0 0.11513359844684601 0.5146471858024597 0.039474375545978546 0.052303582429885864
1 0.165134459733963 0.4845479726791382 0.010526493191719055 0.013816028833389282
0 0.36409130692481995 0.49773597717285156 0.02506023645401001 0.02911233901977539
0 0.08190932869911194 0.5338909029960632 0.07467235624790192 0.07607528567314148
0 0.2010878324508667 0.4948825240135193 0.019755467772483826 0.02615174651145935
0 0.19506919384002686 0.49871644377708435 0.018985286355018616 0.02424854040145874
0 0.2227012664079666 0.49096253514289856 0.007236957550048828 0.016776621341705322
0 0.1325681060552597 0.4840545058250427 0.025658339262008667 0.013816028833389282
0 0.3559272885322571 0.49293631315231323 0.017763406038284302 0.020724058151245117
0 0.1361865997314453 0.4993508458137512 0.016447648406028748 0.017763495445251465
0 0.380927711725235 0.5259255766868591 0.03801757097244263 0.06463930010795593
0 0.3329005539417267 0.5077391266822815 0.03332251310348511 0.03616771101951599
0 0.1996745467185974 0.4993508458137512 0.007236957550048828 0.022204309701919556
0 0.18224003911018372 0.488495409488678 0.011184409260749817 0.005427747964859009
0 0.9670860767364502 0.5468246936798096 0.06582790613174438 0.0906265377998352
