1 0.6707354187965393 0.7919546365737915 0.07368552684783936 0.3917831778526306
0 0.09835697710514069 0.48701509833335876 0.04243495315313339 0.027291595935821533
1 0.88126540184021 0.7011635899543762 0.11875206232070923 0.35082852840423584
0 0.21809592843055725 0.5146471261978149 0.05164565145969391 0.056744396686553955
0 0.18224003911018372 0.48426228761672974 0.016447648406028748 0.009868592023849487
0 0.7415688037872314 0.5921157002449036 0.2838866114616394 0.130265474319458
1 0.9690959453582764 0.5023114085197449 0.02401357889175415 0.05032980442047119
0 0.3020409047603607 0.4978705644607544 0.017825424671173096 0.024671465158462524
0 0.21447743475437164 0.48553478717803955 0.01578974723815918 0.008388310670852661
1 0.9906336069107056 0.49688369035720825 0.018732845783233643 0.03256639838218689
0 0.292439341545105 0.494567334651947 0.018549293279647827 0.024242043495178223
0 0.15323273837566376 0.4825742244720459 0.010197550058364868 0.006908029317855835
0 0.3196452260017395 0.4999900460243225 0.028192788362503052 0.0365811288356781
0 0.17763468623161316 0.5047785639762878 0.01634150743484497 0.03315532207489014
0 0.16020017862319946 0.5047785639762878 0.035329535603523254 0.046875834465026855
0 0.028450816869735718 0.4912673234939575 0.056901633739471436 0.033364564180374146
0 0.27796539664268494 0.49096256494522095 0.011184394359588623 0.017763465642929077
0 0.39533716440200806 0.4939231276512146 0.049078524112701416 0.034840017557144165
0 0.255800724029541 0.48553478717803955 0.017434507608413696 0.012335747480392456
1 0.0336354561150074 0.8076534271240234 0.0672709122300148 0.3846932053565979
0 0.4251821041107178 0.525070309638977 0.08011025190353394 0.08614933490753174
0 0.20888523757457733 0.48701509833335876 0.003618478775024414 0.003947436809539795
0 0.28520235419273376 0.4939231276512146 0.007236957550048828 0.019243746995925903
0 0.11509305238723755 0.5207643508911133 0.045593805611133575 0.06069186329841614
0 0.3634932041168213 0.4963902533054352 0.025362014770507812 0.028445541858673096
0 0.0529027134180069 0.5611705780029297 0.1058054268360138 0.1176711916923523
0 0.08914629369974136 0.5299434661865234 0.060856323689222336 0.0690801739692688
0 0.1996745467185974 0.49096253514289856 0.01644766330718994 0.01924377679824829
0 0.1940823495388031 0.4978705644607544 0.016447648406028748 0.02368462085723877
0 0.22171440720558167 0.48542094230651855 0.0055921971797943115 0.007591217756271362
1 0.7894874811172485 0.8148081302642822 0.13552868366241455 0.37038373947143555
0 0.1325681060552597 0.4840545058250427 0.025658339262008667 0.013816028833389282
0 0.35585641860961914 0.4924428462982178 0.01637682318687439 0.020724058151245117
0 0.14188848435878754 0.5169497728347778 0.02845439314842224 0.05230355262756348
0 0.38119083642959595 0.525502622127533 0.03826811909675598 0.06431019306182861
0 0.3329005837440491 0.5077391266822815 0.03362157940864563 0.03661629557609558
0 0.1996745467185974 0.4939231276512146 0.006579071283340454 0.012335777282714844
0 0.18585851788520813 0.500831127166748 0.017434507608413696 0.027632087469100952
0 0.9666199684143066 0.5462266206741333 0.06676000356674194 0.08832389116287231
