0 0.2713863253593445 0.5146471858024597 0.07829083502292633 0.02911233901977539
0 0.5414568185806274 0.5812602043151855 0.10065966844558716 0.10510057210922241
0 0.28322863578796387 0.39869117736816406 0.03782960772514343 0.04588896036148071
0 0.2095431387424469 0.6241885423660278 0.15691064298152924 0.17862153053283691
0 0.468758225440979 0.49688369035720825 0.0460534393787384 0.059704989194869995
0 0.292439341545105 0.5023114085197449 0.06743541359901428 0.04144808650016785
0 0.47402143478393555 0.46629106998443604 0.0444086492061615 0.059704989194869995
0 0.5097129344940186 0.5506677031517029 0.06957364082336426 0.07968902587890625
0 0.01307588629424572 0.668103814125061 0.02615177258849144 0.13816028833389282
0 0.417222261428833 0.41365864872932434 0.04704028367996216 0.046875834465026855
0 0.22039858996868134 0.5437595248222351 0.12533113360404968 0.08141589164733887
0 0.5904709100723267 0.6197476983070374 0.12730485200881958 0.13964056968688965
0 0.23881997168064117 0.5437594652175903 0.14572623372077942 0.0690801739692688
0 0.3690854012966156 0.4095466434955597 0.04440867900848389 0.046875834465026855
