1 0.5597958564758301 0.4539565145969391 0.004605352878570557 0.017270028591156006
0 0.8243565559387207 0.7159664630889893 0.3496771454811096 0.4746793508529663
0 0.6192543506622314 0.5193346738815308 0.04556006193161011 0.06143200397491455
0 0.4213889539241791 0.488495409488678 0.023026704788208008 0.026151806116104126
0 0.5519833564758301 0.4825742244720459 0.01842135190963745 0.012335747480392456
0 0.6312610507011414 0.5269829034805298 0.040461182594299316 0.07154726982116699
0 0.5361936092376709 0.46333047747612 0.01644766330718994 0.020724058151245117
0 0.5611940622329712 0.4939231276512146 0.01842135190963745 0.020724058151245117
1 0.32763731479644775 0.4939231276512146 0.014144986867904663 0.027138620615005493
0 0.44079720973968506 0.5102063417434692 0.038487523794174194 0.04292839765548706
1 0.5812602043151855 0.4983639717102051 0.01151341199874878 0.03404664993286133
1 0.6039578914642334 0.48701509833335876 0.007565915584564209 0.017270028591156006
0 0.46185019612312317 0.45642244815826416 0.011184394359588623 0.01085546612739563
0 0.49310070276260376 0.4825742244720459 0.0615142285823822 0.10213994979858398
0 0.5483648777008057 0.4786267876625061 0.028618931770324707 0.02911236882209778
0 0.45066577196121216 0.46234363317489624 0.01644766330718994 0.02072402834892273
0 0.5960630774497986 0.5161274671554565 0.026645183563232422 0.04292836785316467
1 0.32813069224357605 0.5240223407745361 0.01809239387512207 0.047616004943847656
0 0.34869030117988586 0.4840545058250427 0.027632057666778564 0.03305980563163757
0 0.4940875768661499 0.500831127166748 0.054277271032333374 0.03454005718231201
0 0.4552711248397827 0.4593830108642578 0.012829184532165527 0.017763465642929077
0 0.36053264141082764 0.52303546667099 0.05065879225730896 0.05526411533355713
0 0.49671921133995056 0.5393186807632446 0.0634879469871521 0.07746845483779907
0 0.5273118615150452 0.49096256494522095 0.01644766330718994 0.02911236882209778
0 0.6901436448097229 0.5363580584526062 0.035855889320373535 0.0730275809764862
0 0.4460604190826416 0.45247501134872437 0.002631634473800659 0.003947436809539795
0 0.5509964823722839 0.5102062821388245 0.040461182594299316 0.043915241956710815
0 0.4398103356361389 0.4746793508529663 0.02401357889175415 0.02911233901977539
0 0.3727039098739624 0.5116865634918213 0.0460534393787384 0.060691893100738525
0 0.4480341672897339 0.4648107886314392 0.014802902936935425 0.019243746995925903
1 0.5993526577949524 0.4898110330104828 0.009868621826171875 0.01578974723815918
0 0.6687617301940918 0.5363580584526062 0.07829087972640991 0.09917935729026794
0 0.17006877064704895 0.602971076965332 0.1500026285648346 0.13519978523254395
0 0.4305996298789978 0.48158735036849976 0.017434507608413696 0.017763465642929077
