0 0.48356109857559204 0.5388252139091492 0.025987297296524048 0.02911233901977539
0 0.49507445096969604 0.5215551853179932 0.013815999031066895 0.00789487361907959
0 0.23881995677947998 0.5787930488586426 0.061185285449028015 0.07302755117416382
0 0.5947472453117371 0.5250091552734375 0.00789487361907959 0.0098685622215271
0 0.19243758916854858 0.5945827960968018 0.0904621034860611 0.08092242479324341
0 0.5674440860748291 0.5955696105957031 0.07993561029434204 0.08881735801696777
0 0.07080715894699097 0.637511134147644 0.14161431789398193 0.1287851333618164
0 0.5309303402900696 0.5195814371109009 0.006579041481018066 0.004934251308441162
0 0.12960752844810486 0.537838339805603 0.0500008761882782 0.023191213607788086
0 0.5029693245887756 0.5595492124557495 0.023355692625045776 0.04588896036148071
0 0.38586199283599854 0.533890962600708 0.02927681803703308 0.02171093225479126
0 0.5730380415916443 0.51530522108078 0.00789487361907959 0.012829184532165527
0 0.2730315923690796 0.5711456537246704 0.04292905330657959 0.06118583679199219
0 0.5236933827400208 0.5634967088699341 0.043750762939453125 0.058718085289001465
1 0.5440884828567505 0.5407989025115967 0.013487100601196289 0.0310860276222229
