0 0.7855400443077087 0.7959020733833313 0.4286259412765503 0.37796711921691895
0 0.19868768751621246 0.4978705644607544 0.03782960772514343 0.015296339988708496
0 0.35066401958465576 0.5393186807632446 0.03947439789772034 0.04292839765548706
0 0.15098948776721954 0.4954034090042114 0.011842310428619385 0.013816028833389282
0 0.31842660903930664 0.5171142816543579 0.016447633504867554 0.033059775829315186
0 0.33947962522506714 0.5284631848335266 0.030263662338256836 0.03454005718231201
0 0.09112001955509186 0.537838339805603 0.07533026486635208 0.03454011678695679
0 0.1500026285648346 0.5309303402900696 0.10296232253313065 0.05230355262756348
0 0.20789837837219238 0.5092194080352783 0.07072491943836212 0.05082327127456665
0 0.05888260900974274 0.6108659505844116 0.01842137798666954 0.046875834465026855
0 0.1444104164838791 0.5309303402900696 0.07829084247350693 0.04983639717102051
0 0.30263686180114746 0.5200748443603516 0.023026734590530396 0.01924377679824829
0 0.06949134916067123 0.5723784565925598 0.13898269832134247 0.14901578426361084
0 0.03149726241827011 0.6167870759963989 0.06299452483654022 0.11990338563919067
0 0.16480551660060883 0.5185946226119995 0.07368549704551697 0.03602033853530884
0 0.32928207516670227 0.5200749039649963 0.028618931770324707 0.03454005718231201
0 0.45066577196121216 0.602971076965332 0.1095413863658905 0.11595594882965088
0 0.11217301338911057 0.537838339805603 0.10296232998371124 0.05230355262756348
0 0.012829171493649483 0.6991899013519287 0.0250004380941391 0.11595600843429565
0 0.19309547543525696 0.5146471858024597 0.04704029858112335 0.03700724244117737
0 0.1075676679611206 0.5462266802787781 0.09572535753250122 0.0577312707901001
