0 0.23857328295707703 0.4638238251209259 0.013158068060874939 0.01381605863571167
2 0.2701800465583801 0.4649752378463745 0.00789487361907959 0.017763465642929077
0 0.2131616175174713 0.46777135133743286 0.0404612272977829 0.022204339504241943
1 0.2608598470687866 0.46629106998443604 0.006908029317855835 0.019243746995925903
0 0.38915157318115234 0.46629106998443604 0.01842138171195984 0.016776591539382935
0 0.26480725407600403 0.47023850679397583 0.03585587441921234 0.019243746995925903
0 0.4345470666885376 0.6034644842147827 0.2305961549282074 0.1633252501487732
0 0.4269811511039734 0.46333047747612 0.011842310428619385 0.012335717678070068
0 0.30428165197372437 0.46333047747612 0.020395100116729736 0.015296339988708496
0 0.28322863578796387 0.4648107886314392 0.025000452995300293 0.013816028833389282
0 0.2959480881690979 0.46069878339767456 0.012938708066940308 0.009375184774398804
0 0.265089213848114 0.4593830406665802 0.024060577154159546 0.014238953590393066
1 0.24298696219921112 0.4671131670475006 0.005701392889022827 0.018750488758087158
0 0.3745131492614746 0.46752458810806274 0.03223741054534912 0.015296339988708496
