0 0.3421112298965454 0.4899756908416748 0.03684273362159729 0.009868592023849487
1 0.5220485925674438 0.6814264059066772 0.06283006072044373 0.28914976119995117
0 0.9842277765274048 0.5299434661865234 0.022039830684661865 0.02911233901977539
0 0.05822470411658287 0.5422792434692383 0.11546254903078079 0.062172114849090576
0 0.4261338412761688 0.4808696508407593 0.007236957550048828 0.013816028833389282
1 0.4671134352684021 0.6646498441696167 0.10000178217887878 0.29507094621658325
0 0.45263996720314026 0.5812602043151855 0.2428770661354065 0.11842316389083862
0 0.9824919700622559 0.5644835829734802 0.035016000270843506 0.11496913433074951
1 0.5061649084091187 0.4763711094856262 0.004605352878570557 0.01346355676651001
1 0.1516473889350891 0.6982030272483826 0.10592290759086609 0.3305978775024414
1 0.011019929312169552 0.7440919876098633 0.022039858624339104 0.20477330684661865
0 0.47961366176605225 0.4692516326904297 0.006579071283340454 0.006907999515533447
0 0.6125107407569885 0.5615229606628418 0.18717432022094727 0.10115307569503784
0 0.2555965781211853 0.5116865634918213 0.045066580176353455 0.03750067949295044
0 0.42145222425460815 0.4822516143321991 0.01355031132698059 0.017497777938842773
0 0.5220485925674438 0.48306766152381897 0.014802873134613037 0.020724058151245117
0 0.5390079021453857 0.4939231276512146 0.01578974723815918 0.020724058151245117
1 0.3049395680427551 0.49342966079711914 0.009210675954818726 0.03355321288108826
0 0.47873684763908386 0.4755018353462219 0.028618931770324707 0.017763465642929077
0 0.5664572715759277 0.5018180012702942 0.038706839084625244 0.03733623027801514
0 0.44474464654922485 0.4771465063095093 0.01342126727104187 0.017763495445251465
0 0.3404664993286133 0.5190880298614502 0.06085631251335144 0.04983639717102051
1 0.895410418510437 0.5077391266822815 0.025000452995300293 0.03355321288108826
0 0.3230319619178772 0.4978705644607544 0.03223741054534912 0.03996780514717102
0 0.45658692717552185 0.476529598236084 0.008470594882965088 0.012335747480392456
0 0.4023096561431885 0.48553481698036194 0.01282915472984314 0.01924377679824829
1 0.26480725407600403 0.7490262985229492 0.07730399072170258 0.1904638409614563
0 0.42507404088974 0.4771465063095093 0.02401357889175415 0.016628563404083252
0 0.48560404777526855 0.4652522802352905 0.01118442416191101 0.015737801790237427
0 0.38033562898635864 0.488495409488678 0.022039860486984253 0.02072402834892273
0 0.22911593317985535 0.5241456031799316 0.03922773897647858 0.031949639320373535
1 0.1728648692369461 0.5114399194717407 0.01842135190963745 0.06439262628555298
0 0.2805970311164856 0.5092194676399231 0.032237499952316284 0.03552690148353577
0 0.8486990928649902 0.5368515253067017 0.17171353101730347 0.09424510598182678
