0 0.7924480438232422 0.5195814371109009 0.029276788234710693 0.025164902210235596
0 0.4572448432445526 0.5195814371109009 0.009210705757141113 0.01578974723815918
1 0.27985990047454834 0.6552734375 0.03495126962661743 0.12052005529403687
1 0.983569860458374 0.5447463989257812 0.015131831169128418 0.052797019481658936
1 0.40625709295272827 0.6488600373268127 0.04967191815376282 0.14654862880706787
1 0.07829207181930542 0.6059316396713257 0.02023092657327652 0.06932657957077026
0 0.0825672373175621 0.5556018352508545 0.1651344746351242 0.09572535753250122
0 0.9889066219329834 0.5047785639762878 0.02218681573867798 0.06167873740196228
0 0.7286311388015747 0.5136603116989136 0.01940828561782837 0.025164902210235596
1 0.06283004581928253 0.5871813297271729 0.029934734106063843 0.1075676679611206
0 0.7065913081169128 0.5037916898727417 0.11381781101226807 0.043915241956710815
0 0.8250144720077515 0.5195814371109009 0.051316678524017334 0.025164902210235596
0 0.7625133395195007 0.520568311214447 0.053948283195495605 0.03404664993286133
0 0.44507357478141785 0.5240223407745361 0.025329411029815674 0.02713865041732788
1 0.3491845428943634 0.6130857467651367 0.04424363374710083 0.14901447296142578
0 0.3612182140350342 0.5386606454849243 0.0314696729183197 0.04276341199874878
0 0.8774738311767578 0.5027009844779968 0.07138282060623169 0.04625251889228821
0 0.30461061000823975 0.5319172143936157 0.01875033974647522 0.018750309944152832
0 0.6783009767532349 0.520568311214447 0.03190875053405762 0.03552746772766113
1 0.299761027097702 0.6447888612747192 0.04268127679824829 0.12619346380233765
0 0.3286244869232178 0.5472136735916138 0.05016547441482544 0.055264055728912354
0 0.3954017758369446 0.5304360389709473 0.029934734106063843 0.033059775829315186
0 0.18579372763633728 0.5892535448074341 0.09947483241558075 0.10085666179656982
0 0.938174307346344 0.5126734375953674 0.053948283195495605 0.03996777534484863
0 0.2440832108259201 0.542772650718689 0.08914628624916077 0.046875834465026855
0 0.7378413677215576 0.5343841910362244 0.041119158267974854 0.04243481159210205
0 0.5407989025115967 0.5116865634918213 0.012500226497650146 0.011842310428619385
0 0.3095448911190033 0.5185946226119995 0.01611870527267456 0.011842310428619385
1 0.28158387541770935 0.6360308527946472 0.06447482109069824 0.16480553150177002
1 0.9648195505142212 0.5161274671554565 0.006907999515533447 0.031086087226867676
0 0.36645376682281494 0.5250091552734375 0.031250566244125366 0.025164902210235596
0 0.46777135133743286 0.5205683708190918 0.010526508092880249 0.011842310428619385
