0 0.42714545130729675 0.5723783373832703 0.030592739582061768 0.0379941463470459
0 0.34737449884414673 0.5847141742706299 0.03717172145843506 0.046875834465026855
0 0.5016535520553589 0.5526412725448608 0.00592118501663208 0.0049343109130859375
0 0.25888609886169434 0.6093856692314148 0.06644853949546814 0.06908011436462402
0 0.37796711921691895 0.5881681442260742 0.0460534393787384 0.05575758218765259
0 0.4944165349006653 0.5526412725448608 0.003947436809539795 0.003947436809539795
0 0.4996798038482666 0.5634967088699341 0.01315811276435852 0.01578974723815918
0 0.5206230878829956 0.5648123621940613 0.009210646152496338 0.01907932758331299
0 0.5164563655853271 0.5644835233688354 0.004605352878570557 0.014802873134613037
0 0.4789557456970215 0.5556018352508545 0.004605352878570557 0.005921125411987305
0 0.47599518299102783 0.5565886497497559 0.007565915584564209 0.008388340473175049
0 0.5296145677566528 0.5654703378677368 0.01864069700241089 0.024671435356140137
0 0.4723767042160034 0.5575755834579468 0.007236987352371216 0.006907999515533447
0 0.5095484256744385 0.5556018352508545 0.006907999515533447 0.009375154972076416
0 0.4865216612815857 0.5526412725448608 0.005263239145278931 0.006907999515533447
0 0.4848769009113312 0.5556018352508545 0.005263268947601318 0.005921125411987305
0 0.3074887990951538 0.5664572715759277 0.008223861455917358 0.011595606803894043
0 0.41184931993484497 0.5718849897384644 0.011184394359588623 0.025164902210235596
0 0.32632148265838623 0.5699112415313721 0.02072402834892273 0.014309465885162354
