0 0.38355934619903564 0.5215551853179932 0.01842135190963745 0.019243717193603516
0 0.19506920874118805 0.5891550779342651 0.15098950266838074 0.13816028833389282
0 0.40066489577293396 0.5610295534133911 0.06842225790023804 0.08092248439788818
0 0.3973753750324249 0.5171142816543579 0.01842135190963745 0.01381605863571167
0 0.4148098826408386 0.5185946226119995 0.011842310428619385 0.012335717678070068
0 0.40855976939201355 0.5185946226119995 0.011842310428619385 0.0098685622215271
0 0.3077685236930847 0.565865159034729 0.040483176708221436 0.06398141384124756
0 0.5568488836288452 0.5151405930519104 0.028618931770324707 0.03996777534484863
0 0.4863569736480713 0.5171142816543579 0.012515127658843994 0.014825284481048584
0 0.5440647006034851 0.5151405930519104 0.008552789688110352 0.0212174654006958
0 0.3358611464500427 0.5515522956848145 0.04499852657318115 0.05082327127456665
0 0.5440884828567505 0.5193883180618286 0.0054634809494018555 0.021217525005340576
0 0.3559272885322571 0.5422792434692383 0.03947436809539795 0.04835611581802368
0 0.5599963665008545 0.5250091552734375 0.013158142566680908 0.0325663685798645
0 0.5419412851333618 0.5155308842658997 0.009539604187011719 0.028618931770324707
0 0.5059298872947693 0.5171142816543579 0.03486904501914978 0.04391521215438843
0 0.3671116828918457 0.5299434661865234 0.027632057666778564 0.02911233901977539
0 0.4444156885147095 0.533890962600708 0.038816481828689575 0.04539555311203003
0 0.5375093817710876 0.6019842028617859 0.1404629647731781 0.08092248439788818
0 0.4654686748981476 0.5151405930519104 0.016682446002960205 0.02015995979309082
0 0.5570887327194214 0.8166326284408569 0.30592644214630127 0.36673468351364136
0 0.5279697775840759 0.5620164275169373 0.08750152587890625 0.0439152717590332
0 0.5141537189483643 0.5185946226119995 0.051645636558532715 0.024671494960784912
0 0.2667809724807739 0.5620164275169373 0.07227107882499695 0.11631739139556885
0 0.5755363702774048 0.5289689302444458 0.036184847354888916 0.04439634084701538
0 0.5118510723114014 0.5551084280014038 0.0598694384098053 0.06118530035018921
0 0.47566622495651245 0.5200749039649963 0.005310684442520142 0.009868621826171875
0 0.42237579822540283 0.525502622127533 0.01282915472984314 0.024671435356140137
0 0.5917866826057434 0.542797327041626 0.04638242721557617 0.051316678524017334
0 0.4620847702026367 0.5214850902557373 0.022838860750198364 0.02883058786392212
