0 0.2934262156486511 0.5062588453292847 0.07006701827049255 0.027632087469100952
0 0.5384962558746338 0.5625098943710327 0.08519884943962097 0.0902976393699646
0 0.2996762990951538 0.3996780514717102 0.03421112895011902 0.038980960845947266
0 0.37640446424484253 0.5269829034805298 0.06513282656669617 0.0795656144618988
0 0.47533726692199707 0.4903046488761902 0.043421804904937744 0.05526414513587952
0 0.3101206123828888 0.4957735538482666 0.06431031227111816 0.03750064969062805
0 0.47961366176605225 0.46234360337257385 0.041448116302490234 0.0537838339805603
0 0.5111931562423706 0.5398120880126953 0.06184318661689758 0.0690801739692688
0 0.05929380655288696 0.6286294460296631 0.11858761310577393 0.1766478419303894
0 0.42533639073371887 0.4134940803050995 0.04440867900848389 0.04440867900848389
0 0.24737274646759033 0.5368515253067017 0.11612045764923096 0.07746845483779907
0 0.5782996416091919 0.5928558111190796 0.10427814722061157 0.1174362301826477
0 0.26645204424858093 0.5398120880126953 0.13191021978855133 0.07450789213180542
0 0.37994086742401123 0.40806636214256287 0.04243496060371399 0.04588896036148071
