0 0.4207310676574707 0.5156340599060059 0.014473944902420044 0.018750369548797607
1 0.5414568185806274 0.5087260007858276 0.004276394844055176 0.02368462085723877
0 0.3809277415275574 0.5585623979568481 0.07384994626045227 0.09079110622406006
0 0.04292838275432587 0.8472187519073486 0.08585676550865173 0.29457753896713257
0 0.43776607513427734 0.5030868053436279 0.01755201816558838 0.01437997817993164
0 0.45987647771835327 0.5003377199172974 0.015131860971450806 0.008388310670852661
0 0.44145509600639343 0.531423807144165 0.035526931285858154 0.040954649448394775
0 0.4049413204193115 0.5200749039649963 0.025329381227493286 0.031086087226867676
1 0.6947489976882935 0.5259960293769836 0.015131831169128418 0.04736924171447754
1 0.6348795294761658 0.5240223407745361 0.013158082962036133 0.03404664993286133
1 0.6789592504501343 0.5240223407745361 0.005592226982116699 0.038980960845947266
0 0.5299434661865234 0.5003377199172974 0.02335566282272339 0.03602033853530884
0 0.37204599380493164 0.5077391862869263 0.009539633989334106 0.003947436809539795
1 0.5519833564758301 0.5077391266822815 0.005592226982116699 0.02072402834892273
1 0.5490227937698364 0.5077391266822815 0.0042763352394104 0.02072402834892273
1 0.6457350254058838 0.5166208744049072 0.013158142566680908 0.045395493507385254
0 0.004934296943247318 0.5960630774497986 0.009868593886494637 0.0730276107788086
0 0.21414849162101746 0.5363580584526062 0.010197535157203674 0.021710872650146484
0 0.7564281821250916 0.5028049349784851 0.022040128707885742 0.019243836402893066
0 0.45625796914100647 0.5200749039649963 0.025548696517944336 0.03602039813995361
0 0.3383379578590393 0.5390864610671997 0.04378947615623474 0.06092405319213867
0 0.5088905096054077 0.6207345724105835 0.11151513457298279 0.13668006658554077
0 0.4996798038482666 0.5220485925674438 0.05065882205963135 0.05674442648887634
0 0.21283267438411713 0.5200748443603516 0.01578974723815918 0.011348903179168701
0 0.46919679641723633 0.5126734375953674 0.01940825581550598 0.027961015701293945
0 0.23750415444374084 0.536358118057251 0.05427725613117218 0.05871814489364624
0 0.7278091311454773 0.5003377199172974 0.0268094539642334 0.012828975915908813
0 0.7192373275756836 0.5115770101547241 0.0545695424079895 0.03295007348060608
