0 0.6299452781677246 0.5644835233688354 0.07763296365737915 0.07746845483779907
0 0.37730923295021057 0.5215551853179932 0.03125053644180298 0.048356086015701294
0 0.8146547079086304 0.6745198965072632 0.22467690706253052 0.20058059692382812
1 0.3151369094848633 0.5225419998168945 0.0072370171546936035 0.03133291006088257
1 0.4809296727180481 0.5178545713424683 0.00493428111076355 0.01529628038406372
0 0.2039509415626526 0.5866879224777222 0.07829084992408752 0.09671217203140259
0 0.3615194857120514 0.5284632444381714 0.03421109914779663 0.051316678524017334
0 0.06110304221510887 0.6473797559738159 0.12220608443021774 0.15493690967559814
0 0.5746811628341675 0.5284632444381714 0.04046124219894409 0.04835611581802368
0 0.42533639073371887 0.5140550136566162 0.00763171911239624 0.022500276565551758
0 0.5875102877616882 0.5353711843490601 0.057237863540649414 0.056744396686553955
0 0.4115203619003296 0.5146469473838806 0.03263217210769653 0.03557634353637695
1 0.326979398727417 0.5171142816543579 0.006908029317855835 0.022697746753692627
0 0.14391571283340454 0.6046985387802124 0.1055944412946701 0.1176832914352417
0 0.5424436926841736 0.5131669044494629 0.026645183563232422 0.030592620372772217
0 0.34309810400009155 0.5398120880126953 0.04704028367996216 0.04835611581802368
0 0.530075192451477 0.5139068365097046 0.011842310428619385 0.02368462085723877
