0 0.37270388007164 0.5156340599060059 0.011842310428619385 0.01381605863571167
0 0.5628387928009033 0.5205683708190918 0.016776561737060547 0.019737184047698975
0 0.16825850307941437 0.538825273513794 0.03388229012489319 0.02023071050643921
0 0.3878357410430908 0.5176077485084534 0.005921155214309692 0.006908059120178223
0 0.3000052571296692 0.5215551853179932 0.027961015701293945 0.02615177631378174
0 0.2055957019329071 0.5348777770996094 0.025329381227493286 0.018750309944152832
0 0.45318758487701416 0.5741876363754272 0.06425544619560242 0.08190923929214478
0 0.47040295600891113 0.5176077485084534 0.007236987352371216 0.013815999031066895
0 0.4937586188316345 0.5126734375953674 0.02927681803703308 0.051810115575790405
0 0.28158387541770935 0.5259960889816284 0.02138197422027588 0.016776621341705322
0 0.05789574980735779 0.5457332134246826 0.03519798442721367 0.03207296133041382
0 0.30658429861068726 0.5250091552734375 0.02072402834892273 0.012829124927520752
0 0.4503368139266968 0.5077391862869263 0.038487523794174194 0.06167870759963989
0 0.3513219356536865 0.5146471261978149 0.025329411029815674 0.02171093225479126
0 0.3227030038833618 0.5536280870437622 0.046711355447769165 0.040954649448394775
0 0.12642711400985718 0.5404700636863708 0.03212776780128479 0.02911233901977539
0 0.40066492557525635 0.5156340599060059 0.005921155214309692 0.003947436809539795
0 0.3213872015476227 0.5250091552734375 0.012500226497650146 0.010855495929718018
0 0.4763241410255432 0.5195814371109009 0.007236987352371216 0.010855495929718018
0 0.4243495464324951 0.5185946226119995 0.011842340230941772 0.016776621341705322
0 0.2569124102592468 0.5299434661865234 0.013816028833389282 0.016776621341705322
0 0.43520498275756836 0.5417858362197876 0.03322434425354004 0.037007153034210205
0 0.38191458582878113 0.5195814371109009 0.00789487361907959 0.006907999515533447
0 0.47961366176605225 0.5176077485084534 0.003947436809539795 0.010855436325073242
0 0.27007052302360535 0.5250092148780823 0.020724058151245117 0.01578974723815918
0 0.23224091529846191 0.5329040288925171 0.020724043250083923 0.01381605863571167
0 0.5348777770996094 0.5156340003013611 0.011184453964233398 0.012829184532165527
0 0.365401029586792 0.5201736092567444 0.0034210681915283203 0.007697463035583496
0 0.5102063417434692 0.5156340599060059 0.0026316046714782715 0.006907999515533447
0 0.02384910173714161 0.5477069616317749 0.04769820347428322 0.031086087226867676
0 0.39507269859313965 0.5156340599060059 0.007236957550048828 0.008881747722625732
0 0.38915154337882996 0.5185946226119995 0.00789487361907959 0.008881747722625732
0 0.3350934088230133 0.5212262868881226 0.009649276733398438 0.01151341199874878
0 0.40461230278015137 0.5166209936141968 0.003618568181991577 0.003947436809539795
