1 0.7681055068969727 0.5274763107299805 0.013487040996551514 0.05625098943710327
0 0.4075729250907898 0.5309303402900696 0.03125053644180298 0.02911233901977539
0 0.6016552448272705 0.6236951351165771 0.31447920203208923 0.15296322107315063
0 0.5095483660697937 0.49639028310775757 0.01578974723815918 0.019243746995925903
0 0.42599430680274963 0.56843101978302 0.07171177864074707 0.0828961730003357
0 0.5774164199829102 0.521757960319519 0.011842310428619385 0.029450297355651855
1 0.1384892761707306 0.5950762033462524 0.027303114533424377 0.11595594882965088
1 0.8169552087783813 0.5528883337974548 0.017434120178222656 0.08166301250457764
1 0.649024486541748 0.5235289335250854 0.011184394359588623 0.033059775829315186
1 0.006579062435775995 0.8230407238006592 0.01315812487155199 0.04440867900848389
0 0.6108659505844116 0.5102062821388245 0.06447482109069824 0.08536335825920105
0 0.46883130073547363 0.5466872453689575 0.025000452995300293 0.05734747648239136
1 0.6684876680374146 0.5220487117767334 0.011184394359588623 0.039474427700042725
1 0.3634932041168213 0.579779863357544 0.03980332612991333 0.11595600843429565
1 0.3241456151008606 0.5293363928794861 0.011564165353775024 0.024785637855529785
0 0.6503403186798096 0.5131669044494629 0.01644766330718994 0.023684680461883545
1 0.7128413915634155 0.5072457194328308 0.009210646152496338 0.016776591539382935
1 0.7009991407394409 0.5250091552734375 0.013487040996551514 0.04835611581802368
0 0.3634932041168213 0.5200749039649963 0.009210705757141113 0.010855436325073242
0 0.47928470373153687 0.5077391862869263 0.01578974723815918 0.01924377679824829
1 0.719310998916626 0.526654064655304 0.018750309944152832 0.06167885661125183
1 0.37204599380493164 0.5338909029960632 0.010690838098526001 0.03947436809539795
1 0.7595527768135071 0.5324106216430664 0.018750309944152832 0.054770708084106445
1 0.08914630115032196 0.6049448251724243 0.04506657272577286 0.10707420110702515
0 0.49310073256492615 0.5023114085197449 0.017434537410736084 0.03305980563163757
1 0.46800506114959717 0.5112061500549316 0.24611756205558777 0.07175508141517639
1 0.6838935613632202 0.5250091552734375 0.013487100601196289 0.047369301319122314
1 0.43750762939453125 0.5822470188140869 0.022039860486984253 0.11348885297775269
1 0.6704064607620239 0.5210617780685425 0.011184394359588623 0.039474427700042725
1 0.649024486541748 0.503298282623291 0.007565915584564209 0.011348873376846313
0 0.2539518177509308 0.5491872429847717 0.13421286642551422 0.1574040651321411
