0 0.6023131608963013 0.5852075815200806 0.03125053644180298 0.060691893100738525
0 0.28322863578796387 0.6059316396713257 0.06283003091812134 0.07056045532226562
0 0.6661300659179688 0.6074119806289673 0.08947527408599854 0.09276479482650757
0 0.46958059072494507 0.5272295475006104 0.027632027864456177 0.030592620372772217
0 0.5562597513198853 0.5338909029960632 0.011184394359588623 0.010855436325073242
0 0.5598782300949097 0.558315634727478 0.009210646152496338 0.033059775829315186
0 0.4243495464324951 0.5536280870437622 0.01842138171195984 0.02368462085723877
1 0.48323214054107666 0.5358645915985107 0.005921155214309692 0.020230650901794434
0 0.10814333707094193 0.82961106300354 0.21628667414188385 0.3407779335975647
0 0.5720494985580444 0.5630033016204834 0.011184394359588623 0.03750067949295044
0 0.3952372074127197 0.5625097751617432 0.03174397349357605 0.040707945823669434
0 0.4595475196838379 0.5630033016204834 0.03519797325134277 0.03750067949295044
0 0.1401340365409851 0.644912600517273 0.13191020488739014 0.09276473522186279
0 0.48158735036849976 0.5329040288925171 0.0055921971797943115 0.0054277777671813965
0 0.4457314908504486 0.5452398061752319 0.012829184532165527 0.016776561737060547
0 0.31645292043685913 0.5950762033462524 0.04243496060371399 0.05970501899719238
0 0.3542824983596802 0.5812602043151855 0.047040313482284546 0.04687577486038208
0 0.41826391220092773 0.556835412979126 0.024506986141204834 0.029112398624420166
0 0.45494216680526733 0.5444996356964111 0.011184394359588623 0.016776621341705322
0 0.47040295600891113 0.5422792434692383 0.017434507608413696 0.01924377679824829
0 0.583891749382019 0.5644835233688354 0.030592620372772217 0.0537838339805603
0 0.6337281465530396 0.5916221737861633 0.0751657485961914 0.08783042430877686
0 0.45494216680526733 0.5383317470550537 0.013816028833389282 0.012335717678070068
1 0.7184336185455322 0.5630033016204834 0.020395100116729736 0.07302755117416382
0 0.5072457194328308 0.5329040288925171 0.01019752025604248 0.01529628038406372
0 0.583069384098053 0.5721316337585449 0.015296339988708496 0.045642197132110596
0 0.6697485446929932 0.5269829034805298 0.023026704788208008 0.012335777282714844
0 0.4309285879135132 0.5467200875282288 0.02401357889175415 0.037500619888305664
0 0.6052737236022949 0.5728718638420105 0.04440861940383911 0.065132737159729
0 0.49079805612564087 0.5314237475395203 0.01578974723815918 0.02368462085723877
0 0.4437577724456787 0.5506675243377686 0.009210675954818726 0.022204339504241943
0 0.446389377117157 0.5437594652175903 0.01282915472984314 0.016776621341705322
0 0.52303546667099 0.5269829034805298 0.02598726749420166 0.059704989194869995
0 0.5480359196662903 0.5437595248222351 0.01578974723815918 0.019243717193603516
0 0.5511609315872192 0.5486937761306763 0.019408226013183594 0.02368462085723877
0 0.6134975552558899 0.5383317470550537 0.012829184532165527 0.0098685622215271
0 0.5450752973556519 0.5407989621162415 0.017434537410736084 0.02368462085723877
0 0.5746811032295227 0.5560952425003052 0.03223741054534912 0.04588896036148071
0 0.22401706874370575 0.6241885423660278 0.08125141263008118 0.08733707666397095
0 0.38553306460380554 0.5713915824890137 0.033224284648895264 0.037500619888305664
1 0.6059316396713257 0.5368515253067017 0.007565915584564209 0.010362029075622559
