0 0.6292873024940491 0.5106997489929199 0.01644766330718994 0.033059775829315186
1 0.8526195287704468 0.5270648002624512 0.019791901111602783 0.03758251667022705
0 0.3178785741329193 0.5176077485084534 0.10372918844223022 0.0789487361907959
1 0.7204853892326355 0.5290033221244812 0.007565975189208984 0.04983639717102051
1 0.8194222450256348 0.5279697775840759 0.015131831169128418 0.05427730083465576
0 0.6411296129226685 0.5161274671554565 0.03881651163101196 0.04440867900848389
0 0.9711431264877319 0.5630033016204834 0.05771374702453613 0.07204073667526245
1 0.732907772064209 0.5184714794158936 0.009786367416381836 0.04255828261375427
0 0.49540334939956665 0.5230355858802795 0.26809659600257874 0.44680020213127136
0 0.8927284479141235 0.5746939182281494 0.1632874608039856 0.0850217342376709
1 0.3513219356536865 0.4741859436035156 0.01611870527267456 0.01282915472984314
1 0.7131704092025757 0.5240223407745361 0.015131890773773193 0.06118527054786682
0 0.9633136987686157 0.5317193865776062 0.07337254285812378 0.042632222175598145
1 0.35888785123825073 0.47961366176605225 0.01315811276435852 0.012829184532165527
1 0.0927647203207016 0.5565886497497559 0.04243507981300354 0.17697709798812866
1 0.2496754229068756 0.5240223407745361 0.017105579376220703 0.0981924831867218
1 0.7283022403717041 0.5250091552734375 0.011513352394104004 0.054277241230010986
