0 0.45847803354263306 0.626531720161438 0.11801150441169739 0.11842316389083862
0 0.26414936780929565 0.5792864561080933 0.07533027231693268 0.06069183349609375
0 0.026645204052329063 0.5931024551391602 0.05329040810465813 0.07993561029434204
0 0.37994086742401123 0.5945827960968018 0.09572535753250122 0.09054434299468994
0 0.22434602677822113 0.5669506788253784 0.03223741054534912 0.03996783494949341
0 0.023026717826724052 0.5570821166038513 0.04407971724867821 0.019243717193603516
0 0.014802890829741955 0.638498067855835 0.027632063254714012 0.10904794931411743
0 0.1786215454339981 0.5491872429847717 0.02927681803703308 0.022204279899597168
0 0.18585851788520813 0.5654704570770264 0.06611958146095276 0.04391521215438843
0 0.3174397647380829 0.5844057202339172 0.07557696104049683 0.06396079063415527
