0 0.5868523716926575 0.5329040288925171 0.02138197422027588 0.051316678524017334
0 0.3266504406929016 0.5532580614089966 0.047040313482284546 0.05674445629119873
0 0.6338926553726196 0.5491872429847717 0.06842225790023804 0.07352101802825928
0 0.47040295600891113 0.48701509833335876 0.023026734590530396 0.030592620372772217
0 0.5572465658187866 0.5161274671554565 0.00822383165359497 0.030592620372772217
0 0.43553394079208374 0.5092194080352783 0.00822383165359497 0.022204339504241943
0 0.09317597001791 0.8025957345962524 0.18635194003582 0.39480847120285034
1 0.4785609841346741 0.49293622374534607 0.005921155214309692 0.01529628038406372
0 0.415138840675354 0.5521478652954102 0.06283003091812134 0.06365245580673218
0 0.5674441456794739 0.5161274671554565 0.01019752025604248 0.0345400869846344
0 0.40855979919433594 0.5101076364517212 0.02802678942680359 0.019835829734802246
0 0.4861927032470703 0.4993508458137512 0.015789777040481567 0.016776591539382935
0 0.23421461880207062 0.5881681442260742 0.09309372305870056 0.08733707666397095
0 0.4825742244720459 0.48880380392074585 0.0066612958908081055 0.005427747964859009
0 0.4516526460647583 0.5062588453292847 0.01118442416191101 0.022204339504241943
0 0.349348247051239 0.5457332134246826 0.03684276342391968 0.05032980442047119
0 0.3746775984764099 0.5353711843490601 0.03684273362159729 0.04292839765548706
0 0.4277706444263458 0.5134629011154175 0.021184563636779785 0.02477020025253296
0 0.45856064558029175 0.5011600852012634 0.01118442416191101 0.0156252384185791
0 0.5776417255401611 0.5161274671554565 0.02631622552871704 0.04667845368385315
0 0.6134976148605347 0.5353711843490601 0.06024903059005737 0.07056039571762085
0 0.4595475196838379 0.4993508458137512 0.013816028833389282 0.016776591539382935
1 0.6887808442115784 0.5121800303459167 0.013487100601196289 0.060268908739089966
0 0.5092194080352783 0.49096256494522095 0.009210646152496338 0.009868592023849487
0 0.5750758647918701 0.5245157480239868 0.012500166893005371 0.03996777534484863
0 0.43915241956710815 0.5037916898727417 0.019408226013183594 0.03305980563163757
0 0.5949243307113647 0.5245157480239868 0.03980332612991333 0.05822467803955078
0 0.49342969059944153 0.48701509833335876 0.01381605863571167 0.020724058151245117
0 0.4503368139266968 0.5077391266822815 0.008223801851272583 0.02072402834892273
0 0.45247501134872437 0.5023114085197449 0.012829184532165527 0.017269998788833618
0 0.47961366176605225 0.4954034090042114 0.02138194441795349 0.013816028833389282
0 0.52303546667099 0.48306766152381897 0.025000452995300293 0.056744396686553955
0 0.5470490455627441 0.4978705644607544 0.013815999031066895 0.015296339988708496
0 0.5495866537094116 0.5037916898727417 0.017575442790985107 0.020935505628585815
0 0.6052737236022949 0.4924428462982178 0.010197579860687256 0.009868592023849487
0 0.5444174408912659 0.49688369035720825 0.01578974723815918 0.02220436930656433
0 0.5730363130569458 0.5131668448448181 0.027632057666778564 0.04144808650016785
0 0.2878339886665344 0.5674441456794739 0.057237863540649414 0.06759989261627197
0 0.3977043330669403 0.5176077485084534 0.02401357889175415 0.020724058151245117
1 0.5960630178451538 0.4919493794441223 0.005263268947601318 0.013322621583938599
