0 0.47763994336128235 0.5506675243377686 0.00789487361907959 0.011842310428619385
1 0.3049395680427551 0.5871813297271729 0.006908029317855835 0.03305983543395996
0 0.3944147825241089 0.5728718638420105 0.02927681803703308 0.03404664993286133
0 0.4657976031303406 0.5536280870437622 0.005921155214309692 0.010855495929718018
0 0.46185019612312317 0.5556018352508545 0.00789487361907959 0.010855436325073242
0 0.3079001307487488 0.585701048374176 0.059211552143096924 0.031086087226867676
0 0.4746793508529663 0.5541214942932129 0.008881717920303345 0.012335717678070068
0 0.5009956359863281 0.5565887093544006 0.010526478290557861 0.012829184532165527
0 0.5085616111755371 0.555601954460144 0.003947436809539795 0.010855436325073242
0 0.5151405930519104 0.5541215538978577 0.011513352394104004 0.013322591781616211
0 0.4842190146446228 0.5496807098388672 0.003947466611862183 0.003947436809539795
0 0.16381865739822388 0.6335636973381042 0.10526499897241592 0.09967279434204102
0 0.5075746774673462 0.5501741170883179 0.007565915584564209 0.008388280868530273
0 0.4937586486339569 0.5467201471328735 0.003947436809539795 0.003947436809539795
0 0.4904690980911255 0.5486937761306763 0.004605323076248169 0.004934251308441162
0 0.49671921133995056 0.5541215538978577 0.0049343109130859375 0.007401466369628906
0 0.5023114681243896 0.5477069616317749 0.003947436809539795 0.0049343109130859375
