1 0.5638256669044495 0.503298282623291 0.012829184532165527 0.04736924171447754
1 0.22434602677822113 0.49096253514289856 0.014144986867904663 0.022697746753692627
0 0.5151405930519104 0.4771465063095093 0.009210705757141113 0.003947436809539795
1 0.34161847829818726 0.49318352341651917 0.010526508092880249 0.03379935026168823
0 0.4797781705856323 0.48701509833335876 0.010197550058364868 0.010362029075622559
0 0.4858637750148773 0.48701512813568115 0.004605352878570557 0.009868592023849487
0 0.5233644247055054 0.5146471261978149 0.051645636558532715 0.0675998330116272
1 0.35740751028060913 0.4919493794441223 0.008223801851272583 0.02911233901977539
1 0.013487078249454498 0.5931024551391602 0.02631625160574913 0.17220693826675415
1 0.5333968997001648 0.47739291191101074 0.0029605627059936523 0.00789487361907959
0 0.511522114276886 0.4840545058250427 0.02203989028930664 0.016776591539382935
1 0.17631886899471283 0.5121800303459167 0.012171268463134766 0.05526414513587952
1 0.12631967663764954 0.5182652473449707 0.012719124555587769 0.05707204341888428
1 0.4654686748981476 0.47961366176605225 0.004605352878570557 0.012335747480392456
1 0.33717694878578186 0.49096253514289856 0.005263268947601318 0.022697746753692627
1 0.5513244271278381 0.511850893497467 0.01578974723815918 0.05822396278381348
1 0.3618484437465668 0.4954034090042114 0.00822383165359497 0.030592650175094604
1 0.3273083567619324 0.4954034090042114 0.00822383165359497 0.03947436809539795
1 0.16868776082992554 0.512969434261322 0.013355448842048645 0.057237833738327026
1 0.3513219356536865 0.4919494092464447 0.010526478290557861 0.03503352403640747
1 0.3273083567619324 0.4963902533054352 0.010526478290557861 0.03602033853530884
1 0.08858510851860046 0.5235288739204407 0.012782730162143707 0.0809224545955658
1 0.17843642830848694 0.5114706754684448 0.013589873909950256 0.05921158194541931
1 0.2154642939567566 0.4998442530632019 0.00822383165359497 0.030592650175094604
1 0.369414359331131 0.48750853538513184 0.004605352878570557 0.02368462085723877
1 0.577312707901001 0.48750853538513184 0.004605352878570557 0.01924377679824829
1 0.38520410656929016 0.48750853538513184 0.00822383165359497 0.02911233901977539
1 0.292768269777298 0.4999852776527405 0.01578974723815918 0.04469063878059387
2 0.45263949036598206 0.4847447872161865 0.004605352878570557 0.017466872930526733
1 0.46777135133743286 0.47961366176605225 0.004605352878570557 0.012335747480392456
1 0.47369250655174255 0.47961366176605225 0.004605352878570557 0.012335747480392456
1 0.5523120164871216 0.5120155215263367 0.01578974723815918 0.05896463990211487
1 0.045066580176353455 0.5304369330406189 0.021052997559309006 0.08437648415565491
0 0.5059299468994141 0.4746793508529663 0.004605352878570557 0.003947436809539795
0 0.480271577835083 0.4746793508529663 0.010197550058364868 0.016776621341705322
1 0.6218307614326477 0.5100412368774414 0.018201470375061035 0.06414583325386047
1 0.3753355145454407 0.49096253514289856 0.011184394359588623 0.03602033853530884
1 0.6598799228668213 0.5210617780685425 0.020395100116729736 0.07204073667526245
1 0.5796153545379639 0.500831127166748 0.011184394359588623 0.03256639838218689
1 0.5603302717208862 0.4987589716911316 0.010526478290557861 0.040165096521377563
1 0.0690801590681076 0.5245157480239868 0.02401358261704445 0.07204076647758484
1 0.6306031346321106 0.5077391266822815 0.012829184532165527 0.05526408553123474
1 0.3325716257095337 0.4998442530632019 0.008223801851272583 0.03157946467399597
