0 0.47796887159347534 0.5114622712135315 0.007236987352371216 0.025815337896347046
0 0.02787877805531025 0.6241885423660278 0.0557575561106205 0.09671223163604736
1 0.7207362651824951 0.5274763107299805 0.01381605863571167 0.0365138053894043
0 0.5092849731445312 0.505074679851532 0.012697279453277588 0.013223737478256226
1 0.1537855863571167 0.5706514120101929 0.029770255088806152 0.11200851202011108
1 0.3746775984764099 0.5304369330406189 0.012500226497650146 0.028618931770324707
0 0.4977060854434967 0.5062588453292847 0.006579101085662842 0.003947436809539795
0 0.4861927032470703 0.5071191787719727 0.009210675954818726 0.019003361463546753
0 0.4861927032470703 0.5116865634918213 0.007092207670211792 0.012394964694976807
1 0.7980402708053589 0.5274763107299805 0.01644766330718994 0.048849523067474365
1 0.3322426676750183 0.5294500589370728 0.01315811276435852 0.05049431324005127
0 0.631496012210846 0.5100653171539307 0.041448116302490234 0.016776621341705322
0 0.6373878717422485 0.5452398061752319 0.04704028367996216 0.04872608184814453
0 0.4627383351325989 0.5111273527145386 0.029605776071548462 0.05590558052062988
0 0.5640449523925781 0.5176076889038086 0.020724058151245117 0.027632057666778564
0 0.5897783041000366 0.5269829034805298 0.025692999362945557 0.03498154878616333
0 0.6957358717918396 0.5605361461639404 0.06447482109069824 0.0675998330116272
1 0.7352102398872375 0.5679376125335693 0.03388214111328125 0.08832389116287231
0 0.4513236880302429 0.5432659387588501 0.022615522146224976 0.05020624399185181
1 0.32774120569229126 0.5534982681274414 0.020048826932907104 0.07591027021408081
0 0.593291163444519 0.5305094718933105 0.020583748817443848 0.03299450874328613
1 0.7967244386672974 0.5559511184692383 0.019079267978668213 0.07169145345687866
1 0.7208185195922852 0.512303352355957 0.010526537895202637 0.02689191699028015
1 0.7431051135063171 0.5333974957466125 0.01907932758331299 0.028618931770324707
1 0.6934331655502319 0.5077391862869263 0.00592118501663208 0.02171093225479126
0 0.449349969625473 0.5200749039649963 0.027632057666778564 0.017763495445251465
0 0.5516543984413147 0.5131669044494629 0.018421411514282227 0.022697746753692627
0 0.5031695365905762 0.5047785639762878 0.00542062520980835 0.009868592023849487
1 0.4269811511039734 0.5097128748893738 0.008552789688110352 0.022697806358337402
1 0.17270039021968842 0.5610295534133911 0.028618931770324707 0.10115313529968262
1 0.39309898018836975 0.5333974957466125 0.009210705757141113 0.03848755359649658
0 0.4243495464324951 0.5590558052062988 0.06184318661689758 0.08141595125198364
1 0.791132390499115 0.517113983631134 0.009210586547851562 0.0286179780960083
0 0.4814797043800354 0.5092194676399231 0.011076748371124268 0.02104702591896057
1 0.705078125 0.5128707885742188 0.010460734367370605 0.0325663685798645
0 0.5792864561080933 0.5255753397941589 0.019127726554870605 0.03129899501800537
1 0.5023114085197449 0.5126734972000122 0.008552759885787964 0.024671494960784912
1 0.4983639717102051 0.670570969581604 0.10394918918609619 0.27434688806533813
1 0.22434602677822113 0.5738587379455566 0.027632057666778564 0.10115307569503784
1 0.2551266849040985 0.5562362670898438 0.026974156498908997 0.09748762845993042
0 0.5697736740112305 0.5200749039649963 0.018723487854003906 0.02615177631378174
0 0.6150676012039185 0.5298088788986206 0.03922015428543091 0.04315263032913208
1 0.8174484968185425 0.5245157480239868 0.014473974704742432 0.03996777534484863
0 0.7070369720458984 0.56843101978302 0.06330758333206177 0.05970495939254761
0 0.6585641503334045 0.5521478652954102 0.04901397228240967 0.0537838339805603
1 0.9968836903572083 0.5960630178451538 0.006232619285583496 0.024671494960784912
1 0.9471876621246338 0.5685297250747681 0.02861887216567993 0.1041136384010315
0 0.5303547382354736 0.5047785639762878 0.019161522388458252 0.015296310186386108
0 0.5736942291259766 0.52303546667099 0.007236957550048828 0.02615177631378174
