0 0.05592203140258789 0.5407989025115967 0.02861892059445381 0.016776621341705322
0 0.5401410460472107 0.5279697179794312 0.009868621826171875 0.014802873134613037
0 0.9661353826522827 0.5195814371109009 0.01611870527267456 0.0098685622215271
0 0.4177704453468323 0.5338909029960632 0.0345400869846344 0.018750309944152832
1 0.7149745225906372 0.5385854244232178 0.00822383165359497 0.019982874393463135
0 0.5177721977233887 0.5699113011360168 0.04605346918106079 0.05575752258300781
0 0.5184274911880493 0.5267457962036133 0.0325663685798645 0.057731300592422485
0 0.2536228597164154 0.5368515253067017 0.010526493191719055 0.011842310428619385
0 0.26612308621406555 0.533890962600708 0.008552789688110352 0.006907999515533447
0 0.38915154337882996 0.5348777770996094 0.010526478290557861 0.014802932739257812
0 0.827639102935791 0.5217263698577881 0.03738868236541748 0.01578974723815918
0 0.49902188777923584 0.5279697179794312 0.008552789688110352 0.011842310428619385
0 0.22829346358776093 0.574845552444458 0.05263248085975647 0.047862708568573
0 0.4723767042160034 0.5259960293769836 0.005263239145278931 0.00789487361907959
0 0.269412636756897 0.5625098347663879 0.03782960772514343 0.03602039813995361
0 0.657248318195343 0.533890962600708 0.020066142082214355 0.011842310428619385
1 0.1937555968761444 0.5528955459594727 0.010197103023529053 0.030841052532196045
0 0.9467270970344543 0.5240223407745361 0.014473915100097656 0.009868621826171875
0 0.4444139003753662 0.5432720184326172 0.030591756105422974 0.030591964721679688
0 0.29737362265586853 0.5467200875282288 0.0325663685798645 0.03404664993286133
0 0.3532956540584564 0.520568311214447 0.013158142566680908 0.012829184532165527
0 0.6480376720428467 0.5195814371109009 0.03848749399185181 0.04292839765548706
0 0.5881681442260742 0.5309303402900696 0.0690801739692688 0.12582457065582275
0 0.4842190146446228 0.5329040288925171 0.010526508092880249 0.014802873134613037
1 0.4269811511039734 0.537838339805603 0.006907999515533447 0.025164902210235596
0 0.8111984133720398 0.7065913081169128 0.22368812561035156 0.22056305408477783
0 0.07993561029434204 0.5437595248222351 0.009868592023849487 0.012829184532165527
0 0.3345453143119812 0.5348777770996094 0.02861890196800232 0.04786264896392822
0 0.5523123145103455 0.5348777770996094 0.020066142082214355 0.030099213123321533
0 0.6513271927833557 0.5906352996826172 0.09112000465393066 0.10362023115158081
1 0.40461188554763794 0.5419825315475464 0.007171273231506348 0.023387610912322998
0 0.24276740849018097 0.533890962600708 0.010526508092880249 0.011842310428619385
0 0.9836432933807373 0.5225419998168945 0.032713353633880615 0.03207296133041382
