0 0.4799426198005676 0.46629106998443604 0.019408226013183594 0.028125494718551636
0 0.5191998481750488 0.5070891380310059 0.025547921657562256 0.04769793152809143
0 0.4723767042160034 0.45888960361480713 0.024671465158462524 0.033059775829315186
0 0.5059321522712708 0.4880056381225586 0.03651377558708191 0.04095467925071716
0 0.3348742723464966 0.47023850679397583 0.024671494960784912 0.037994056940078735
0 0.45099472999572754 0.4559290409088135 0.006907999515533447 0.016776591539382935
1 0.20230618119239807 0.5018180012702942 0.015131846070289612 0.056250959634780884
0 0.5579047203063965 0.5343847870826721 0.05175524950027466 0.06529712677001953
0 0.550175666809082 0.5129251480102539 0.06990242004394531 0.06426876783370972
1 0.5282987356185913 0.46826475858688354 0.009210705757141113 0.02911236882209778
0 0.4873972535133362 0.4797740578651428 0.028618842363357544 0.03766503930091858
0 0.3493482172489166 0.46629106998443604 0.008552789688110352 0.02664521336555481
0 0.457902729511261 0.45987647771835327 0.01118442416191101 0.016776591539382935
1 0.2492847889661789 0.48395994305610657 0.00894734263420105 0.039770305156707764
0 0.44145774841308594 0.45815497636795044 0.022532999515533447 0.02911236882209778
0 0.3011593222618103 0.49368107318878174 0.038158565759658813 0.04342183470726013
0 0.3228704333305359 0.4801121950149536 0.026315689086914062 0.031825482845306396
0 0.3322426676750183 0.47369250655174255 0.02138194441795349 0.02911233901977539
