0 0.4204021096229553 0.49096253514289856 0.01940825581550598 0.024671494960784912
0 0.549351692199707 0.4648107886314392 0.01381605863571167 0.013816028833389282
0 0.4424419403076172 0.4746793508529663 0.0055921971797943115 0.019243746995925903
0 0.5161274671554565 0.4401392936706543 0.007236957550048828 0.008388310670852661
0 0.5822470188140869 0.5185946226119995 0.04967188835144043 0.056744396686553955
1 0.8273171186447144 0.4954034090042114 0.028618931770324707 0.046875834465026855
0 0.5207328200340271 0.43717870116233826 0.007236957550048828 0.008388280868530273
0 0.5238580703735352 0.431751549243927 0.005592167377471924 0.006907999515533447
0 0.3763223886489868 0.5131669044494629 0.007236987352371216 0.02911236882209778
0 0.5105352401733398 0.4771465063095093 0.011842310428619385 0.006907999515533447
0 0.32928207516670227 0.49639028310775757 0.014802873134613037 0.015296339988708496
1 0.6105369925498962 0.47961366176605225 0.008552789688110352 0.018750309944152832
0 0.6651432514190674 0.5161274671554565 0.04868501424789429 0.046875834465026855
0 0.549351692199707 0.4954034090042114 0.011842310428619385 0.017763495445251465
0 0.10592290759086609 0.5945827960968018 0.16480550169944763 0.1559237837791443
2 0.4115203619003296 0.4963902533054352 0.011184394359588623 0.028125464916229248
0 0.5611940622329712 0.5102062821388245 0.033224284648895264 0.043915241956710815
1 0.4519816040992737 0.4613567590713501 0.00296059250831604 0.014309465885162354
0 0.5355356931686401 0.44852757453918457 0.01019752025604248 0.012335747480392456
1 0.25066226720809937 0.5245157480239868 0.014144986867904663 0.05625101923942566
0 0.6384980082511902 0.48553481698036194 0.003618478775024414 0.003947436809539795
0 0.5105352401733398 0.43865901231765747 0.006579041481018066 0.008388310670852661
1 0.38355934619903564 0.4954034090042114 0.008552789688110352 0.025658369064331055
0 0.6431033611297607 0.5516543984413147 0.09671223163604736 0.10213994979858398
0 0.6164581775665283 0.5047785639762878 0.029276788234710693 0.03157949447631836
0 0.46448180079460144 0.457902729511261 0.00822383165359497 0.012335747480392456
0 0.5638256669044495 0.4771465063095093 0.012829184532165527 0.006907999515533447
1 0.876331090927124 0.5037916898727417 0.023026764392852783 0.038487523794174194
0 0.4766530990600586 0.4539552927017212 0.010197550058364868 0.013816028833389282
0 0.5592203140258789 0.4746793508529663 0.014802932739257812 0.008388310670852661
0 0.5095483660697937 0.5215551853179932 0.05230352282524109 0.07154729962348938
1 0.031250543892383575 0.5541214942932129 0.025658342987298965 0.08733707666397095
0 0.5179370045661926 0.4310111105442047 0.006579041481018066 0.006907999515533447
0 0.34458035230636597 0.5166210532188416 0.028127461671829224 0.03700721263885498
1 0.5697468519210815 0.45839616656303406 0.005592167377471924 0.01578974723815918
0 0.6503403186798096 0.4771465063095093 0.023026704788208008 0.022204339504241943
0 0.43323126435279846 0.4801070988178253 0.01644766330718994 0.022204339504241943
0 0.6026421189308167 0.4954034090042114 0.01019752025604248 0.012335777282714844
0 0.5447463989257812 0.4608633518218994 0.011842310428619385 0.017763465642929077
0 0.5509964823722839 0.49639028310775757 0.031250596046447754 0.03996780514717102
0 0.5095484256744385 0.4263232350349426 0.006579101085662842 0.009868592023849487
0 0.4884953796863556 0.455435574054718 0.00822383165359497 0.009868592023849487
0 0.5463911294937134 0.46333047747612 0.011842310428619385 0.017763495445251465
0 0.8177774548530579 0.6552746295928955 0.28520238399505615 0.2827352285385132
0 0.47204774618148804 0.4840545356273651 0.01842138171195984 0.022204339504241943
0 0.6394848823547363 0.4978705644607544 0.012829184532165527 0.01085546612739563
0 0.5437595248222351 0.4593830406665802 0.007236957550048828 0.012335717678070068
0 0.437836617231369 0.47566622495651245 0.012829184532165527 0.020724058151245117
1 0.5299434661865234 0.4554356038570404 0.005592167377471924 0.018750309944152832
1 0.3733617961406708 0.4939231276512146 0.009539663791656494 0.02417805790901184
0 0.4904690980911255 0.43717873096466064 0.006579071283340454 0.009868592023849487
0 0.5401410460472107 0.4924428462982178 0.01019752025604248 0.024671465158462524
0 0.5713915824890137 0.4840545058250427 0.021052956581115723 0.017763465642929077
1 0.449349969625473 0.45987647771835327 0.007565915584564209 0.02417805790901184
0 0.47566622495651245 0.455435574054718 0.009210675954818726 0.013816028833389282
0 0.5069167613983154 0.4954034090042114 0.03684273362159729 0.03454005718231201
1 0.6006684303283691 0.48306766152381897 0.005263268947601318 0.012335717678070068
1 0.05888260900974274 0.5393186807632446 0.01842137798666954 0.04687577486038208
