0 0.44671833515167236 0.5324106216430664 0.00493428111076355 0.006414592266082764
0 0.4496789276599884 0.531423807144165 0.004276394844055176 0.006414592266082764
0 0.5134958028793335 0.5259962677955627 0.008881747722625732 0.013322591781616211
0 0.1280450075864792 0.742118239402771 0.2560900151729584 0.34688103199005127
0 0.4921138882637024 0.5304368734359741 0.008223801851272583 0.012335717678070068
0 0.4963902533054352 0.5353711843490601 0.00822383165359497 0.011348903179168701
2 0.531259298324585 0.5289566516876221 0.0049343109130859375 0.009375154972076416
0 0.4631659984588623 0.5304368734359741 0.004276394844055176 0.006414592266082764
0 0.4269811511039734 0.5324106216430664 0.007565915584564209 0.010362029075622559
0 0.5615229606628418 0.5353711843490601 0.03157949447631836 0.019737184047698975
0 0.4572448432445526 0.531423807144165 0.00822383165359497 0.006414592266082764
0 0.5046141147613525 0.5363580584526062 0.012500226497650146 0.015296339988708496
0 0.5299434661865234 0.5457332134246826 0.026645183563232422 0.027632057666778564
0 0.523693323135376 0.5279697179794312 0.00822383165359497 0.006414592266082764
0 0.5025308132171631 0.5292851328849792 0.0049343109130859375 0.0049343109130859375
0 0.5046141147613525 0.536358118057251 0.015131860971450806 0.019737184047698975
0 0.4819163382053375 0.5363580584526062 0.004276394844055176 0.012335777282714844
0 0.47007399797439575 0.536358118057251 0.017763465642929077 0.024671494960784912
0 0.4845479726791382 0.5324106216430664 0.009539633989334106 0.014309465885162354
0 0.5217196345329285 0.5393186807632446 0.01644766330718994 0.018750369548797607
0 0.5291162729263306 0.5309666395187378 0.007024109363555908 0.004230380058288574
0 0.5016536116600037 0.5264896154403687 0.006579190492630005 0.005674540996551514
0 0.44145509600639343 0.5324106216430664 0.007565915584564209 0.006414592266082764
