0 0.5151406526565552 0.5116865634918213 0.003947436809539795 0.00789487361907959
0 0.4496789276599884 0.5047785639762878 0.01611870527267456 0.025164932012557983
0 0.6098424196243286 0.5123446583747864 0.007456183433532715 0.0049343109130859375
0 0.5049430727958679 0.5768193006515503 0.06184318661689758 0.06266558170318604
0 0.49112701416015625 0.5319172143936157 0.027303099632263184 0.03602039813995361
0 0.5881681442260742 0.5166208744049072 0.017434537410736084 0.014802932739257812
0 0.39869117736816406 0.5250091552734375 0.00789487361907959 0.01381605863571167
0 0.21678011119365692 0.5575755834579468 0.05592203140258789 0.04687577486038208
0 0.48915329575538635 0.5047785639762878 0.011184394359588623 0.01578974723815918
0 0.7970533967018127 0.5126734972000122 0.0365138053894043 0.011842310428619385
0 0.3572430908679962 0.5269829034805298 0.011184394359588623 0.01578974723815918
0 0.07598817348480225 0.5195814371109009 0.0904621034860611 0.0730275809764862
0 0.33947962522506714 0.5259960889816284 0.029934734106063843 0.03799408674240112
0 0.5177721977233887 0.5146471858024597 0.0026316046714782715 0.012829184532165527
0 0.29671573638916016 0.5166208744049072 0.01940825581550598 0.005921125411987305
0 0.8131721019744873 0.5126734375953674 0.012500226497650146 0.013815999031066895
0 0.3266504406929016 0.5077391862869263 0.01875033974647522 0.019737184047698975
0 0.4338891804218292 0.5116865634918213 0.00789487361907959 0.00789487361907959
0 0.619418740272522 0.5037916898727417 0.00789487361907959 0.0029605627059936523
0 0.8822522759437561 0.5087260007858276 0.04671132564544678 0.018750309944152832
0 0.5069167613983154 0.5269829034805298 0.011184453964233398 0.021710872650146484
0 0.839159369468689 0.5156340003013611 0.012500226497650146 0.00789487361907959
0 0.022039858624339104 0.5447463989257812 0.039145421236753464 0.08190935850143433
0 0.07993561029434204 0.5886616706848145 0.15033158659934998 0.12977200746536255
0 0.5023114085197449 0.5106997489929199 0.010526508092880249 0.011842310428619385
0 0.4516526460647583 0.5195814371109009 0.020066142082214355 0.025164902210235596
0 0.5250091552734375 0.5166208744049072 0.011184394359588623 0.01578974723815918
0 0.37303271889686584 0.5309303402900696 0.023684680461883545 0.025658369064331055
0 0.3904673457145691 0.5166208744049072 0.009210675954818726 0.010855436325073242
0 0.3389703035354614 0.5189536809921265 0.010406583547592163 0.01031726598739624
0 0.5681020021438599 0.5097128748893738 0.017434537410736084 0.009868621826171875
0 0.3865199089050293 0.5250092148780823 0.01611870527267456 0.01578974723815918
0 0.3174397945404053 0.5457332134246826 0.03388217091560364 0.03404664993286133
0 0.8934366703033447 0.5126734375953674 0.029934704303741455 0.01578974723815918
0 0.303952693939209 0.5417857766151428 0.02401357889175415 0.02615177631378174
