0 0.2963867783546448 0.4593830406665802 0.007935971021652222 0.006476223468780518
0 0.2944130301475525 0.45247501134872437 0.0076951682567596436 0.011542707681655884
1 0.6184318661689758 0.505765438079834 0.014473915100097656 0.04736924171447754
1 0.6457350254058838 0.5023114681243896 0.011184394359588623 0.04835611581802368
0 0.24112263321876526 0.46629106998443604 0.007236972451210022 0.015296310186386108
0 0.07960641384124756 0.5028045177459717 0.032237403094768524 0.01085546612739563
1 0.46777135133743286 0.4954034090042114 0.00822383165359497 0.030592650175094604
1 0.19774195551872253 0.4648107588291168 0.005181014537811279 0.006907999515533447
0 0.14759880304336548 0.4825742244720459 0.020395085215568542 0.012335747480392456
0 0.18980631232261658 0.4763232469558716 0.005483508110046387 0.015296310186386108
0 0.28421550989151 0.4648107588291168 0.003618478775024414 0.022204339504241943
0 0.10033070296049118 0.4993508458137512 0.027632057666778564 0.017763495445251465
0 0.056250981986522675 0.5023114085197449 0.03166608139872551 0.02072402834892273
0 0.2309250831604004 0.4584946930408478 0.011184409260749817 0.0071048736572265625
0 0.2963867783546448 0.47031649947166443 0.013764023780822754 0.01924377679824829
0 0.09423640370368958 0.4905470311641693 0.01968524605035782 0.016153335571289062
0 0.11875207722187042 0.4884953796863556 0.03782960772514343 0.03848749399185181
0 0.9815961122512817 0.5116865634918213 0.01019752025604248 0.02615174651145935
0 0.20066140592098236 0.5077391266822815 0.028477787971496582 0.03637322783470154
1 0.7638291120529175 0.512179970741272 0.01611870527267456 0.0655028223991394
0 0.15822646021842957 0.5023114085197449 0.025966748595237732 0.0363287627696991
1 0.474185973405838 0.4925660192966461 0.00822383165359497 0.030592620372772217
0 0.22171440720558167 0.4771465063095093 0.03947436809539795 0.03157949447631836
0 0.18388479948043823 0.4746793508529663 0.012829169631004333 0.024671494960784912
2 0.3000052571296692 0.46629106998443604 0.0049343109130859375 0.01282915472984314
0 0.25033333897590637 0.4440867304801941 0.007236972451210022 0.01085546612739563
0 0.19145071506500244 0.47171878814697266 0.012829169631004333 0.01085546612739563
0 0.13980507850646973 0.5102062821388245 0.041448093950748444 0.04687580466270447
0 0.884637176990509 0.5023114085197449 0.13133454322814941 0.07746848464012146
0 0.18684537708759308 0.5134629011154175 0.03947436809539795 0.04292839765548706
0 0.2007557451725006 0.4840545058250427 0.02236837148666382 0.020935803651809692
1 0.0960543155670166 0.4786267876625061 0.007565923035144806 0.015030533075332642
0 0.17892694473266602 0.4789440631866455 0.010409042239189148 0.016988128423690796
0 0.07006701827049255 0.4954034090042114 0.02401358261704445 0.010855436325073242
0 0.10565952956676483 0.7505635023117065 0.21072682738304138 0.4988730549812317
1 0.7736977338790894 0.5097128748893738 0.015131831169128418 0.07253420352935791
0 0.46294671297073364 0.7905889749526978 0.2972639501094818 0.4188219904899597
0 0.22072754800319672 0.4746793508529663 0.04309284687042236 0.027632057666778564
0 0.6990253925323486 0.4924428462982178 0.022219181060791016 0.02938142418861389
1 0.14638414978981018 0.5763258934020996 0.0404612272977829 0.1228640079498291
0 0.24572798609733582 0.4554356038570404 0.010197535157203674 0.010855436325073242
1 0.45500800013542175 0.48750853538513184 0.010921239852905273 0.03217160701751709
0 0.16381865739822388 0.4801070988178253 0.0230267196893692 0.02615177631378174
0 0.7783030867576599 0.5023114681243896 0.09835696220397949 0.05082327127456665
1 0.9240018129348755 0.514811635017395 0.019408226013183594 0.08528107404708862
1 0.7977113127708435 0.5136603116989136 0.018750309944152832 0.06365242600440979
