1 0.5999164581298828 0.47961366176605225 0.010761439800262451 0.029887765645980835
1 0.0884883925318718 0.5156340003013611 0.026974156498908997 0.06759986281394958
1 0.34097254276275635 0.48750853538513184 0.010526508092880249 0.040461212396621704
0 0.5242525935173035 0.47023850679397583 0.013815999031066895 0.01085546612739563
1 0.30855804681777954 0.48750853538513184 0.007017642259597778 0.03421106934547424
0 0.4768449664115906 0.48804306983947754 0.01589938998222351 0.01591309905052185
0 0.48750853538513184 0.48553481698036194 0.009210705757141113 0.015296339988708496
0 0.5345488786697388 0.5102062821388245 0.059869468212127686 0.07746848464012146
1 0.6053106188774109 0.47632431983947754 0.00952160358428955 0.01899734139442444
1 0.369414359331131 0.4840545356273651 0.004605352878570557 0.02368462085723877
1 0.5450752973556519 0.46826475858688354 0.004605352878570557 0.012335747480392456
1 0.15125784277915955 0.5150496959686279 0.01578974723815918 0.07100191712379456
1 0.0825672298669815 0.5083423256874084 0.012975327670574188 0.06321406364440918
1 0.5102063417434692 0.4712253212928772 0.004605352878570557 0.012335747480392456
1 0.3477034568786621 0.48750853538513184 0.007565915584564209 0.032566338777542114
1 0.5665230751037598 0.5077391862869263 0.018322646617889404 0.06414586305618286
1 0.35230880975723267 0.48750853538513184 0.011019915342330933 0.04021453857421875
1 0.13519972562789917 0.5118004083633423 0.015789762139320374 0.07204073667526245
0 0.5230844616889954 0.4731990694999695 0.01019752025604248 0.009868621826171875
1 0.3243477940559387 0.4884953796863556 0.01118442416191101 0.04046124219894409
1 0.29507094621658325 0.4954034090042114 0.01578974723815918 0.049342989921569824
1 0.011579211801290512 0.5100075006484985 0.014408290386199951 0.06177473068237305
1 0.1496587097644806 0.5111931562423706 0.018346622586250305 0.06367483735084534
1 0.07664607465267181 0.5279697775840759 0.015789754688739777 0.07894876599311829
1 0.37706249952316284 0.4840545058250427 0.009950816631317139 0.03157952427864075
1 0.5990236401557922 0.4707319140434265 0.004605293273925781 0.006908029317855835
1 0.35662442445755005 0.4947981536388397 0.013487070798873901 0.03877538442611694
1 0.383258193731308 0.4836166799068451 0.00822383165359497 0.03044670820236206
1 0.26579412817955017 0.500831127166748 0.01578974723815918 0.059704989194869995
2 0.44922345876693726 0.4798413813114166 0.00822383165359497 0.02368462085723877
1 0.5141537189483643 0.47171878814697266 0.004605352878570557 0.012335747480392456
1 0.06322459131479263 0.5695165991783142 0.043224502354860306 0.1423051655292511
1 0.5667862296104431 0.5077391862869263 0.01578974723815918 0.06414586305618286
0 0.488495409488678 0.46629106998443604 0.010197550058364868 0.016776591539382935
1 0.6381690502166748 0.5077391266822815 0.01578974723815918 0.0809224545955658
1 0.3865312337875366 0.4840545058250427 0.013487070798873901 0.03947436809539795
1 0.6516561508178711 0.5077391862869263 0.01578974723815918 0.06414586305618286
1 0.5983657836914062 0.5156340599060059 0.01308661699295044 0.07450789213180542
1 0.5832977294921875 0.48998308181762695 0.010526537895202637 0.027551084756851196
1 0.0029605780728161335 0.5324106216430664 0.0046053435653448105 0.06759986281394958
1 0.5878392457962036 0.4751727879047394 0.004605352878570557 0.02368462085723877
1 0.024013577029109 0.5639901161193848 0.042763907462358475 0.1519763171672821
1 0.3634932041168213 0.48750853538513184 0.00822383165359497 0.03503349423408508
