0 0.39309898018836975 0.5496807098388672 0.01611870527267456 0.02417808771133423
0 0.3750065565109253 0.5536280870437622 0.022697776556015015 0.02417808771133423
0 0.8016587495803833 0.5264894962310791 0.030263662338256836 0.02417808771133423
0 0.4243495464324951 0.5324106216430664 0.007565945386886597 0.011348903179168701
0 0.43125754594802856 0.5324106216430664 0.011513352394104004 0.011348903179168701
0 0.676985502243042 0.5891550779342651 0.08914631605148315 0.10658079385757446
0 0.58487868309021 0.5551084280014038 0.0407901406288147 0.04687577486038208
0 0.4458959698677063 0.5301902294158936 0.013158142566680908 0.011348843574523926
0 0.3230319619178772 0.5634967088699341 0.02664521336555481 0.027138590812683105
0 0.5003377199172974 0.5496807098388672 0.02664521336555481 0.02713865041732788
0 0.33158475160598755 0.5610295534133911 0.03125053644180298 0.028618931770324707
0 0.5697468519210815 0.5521478056907654 0.013158142566680908 0.03996777534484863
0 0.7835663557052612 0.6547812223434448 0.14901578426361084 0.14950919151306152
0 0.6181029081344604 0.570898175239563 0.049342989921569824 0.05575758218765259
0 0.8480411767959595 0.5324106216430664 0.045724451541900635 0.0325663685798645
0 0.8983709812164307 0.5393186807632446 0.08355408906936646 0.06266552209854126
0 0.4559290409088135 0.533890962600708 0.01315811276435852 0.011348903179168701
0 0.22697770595550537 0.5800266265869141 0.06266556680202484 0.051316678524017334
0 0.5631677508354187 0.5482003688812256 0.016118645668029785 0.024178028106689453
0 0.8962240219116211 0.7159664630889893 0.20755189657211304 0.22352361679077148
