0 0.44277089834213257 0.5639901161193848 0.008881747722625732 0.015296339988708496
0 0.27171528339385986 0.5960630178451538 0.04473763704299927 0.040954649448394775
0 0.6026421189308167 0.5664572715759277 0.020724058151245117 0.016283154487609863
0 0.2937552332878113 0.5750916004180908 0.009868741035461426 0.011348903179168701
0 0.5016535520553589 0.560042679309845 0.019079267978668213 0.018750309944152832
0 0.9141607284545898 0.5324106216430664 0.00822383165359497 0.010362029075622559
0 0.32599252462387085 0.5817536115646362 0.01315811276435852 0.018750309944152832
1 0.8256723284721375 0.5393186807632446 0.0013158321380615234 0.020723998546600342
0 0.4750083088874817 0.5674441456794739 0.01578974723815918 0.021710872650146484
0 0.4207310378551483 0.5664572715759277 0.011513352394104004 0.012335777282714844
0 0.43520498275756836 0.5649769902229309 0.008881747722625732 0.012335777282714844
0 0.8635019063949585 0.5551084280014038 0.06052738428115845 0.03799408674240112
0 0.4269811511039734 0.5580689907073975 0.01644766330718994 0.024671494960784912
0 0.9417927861213684 0.5324106216430664 0.01578974723815918 0.020724058151245117
0 0.48323214054107666 0.5620164275169373 0.01019752025604248 0.018750309944152832
0 0.7927770614624023 0.5457332134246826 0.022039830684661865 0.020724058151245117
0 0.8427779078483582 0.540305495262146 0.012500166893005371 0.012335717678070068
1 0.8223828077316284 0.5412923693656921 0.00789487361907959 0.02516496181488037
0 0.753631591796875 0.542772650718689 0.02138197422027588 0.020724058151245117
0 0.6273136138916016 0.5496807098388672 0.020724058151245117 0.012335717678070068
0 0.7131703495979309 0.5477069616317749 0.01578974723815918 0.014309465885162354
0 0.9651484489440918 0.5600427389144897 0.054277241230010986 0.03996783494949341
0 0.5825759768486023 0.5674441456794739 0.026645183563232422 0.021710872650146484
0 0.4894823431968689 0.5600419044494629 0.005263298749923706 0.01628321409225464
1 0.8258915543556213 0.5419502258300781 0.00789487361907959 0.018092334270477295
0 0.5256670713424683 0.5630033016204834 0.01842135190963745 0.023684680461883545
0 0.3766513168811798 0.5743521451950073 0.01644766330718994 0.015296339988708496
0 0.40691500902175903 0.5713915824890137 0.01315811276435852 0.013322591781616211
0 0.5161274671554565 0.5560952425003052 0.0049343109130859375 0.006414592266082764
0 0.45856064558029175 0.5847141742706299 0.04243496060371399 0.051316678524017334
0 0.5016534924507141 0.5630033016204834 0.01842138171195984 0.01628321409225464
0 0.5023114085197449 0.5704047679901123 0.016447633504867554 0.019737184047698975
0 0.3424401879310608 0.5827404856681824 0.029605776071548462 0.028618931770324707
0 0.48323214054107666 0.5664572715759277 0.007565915584564209 0.018750309944152832
