0 0.5146471858024597 0.37599316239356995 0.03996780514717102 0.06340569257736206
0 0.43734318017959595 0.39869093894958496 0.021217435598373413 0.04292839765548706
0 0.2539517879486084 0.4954034090042114 0.13717344403266907 0.13914716243743896
0 0.6715577244758606 0.47048497200012207 0.08552777767181396 0.09646546840667725
0 0.9414551258087158 0.7988626956939697 0.11708980798721313 0.2926037907600403
0 0.5769838094711304 0.4016517400741577 0.01381605863571167 0.036020368337631226
0 0.480271577835083 0.3848751485347748 0.01940825581550598 0.024671494960784912
0 0.6031355261802673 0.4122602641582489 0.04325735569000244 0.05378377437591553
0 0.39474374055862427 0.4164546728134155 0.0615142285823822 0.08536335825920105
0 0.6329058408737183 0.43323126435279846 0.059869468212127686 0.0828961730003357
0 0.7156374454498291 0.4144807457923889 0.03388214111328125 0.037994205951690674
0 0.4347115755081177 0.3710588812828064 0.011513352394104004 0.017270028591156006
0 0.5667862296104431 0.39918434619903564 0.016941070556640625 0.022204339504241943
0 0.6771499514579773 0.40140485763549805 0.03865194320678711 0.04909622669219971
0 0.8628440499305725 0.6330702900886536 0.27401793003082275 0.2881629467010498
0 0.08988644182682037 0.5985301733016968 0.17977288365364075 0.2634914517402649
0 0.5950762033462524 0.40263861417770386 0.040461182594299316 0.05082324147224426
0 0.4269811511039734 0.41398751735687256 0.025000452995300293 0.05674442648887634
0 0.4572448432445526 0.386355459690094 0.03125053644180298 0.0345400869846344
0 0.6042869091033936 0.420895516872406 0.026645183563232422 0.05526411533355713
