0 0.5065878033638 0.4786267876625061 0.01019752025604248 0.012335747480392456
1 0.10460709035396576 0.5097128748893738 0.011842317879199982 0.021710902452468872
1 0.32763731479644775 0.4993508458137512 0.005921155214309692 0.025658369064331055
0 0.40494129061698914 0.4939231276512146 0.03684276342391968 0.04292836785316467
1 0.2558160722255707 0.5021468997001648 0.013158068060874939 0.03881645202636719
0 0.5628387928009033 0.5023114085197449 0.02401357889175415 0.03157949447631836
0 0.6421164870262146 0.4993508458137512 0.15131843090057373 0.22006964683532715
1 0.0595405139029026 0.5333974957466125 0.031250543892383575 0.06759989261627197
1 0.13158124685287476 0.5146471858024597 0.015131846070289612 0.0345400869846344
1 0.7266574501991272 0.525502622127533 0.022368788719177246 0.08338963985443115
1 0.33257168531417847 0.49885743856430054 0.007236987352371216 0.024178028106689453
0 0.47451508045196533 0.4746793508529663 0.009950757026672363 0.012335747480392456
0 0.10526499897241592 0.5560952425003052 0.09868593513965607 0.07204073667526245
0 0.9137407541275024 0.7347167730331421 0.17251843214035034 0.3291175961494446
1 0.2917814254760742 0.5472135543823242 0.028618931770324707 0.0962187647819519
0 0.24638588726520538 0.4954034090042114 0.02861890196800232 0.020724058151245117
0 0.4503368139266968 0.47591298818588257 0.008717268705368042 0.013075858354568481
0 0.521226167678833 0.4778866767883301 0.012829124927520752 0.016776621341705322
1 0.23881997168064117 0.5452398061752319 0.020395100116729736 0.08733701705932617
0 0.56843101978302 0.5131669044494629 0.017434537410736084 0.04588896036148071
0 0.5330356955528259 0.48701509833335876 0.017631888389587402 0.020131707191467285
0 0.4580673575401306 0.47319871187210083 0.012829184532165527 0.018503814935684204
1 0.2786232829093933 0.48948225378990173 0.004605323076248169 0.01578974723815918
0 0.41974419355392456 0.4840545356273651 0.012829184532165527 0.022204339504241943
1 0.21645116806030273 0.5491872429847717 0.028618916869163513 0.08338963985443115
0 0.44277089834213257 0.4786267876625061 0.009210675954818726 0.01085546612739563
1 0.3361901044845581 0.49491000175476074 0.009210675954818726 0.03552690148353577
1 0.2753337621688843 0.5018180012702942 0.013158142566680908 0.03552690148353577
0 0.48931777477264404 0.47097867727279663 0.013816028833389282 0.02146419882774353
0 0.4338069558143616 0.48010706901550293 0.011184394359588623 0.01085546612739563
1 0.3687564432621002 0.48948225378990173 0.00789487361907959 0.02171093225479126
0 0.5516543984413147 0.500831127166748 0.012829184532165527 0.02368462085723877
1 0.5519833564758301 0.48553478717803955 0.00789487361907959 0.025658339262008667
0 0.2305961400270462 0.4924428462982178 0.011184394359588623 0.013816028833389282
