0 0.27796536684036255 0.537838339805603 0.0460534393787384 0.03503352403640747
0 0.05230354517698288 0.5664572715759277 0.10460709035396576 0.11052823066711426
0 0.4789557456970215 0.5348777770996094 0.029934734106063843 0.02615177631378174
1 0.9674510955810547 0.6908016204833984 0.04835611581802368 0.16381865739822388
0 0.5009957551956177 0.5355353355407715 0.022917449474334717 0.024178028106689453
0 0.33668041229248047 0.5329031944274902 0.015628725290298462 0.017764389514923096
0 0.4671134352684021 0.533890962600708 0.02138197422027588 0.030099213123321533
1 0.9135028123855591 0.6572483777999878 0.07598817348480225 0.22599083185195923
0 0.2036219835281372 0.5457332134246826 0.09506744146347046 0.08388304710388184
0 0.6651417016983032 0.5560948252677917 0.2641487717628479 0.41497257351875305
0 0.39638853073120117 0.5195814371109009 0.003947466611862183 0.004934251308441162
0 0.5434305667877197 0.5348777770996094 0.022697806358337402 0.024178028106689453
