0 0.423362672328949 0.5077391266822815 0.017105579376220703 0.02072402834892273
1 0.5256670713424683 0.4983639717102051 0.004276394844055176 0.018750309944152832
0 0.7809346914291382 0.48898881673812866 0.026645243167877197 0.017270028591156006
0 0.12269951403141022 0.531423807144165 0.013158135116100311 0.02171093225479126
0 0.37073034048080444 0.5536280870437622 0.07565924525260925 0.09133940935134888
0 0.9864394664764404 0.486028254032135 0.027121126651763916 0.02368462085723877
0 0.10592290759086609 0.7790344953536987 0.21184581518173218 0.44193100929260254
0 0.44342881441116333 0.49836400151252747 0.013158142566680908 0.011348903179168701
0 0.4556000828742981 0.4939231276512146 0.008881747722625732 0.0074014365673065186
0 0.4354243278503418 0.5210617780685425 0.03157949447631836 0.03799408674240112
0 0.4049413204193115 0.5126734375953674 0.025987297296524048 0.028618931770324707
0 0.22566184401512146 0.5363580584526062 0.06250108778476715 0.06069183349609375
1 0.6190897822380066 0.5052720308303833 0.009539604187011719 0.03207296133041382
0 0.8276460766792297 0.49293625354766846 0.07960665225982666 0.03207290172576904
0 0.964490532875061 0.5013245940208435 0.05000084638595581 0.04736927151679993
1 0.5931024551391602 0.5067522525787354 0.004934251308441162 0.019737184047698975
0 0.15658168494701385 0.5536280870437622 0.06250110268592834 0.05871814489364624
1 0.6102080345153809 0.5067523121833801 0.00822383165359497 0.03207293152809143
0 0.7947507500648499 0.49293625354766846 0.039803385734558105 0.024671465158462524
0 0.5167853832244873 0.49639028310775757 0.01644766330718994 0.02812555432319641
0 0.7967244386672974 0.49293625354766846 0.03980332612991333 0.02368462085723877
0 0.17434516549110413 0.5363580584526062 0.03552694618701935 0.031086087226867676
1 0.9493587017059326 0.6064250469207764 0.05230355262756348 0.16973978281021118
1 0.5332330465316772 0.4973771274089813 0.0026316046714782715 0.01628321409225464
0 0.750342071056366 0.5136603116989136 0.09539639949798584 0.04736924171447754
0 0.08585676550865173 0.5570821166038513 0.0980280339717865 0.07401442527770996
1 0.5315883159637451 0.4978705048561096 0.0029606223106384277 0.015789717435836792
1 0.5970499515533447 0.5023114085197449 0.005592167377471924 0.027632087469100952
0 0.8421199917793274 0.5003377199172974 0.07006704807281494 0.03799408674240112
0 0.26480725407600403 0.531423807144165 0.031579479575157166 0.047369301319122314
0 0.3631642460823059 0.5052720308303833 0.009539633989334106 0.011348903179168701
0 0.2861891984939575 0.5190880298614502 0.017105549573898315 0.018750309944152832
0 0.45516151189804077 0.5106997489929199 0.020943373441696167 0.030099213123321533
0 0.31645292043685913 0.5393186807632446 0.054935187101364136 0.06365245580673218
0 0.36776959896087646 0.5067522525787354 0.010855436325073242 0.011348903179168701
0 0.49578726291656494 0.6074119806289673 0.10542955994606018 0.1327325701713562
0 0.014473937451839447 0.5477069616317749 0.02730311080813408 0.0424349308013916
0 0.48948222398757935 0.5136603116989136 0.049342960119247437 0.054770708084106445
0 0.46382391452789307 0.5003377199172974 0.012500226497650146 0.01875033974647522
0 0.3493482172489166 0.5097128748893738 0.02335566282272339 0.024671465158462524
