1 0.5437595248222351 0.5556018352508545 0.026316285133361816 0.09572535753250122
0 0.40033596754074097 0.500831127166748 0.09572538733482361 0.07450792193412781
1 0.2174380123615265 0.5886616706848145 0.058553650975227356 0.1771412491798401
0 0.7342233657836914 0.5047785639762878 0.14901578426361084 0.07450792193412781
0 0.2595440149307251 0.533890962600708 0.16283178329467773 0.07746845483779907
1 0.4572448432445526 0.5669506788253784 0.02368462085723877 0.12335747480392456
0 0.42928385734558105 0.4149743616580963 0.009210675954818726 0.01184237003326416
0 0.44902104139328003 0.4093492925167084 0.0055921971797943115 0.0072040557861328125
0 0.4422774910926819 0.40979331731796265 0.004440873861312866 0.012089073657989502
0 0.5125089883804321 0.5407989025115967 0.20888522267341614 0.09917932748794556
0 0.2750048041343689 0.4731990694999695 0.028618931770324707 0.04292839765548706
1 0.2963867783546448 0.4228692650794983 0.006908029317855835 0.019243746995925903
1 0.3049395680427551 0.4766530692577362 0.017763465642929077 0.07253414392471313
0 0.42237579822540283 0.41398751735687256 0.009210675954818726 0.012335747480392456
0 0.5891609191894531 0.4294336140155792 0.027632057666778564 0.06300920248031616
0 0.9075634479522705 0.8073015213012695 0.1848730444908142 0.38539689779281616
0 0.3606971502304077 0.460123211145401 0.040461212396621704 0.055264055728912354
0 0.41777047514915466 0.4144808053970337 0.004112064838409424 0.012335747480392456
0 0.3786014914512634 0.45247501134872437 0.026856690645217896 0.04176533222198486
0 0.32204508781433105 0.47221213579177856 0.059211522340774536 0.062007516622543335
1 0.3960595726966858 0.46382391452789307 0.015131860971450806 0.02664521336555481
0 0.6210634708404541 0.4386589825153351 0.04704028367996216 0.05230355262756348
1 0.3993490934371948 0.45987647771835327 0.01611870527267456 0.0345400869846344
0 0.9930185079574585 0.5116865634918213 0.013962984085083008 0.036020368337631226
1 0.45888960361480713 0.5669506788253784 0.033224254846572876 0.14506834745407104
0 0.5463911294937134 0.7518230080604553 0.250333309173584 0.3121769428253174
0 0.9193329811096191 0.5269829034805298 0.16133397817611694 0.09227132797241211
0 0.5141537189483643 0.4939231276512146 0.1572396159172058 0.07598817348480225
0 0.5243512392044067 0.42232924699783325 0.029171288013458252 0.0501343309879303
1 0.4579027593135834 0.5644835233688354 0.02368462085723877 0.12730485200881958
0 0.9709786176681519 0.4924428462982178 0.058042705059051514 0.08141592144966125
0 0.3036237359046936 0.44223639369010925 0.022039860486984253 0.016776442527770996
0 0.32763731479644775 0.4416195750236511 0.025000452995300293 0.012335747480392456
0 0.32204508781433105 0.4164546728134155 0.010197550058364868 0.012335747480392456
0 0.28717607259750366 0.46629106998443604 0.02927681803703308 0.04292836785316467
1 0.5157984495162964 0.5580689907073975 0.028947889804840088 0.08536332845687866
