0 0.40691500902175903 0.503298282623291 0.006907999515533447 0.008388280868530273
0 0.4968288540840149 0.5085616111755371 0.006908029317855835 0.010361969470977783
0 0.45987647771835327 0.5023114681243896 0.004276394844055176 0.003947436809539795
0 0.7891585826873779 0.5664572715759277 0.06579059362411499 0.0577312707901001
0 0.536686897277832 0.5079860687255859 0.006907999515533447 0.010361969470977783
0 0.33553218841552734 0.5052720308303833 0.011513352394104004 0.010361969470977783
0 0.3204003572463989 0.5052720308303833 0.016447633504867554 0.010361969470977783
0 0.44724971055984497 0.5023873448371887 0.008021384477615356 0.004934340715408325
0 0.3842172622680664 0.503298282623291 0.008881717920303345 0.006414532661437988
0 0.4845479726791382 0.5052720308303833 0.006908029317855835 0.0029606223106384277
0 0.1559237837791443 0.662182629108429 0.31086069345474243 0.3458942174911499
0 0.542772650718689 0.5052720308303833 0.006908059120178223 0.010361969470977783
0 0.43717870116233826 0.4993508458137512 0.009539663791656494 0.010362029075622559
0 0.39375680685043335 0.5039561986923218 0.011513352394104004 0.003618478775024414
0 0.4901401400566101 0.5106997489929199 0.008881717920303345 0.010362029075622559
0 0.44342881441116333 0.5023114681243896 0.006907999515533447 0.006414592266082764
0 0.5269829034805298 0.5116865634918213 0.011513352394104004 0.014309465885162354
0 0.18388479948043823 0.5126734375953674 0.03223741054534912 0.013322591781616211
0 0.5950762033462524 0.5580689907073975 0.05493521690368652 0.0577312707901001
0 0.27599167823791504 0.5067522525787354 0.01644766330718994 0.017270028591156006
0 0.45099472999572754 0.5106997489929199 0.011513352394104004 0.017270028591156006
0 0.42402058839797974 0.5166208744049072 0.022697776556015015 0.025658369064331055
0 0.2753337621688843 0.5097128748893738 0.022697746753692627 0.013322591781616211
0 0.41250720620155334 0.503298282623291 0.004276394844055176 0.003947436809539795
0 0.5210617780685425 0.5087260007858276 0.006907999515533447 0.010362029075622559
0 0.4762633442878723 0.4977870285511017 0.014398068189620972 0.017270028591156006
0 0.5065878629684448 0.5087260007858276 0.00822383165359497 0.010362029075622559
