0 0.5480359196662903 0.5299434661865234 0.013815999031066895 0.02368462085723877
0 0.3754018247127533 0.5352230668067932 0.0133553147315979 0.043816208839416504
0 0.1861874759197235 0.5768193006515503 0.1115151196718216 0.13421285152435303
0 0.0072369687259197235 0.5560952425003052 0.013816030696034431 0.030592620372772217
1 0.153621107339859 0.5210617780685425 0.007565915584564209 0.012829124927520752
0 0.5414568185806274 0.5299434661865234 0.01243436336517334 0.02368462085723877
1 0.5335619449615479 0.5250091552734375 0.00592118501663208 0.020230591297149658
0 0.4171125888824463 0.5299434661865234 0.01842138171195984 0.03750067949295044
0 0.07664608210325241 0.614319920539856 0.14868681132793427 0.1771412491798401
0 0.8880002498626709 0.7292890548706055 0.22399955987930298 0.26990604400634766
0 0.7812637090682983 0.5353711843490601 0.010197579860687256 0.060691893100738525
0 0.5800905227661133 0.5331233739852905 0.0428735613822937 0.05252271890640259
0 0.40543466806411743 0.5333974361419678 0.025000452995300293 0.039474427700042725
0 0.4309285879135132 0.5284632444381714 0.019408226013183594 0.030592620372772217
0 0.5511610507965088 0.5333974361419678 0.009210646152496338 0.027632057666778564
0 0.392112135887146 0.5353711843490601 0.027632057666778564 0.04440861940383911
0 0.060856327414512634 0.5299434661865234 0.08223828673362732 0.027632057666778564
0 0.9759951829910278 0.877967119216919 0.048009634017944336 0.24406570196151733
0 0.35022568702697754 0.5345487594604492 0.054057925939559937 0.06282991170883179
0 0.8792917132377625 0.5146471858024597 0.03782963752746582 0.05279698967933655
1 0.18026632070541382 0.5185946226119995 0.004934296011924744 0.008881747722625732
0 0.590329647064209 0.5400939583778381 0.0469931960105896 0.050470709800720215
0 0.010608738288283348 0.679452657699585 0.021217476576566696 0.11644941568374634
0 0.5598782300949097 0.5329040288925171 0.02598726749420166 0.03996783494949341
1 0.6302741765975952 0.5388252139091492 0.01611870527267456 0.06858670711517334
