1 0.4500730037689209 0.611359715461731 0.022895336151123047 0.07579106092453003
1 0.9523192644119263 0.5398120880126953 0.016447603702545166 0.040954649448394775
1 0.9776487350463867 0.5363580584526062 0.006907999515533447 0.05230355262756348
1 0.5477069616317749 0.6074119806289673 0.03881645202636719 0.09671217203140259
1 0.1500026285648346 0.5970499515533447 0.01842138171195984 0.05723780393600464
0 0.13783136010169983 0.5516543388366699 0.15625274181365967 0.07993561029434204
0 0.9657976627349854 0.5037916898727417 0.06840473413467407 0.06167870759963989
0 0.7065913081169128 0.5116865634918213 0.016776561737060547 0.010855495929718018
1 0.1370321363210678 0.5792865753173828 0.02307373285293579 0.09008628129959106
0 0.688498854637146 0.5097128748893738 0.10658079385757446 0.03996780514717102
0 0.7996850609779358 0.5250091552734375 0.046053409576416016 0.029112398624420166
0 0.7490262985229492 0.5205683708190918 0.05065876245498657 0.02713865041732788
0 0.4496789276599884 0.5259960889816284 0.018750309944152832 0.019737184047698975
1 0.11447568237781525 0.6064250469207764 0.030263684689998627 0.09375160932540894
1 0.38734233379364014 0.5866878628730774 0.027961015701293945 0.10584068298339844
0 0.37308359146118164 0.5361682176589966 0.026189714670181274 0.0311240553855896
0 0.8435673713684082 0.5047785639762878 0.06289583444595337 0.04766532778739929
0 0.3246767520904541 0.533890962600708 0.03651377558708191 0.025164902210235596
0 0.6585641503334045 0.5250091552734375 0.03782963752746582 0.0310860276222229
1 0.4657976031303406 0.6024776697158813 0.025658339262008667 0.08783048391342163
0 0.3460586667060852 0.5457332134246826 0.041119128465652466 0.04588896036148071
0 0.3993490934371948 0.5329040288925171 0.025987297296524048 0.0310860276222229
0 0.24342530965805054 0.5758324861526489 0.07598817348480225 0.0828961730003357
0 0.7213941812515259 0.5166208744049072 0.017434537410736084 0.016776621341705322
1 0.059045836329460144 0.613827109336853 0.025823384523391724 0.08931028842926025
0 0.895410418510437 0.5136603116989136 0.046053409576416016 0.037994056940078735
0 0.9880841970443726 0.5195814371109009 0.023831605911254883 0.07401448488235474
0 0.26612308621406555 0.542772650718689 0.07993562519550323 0.042928338050842285
0 0.7080011963844299 0.5334679484367371 0.038393497467041016 0.03785300254821777
0 0.5348777770996094 0.5166208744049072 0.010526537895202637 0.012829184532165527
0 0.3365190625190735 0.5225419998168945 0.0460534393787384 0.011842310428619385
1 0.45231056213378906 0.5935959219932556 0.0345400869846344 0.11348879337310791
1 0.923371434211731 0.5185946226119995 0.006907999515533447 0.031086087226867676
0 0.03503350913524628 0.5837273597717285 0.07006701827049255 0.07697504758834839
0 0.3707301616668701 0.5250091552734375 0.031250566244125366 0.016776621341705322
1 0.960543155670166 0.5289566516876221 0.0062500834465026855 0.04539555311203003
0 0.46382391452789307 0.5250091552734375 0.010526508092880249 0.010855495929718018
