1 0.5543954372406006 0.5389896035194397 0.00822383165359497 0.025658369064331055
0 0.5199103355407715 0.5205682516098022 0.007565915584564209 0.010362029075622559
0 0.13215692341327667 0.7144861817359924 0.26431384682655334 0.30049872398376465
0 0.4996798038482666 0.52303546667099 0.005592226982116699 0.007401466369628906
0 0.5052720308303833 0.5250091552734375 0.008004486560821533 0.006414592266082764
0 0.4648107588291168 0.5240223407745361 0.004276394844055176 0.006414592266082764
2 0.5304368734359741 0.5247623920440674 0.003125011920928955 0.012829303741455078
0 0.45296844840049744 0.5250091552734375 0.0049343109130859375 0.006414592266082764
0 0.4903046488761902 0.5234056115150452 0.007236957550048828 0.00789487361907959
0 0.5414566993713379 0.5250091552734375 0.012829124927520752 0.012335717678070068
0 0.44145509600639343 0.5324106216430664 0.01644766330718994 0.019737184047698975
0 0.4921138882637024 0.5321639776229858 0.008388280868530273 0.013322591781616211
0 0.6204055547714233 0.5457332134246826 0.07565921545028687 0.043421804904937744
0 0.5079036355018616 0.5447463989257812 0.025329381227493286 0.026645243167877197
0 0.5174432992935181 0.5259960293769836 0.00822383165359497 0.010362029075622559
0 0.492442786693573 0.5319170951843262 0.008881598711013794 0.014309465885162354
0 0.47961366176605225 0.5324106216430664 0.01842138171195984 0.024671494960784912
0 0.5072457194328308 0.5363580584526062 0.012500166893005371 0.015296339988708496
0 0.5299434661865234 0.52303546667099 0.008881747722625732 0.006414532661437988
0 0.5111931562423706 0.52303546667099 0.006908059120178223 0.007401466369628906
