0 0.0413658544421196 0.5699113011360168 0.0827317088842392 0.09473848342895508
0 0.4342181086540222 0.5185946226119995 0.005921155214309692 0.0049343109130859375
0 0.37599343061447144 0.5259960889816284 0.012500226497650146 0.014802873134613037
0 0.4457314908504486 0.5131669044494629 0.003289520740509033 0.003947436809539795
0 0.4243495464324951 0.5215551853179932 0.007894903421401978 0.009868621826171875
0 0.35691413283348083 0.5171142816543579 0.003947436809539795 0.004934251308441162
0 0.4996798038482666 0.5348777770996094 0.09309375286102295 0.1574040651321411
0 0.44704729318618774 0.5171142816543579 0.003947436809539795 0.004934251308441162
0 0.4536263644695282 0.5136603116989136 0.003289520740509033 0.0049343109130859375
0 0.44145509600639343 0.5190880298614502 0.003289520740509033 0.0049343109130859375
0 0.34836137294769287 0.5171142816543579 0.009210675954818726 0.00592118501663208
0 0.40855979919433594 0.5250091552734375 0.012500196695327759 0.014802873134613037
