1 0.23289881646633148 0.5146471261978149 0.020395100116729736 0.05181008577346802
0 0.500008761882782 0.4771465063095093 0.008223801851272583 0.009868592023849487
0 0.4431656301021576 0.47783732414245605 0.003618478775024414 0.009868592023849487
1 0.2223723828792572 0.5136603116989136 0.019079238176345825 0.05995163321495056
0 0.3368479907512665 0.5092194676399231 0.06381690502166748 0.07352104783058167
0 0.6217213869094849 0.5383317470550537 0.06546169519424438 0.06661301851272583
0 0.47402143478393555 0.4771465063095093 0.01118442416191101 0.012335717678070068
0 0.07302839308977127 0.5000911355018616 0.05592156574130058 0.03454005718231201
0 0.3671116828918457 0.49688369035720825 0.011842310428619385 0.02615177631378174
0 0.13388392329216003 0.500831127166748 0.0654616728425026 0.02911233901977539
0 0.438165545463562 0.4793669879436493 0.01118442416191101 0.015296339988708496
0 0.8809276819229126 0.6947489976882935 0.23814457654953003 0.2477017045021057
0 0.5204038619995117 0.48158735036849976 0.012829184532165527 0.017763465642929077
0 0.6901436448097229 0.5753390192985535 0.11908102035522461 0.10510051250457764
0 0.5396475791931152 0.4966370165348053 0.021710872650146484 0.02491813898086548
0 0.45494216680526733 0.47591298818588257 0.012829184532165527 0.016776621341705322
1 0.6975449323654175 0.5047785043716431 0.02171081304550171 0.04095458984375
1 0.1865164190530777 0.4993508458137512 0.005921155214309692 0.026645183563232422
0 0.39079636335372925 0.48701509833335876 0.01842138171195984 0.02368462085723877
0 0.42533639073371887 0.48158735036849976 0.009210705757141113 0.013816028833389282
1 0.21250371634960175 0.5195814371109009 0.010526508092880249 0.03454011678695679
1 0.12675681710243225 0.517278790473938 0.015131838619709015 0.0564153790473938
0 0.48520585894584656 0.4731990694999695 0.012829184532165527 0.022204339504241943
0 0.4171125590801239 0.48232755064964294 0.014802873134613037 0.016776621341705322
1 0.3059264123439789 0.49342966079711914 0.00789487361907959 0.025658339262008667
0 0.5875102877616882 0.5200749039649963 0.03782963752746582 0.041448116302490234
1 0.4880022704601288 0.4951566457748413 0.012500345706939697 0.03552690148353577
0 0.37780267000198364 0.4946632981300354 0.011842310428619385 0.022204309701919556
0 0.03807632252573967 0.5077391266822815 0.07615264505147934 0.05526408553123474
