0 0.5906682014465332 0.5443515777587891 0.025592505931854248 0.055560171604156494
0 0.3062553405761719 0.5506675243377686 0.05526414513587952 0.027632057666778564
0 0.6457350254058838 0.5630033016204834 0.07565921545028687 0.0828961730003357
0 0.47040295600891113 0.4924428462982178 0.02664521336555481 0.02911236882209778
0 0.5065878629684448 0.5037916898727417 0.011184394359588623 0.015296310186386108
0 0.5565886497497559 0.52303546667099 0.007017672061920166 0.030592679977416992
0 0.4269811511039734 0.5176077485084534 0.01842138171195984 0.02368462085723877
1 0.4829031825065613 0.5001732110977173 0.005921155214309692 0.020230621099472046
0 0.2805970311164856 0.6350439786911011 0.1595422774553299 0.15789753198623657
0 0.5674441456794739 0.5245157480239868 0.009704113006591797 0.03528022766113281
0 0.40082937479019165 0.5284631848335266 0.02861890196800232 0.038240790367126465
0 0.4713898301124573 0.52303546667099 0.027632057666778564 0.030592679977416992
0 0.19112175703048706 0.6074119210243225 0.10065965354442596 0.10213994979858398
0 0.48158738017082214 0.4993508458137512 0.004605352878570557 0.006908029317855835
0 0.4473762512207031 0.5131669044494629 0.012829184532165527 0.022204339504241943
0 0.3338874280452728 0.5546150207519531 0.03980332612991333 0.051316678524017334
0 0.3649734854698181 0.5430193543434143 0.04243496060371399 0.043668508529663086
0 0.42171791195869446 0.52303546667099 0.023026704788208008 0.02911233901977539
0 0.45494216680526733 0.5086272954940796 0.011184394359588623 0.016776621341705322
0 0.4733635485172272 0.5047785639762878 0.01842135190963745 0.01677665114402771
0 0.5792864561080933 0.5269829034805298 0.028618931770324707 0.04983639717102051
0 0.6202958822250366 0.5477069616317749 0.06644850969314575 0.07845532894134521
0 0.4556000828742981 0.5047785639762878 0.013816028833389282 0.013815999031066895
1 0.6990253925323486 0.5200749039649963 0.01644766330718994 0.06414583325386047
0 0.5776416659355164 0.5329040288925171 0.013815999031066895 0.04292839765548706
0 0.6631695032119751 0.4899756908416748 0.025000452995300293 0.015296310186386108
0 0.43356022238731384 0.5106997489929199 0.02138197422027588 0.03602033853530884
0 0.5960630178451538 0.533890962600708 0.04046124219894409 0.05970495939254761
0 0.49079805612564087 0.4954034090042114 0.014802902936935425 0.022204309701919556
0 0.446389377117157 0.5146471858024597 0.008223801851272583 0.020724058151245117
0 0.44836312532424927 0.5092194080352783 0.01282915472984314 0.016776621341705322
0 0.5213906764984131 0.49096256494522095 0.025987327098846436 0.05822470784187317
0 0.546062171459198 0.5077391266822815 0.01578974723815918 0.02072402834892273
0 0.5490227937698364 0.5106997489929199 0.017434537410736084 0.023684650659561157
0 0.607905387878418 0.500831127166748 0.009210705757141113 0.009868592023849487
0 0.5434305667877197 0.5047785639762878 0.01743447780609131 0.02368462085723877
0 0.5710626244544983 0.520568311214447 0.030951499938964844 0.043870359659194946
0 0.25658345222473145 0.5605361461639404 0.05822470784187317 0.030592620372772217
0 0.392112135887146 0.5353711843490601 0.030592650175094604 0.03602033853530884
1 0.6013263463973999 0.4998442530632019 0.00822383165359497 0.010361999273300171
