0 0.35706597566604614 0.5197333097457886 0.010425299406051636 0.009488999843597412
0 0.4098756015300751 0.520568311214447 0.007236957550048828 0.00789487361907959
0 0.22204336524009705 0.5245157480239868 0.018750324845314026 0.005921125411987305
0 0.3460586667060852 0.5195814371109009 0.014473944902420044 0.02171093225479126
0 0.3611905574798584 0.5215551853179932 0.005921155214309692 0.011842310428619385
1 0.15987122058868408 0.572378396987915 0.012500226497650146 0.03996783494949341
1 0.17237144708633423 0.5664572715759277 0.016447648406028748 0.06167870759963989
1 0.16677923500537872 0.5639901161193848 0.007565915584564209 0.040954649448394775
0 0.35263776779174805 0.5225419998168945 0.003289550542831421 0.01381605863571167
0 0.4207308888435364 0.5210617780685425 0.022368788719177246 0.014802873134613037
0 0.3345453143119812 0.5240223407745361 0.01315811276435852 0.017763495445251465
0 0.2401357889175415 0.5329040288925171 0.03519798815250397 0.028125464916229248
0 0.3059264123439789 0.5225419998168945 0.03125053644180298 0.014802873134613037
0 0.3167818784713745 0.5195814371109009 0.016776591539382935 0.010855495929718018
0 0.06200766563415527 0.5536280870437622 0.12401533126831055 0.07302755117416382
0 0.05921156331896782 0.5575755834579468 0.11842312663793564 0.07302755117416382
0 0.3865199089050293 0.5279697179794312 0.014473944902420044 0.016776621341705322
0 0.42224591970443726 0.5242195129394531 0.014737188816070557 0.01953989267349243
0 0.27401795983314514 0.5279697179794312 0.020724058151245117 0.014802873134613037
0 0.37204599380493164 0.520568311214447 0.011842310428619385 0.01578974723815918
