0 0.4746793508529663 0.3809277415275574 0.009210675954818726 0.012335747480392456
0 0.05304368957877159 0.6083987951278687 0.10608737915754318 0.16431212425231934
0 0.511522114276886 0.38882261514663696 0.009210705757141113 0.012335747480392456
0 0.47204774618148804 0.4095466136932373 0.0901331901550293 0.013816028833389282
0 0.041448093950748444 0.4401392936706543 0.059869468212127686 0.06463930010795593
0 0.3753355145454407 0.46234363317489624 0.02401357889175415 0.03996780514717102
0 0.485370397567749 0.5526407957077026 0.16184493899345398 0.28569579124450684
0 0.4674423933029175 0.4001714587211609 0.013816028833389282 0.013816028833389282
0 0.511522114276886 0.4016517400741577 0.01019752025604248 0.008388310670852661
0 0.4572448432445526 0.39721089601516724 0.011842310428619385 0.013816028833389282
0 0.48586374521255493 0.38339486718177795 0.010197550058364868 0.010855436325073242
0 0.5069167613983154 0.38882261514663696 0.011184453964233398 0.012335747480392456
0 0.6661300659179688 0.5778061747550964 0.09572535753250122 0.1075676679611206
1 0.11118615418672562 0.48948222398757935 0.028618916869163513 0.0656261146068573
1 0.024671485647559166 0.5052720308303833 0.03322426602244377 0.05822470784187317
0 0.469087153673172 0.39474374055862427 0.00822383165359497 0.01085546612739563
0 0.13158124685287476 0.5753390192985535 0.11052825301885605 0.11595594882965088
0 0.56843101978302 0.46777135133743286 0.011842310428619385 0.04539552330970764
0 0.33947962522506714 0.4539552927017212 0.054277241230010986 0.06365242600440979
0 0.4552711248397827 0.4001714587211609 0.009210705757141113 0.008388310670852661
0 0.8059351444244385 0.6967227458953857 0.361519455909729 0.28816288709640503
1 0.6154712438583374 0.45987647771835327 0.01611870527267456 0.0557575523853302
0 0.49507445096969604 0.4016517698764801 0.011842340230941772 0.010855436325073242
0 0.49671921133995056 0.3957306146621704 0.009210646152496338 0.006907999515533447
0 0.4940875768661499 0.38191455602645874 0.007236987352371216 0.006908029317855835
0 0.4782978296279907 0.4016517400741577 0.011842340230941772 0.008388310670852661
0 0.040461234748363495 0.47171878814697266 0.060856327414512634 0.07993558049201965
0 0.39112526178359985 0.46234363317489624 0.01644766330718994 0.036020368337631226
1 0.707578182220459 0.5052720308303833 0.027632057666778564 0.06710642576217651
0 0.7855400443077087 0.4954034090042114 0.07171177864074707 0.06217217445373535
0 0.4838900566101074 0.3957306146621704 0.007236987352371216 0.010855436325073242
0 0.36809855699539185 0.4648107886314392 0.009210675954818726 0.036020368337631226
0 0.4921138882637024 0.3750065565109253 0.014802902936935425 0.008388310670852661
0 0.4516526460647583 0.4016517400741577 0.00822383165359497 0.008388310670852661
0 0.46448180079460144 0.38191455602645874 0.00822383165359497 0.01085546612739563
0 0.4019806981086731 0.4593830406665802 0.025658339262008667 0.04983639717102051
