0 0.47796887159347534 0.5112380385398865 0.007236987352371216 0.02547895908355713
0 0.7102097868919373 0.6241885423660278 0.30263686180114746 0.16875296831130981
1 0.7187625765800476 0.5264894962310791 0.014473915100097656 0.030592620372772217
0 0.5252258777618408 0.5047785639762878 0.01907902956008911 0.015296310186386108
1 0.15296320617198944 0.5699113011360168 0.029934734106063843 0.11200857162475586
1 0.3727039098739624 0.5324106216430664 0.009868592023849487 0.024671494960784912
0 0.4861927032470703 0.5068661570549011 0.009210675954818726 0.01950940489768982
0 0.4861927032470703 0.5106997489929199 0.0055921971797943115 0.01381605863571167
1 0.8069220185279846 0.5245157480239868 0.013815999031066895 0.0439152717590332
1 0.3405071198940277 0.5253177881240845 0.012500226497650146 0.04376155138015747
0 0.631330132484436 0.5098165273666382 0.04144805669784546 0.016776621341705322
0 0.6365243196487427 0.5383235812187195 0.04704028367996216 0.03526413440704346
0 0.4625738859176636 0.5112918615341187 0.029605776071548462 0.056152284145355225
0 0.5644835233688354 0.5182000398635864 0.021381914615631104 0.027632057666778564
0 0.5896953344345093 0.5272999405860901 0.02612823247909546 0.03454005718231201
0 0.6947489976882935 0.5422792434692383 0.06447482109069824 0.03157949447631836
0 0.5128378868103027 0.5062588453292847 0.010197579860687256 0.006907999515533447
1 0.8404752612113953 0.5649769902229309 0.035855889320373535 0.08832395076751709
0 0.45099472999572754 0.5452398061752319 0.023026704788208008 0.05674445629119873
1 0.32408440113067627 0.5549111366271973 0.021710902452468872 0.08141589164733887
0 0.5940893888473511 0.5329040288925171 0.020395100116729736 0.03898090124130249
1 0.7967244386672974 0.5555076003074646 0.019079267978668213 0.07213497161865234
1 0.708064079284668 0.5115824937820435 0.010526478290557861 0.026228725910186768
1 0.7444208860397339 0.5304368734359741 0.017105519771575928 0.03848749399185181
1 0.7240258455276489 0.5166208744049072 0.00592118501663208 0.028618931770324707
0 0.4492267072200775 0.5200749039649963 0.026563048362731934 0.017640233039855957
0 0.5516543984413147 0.5131669044494629 0.01813960075378418 0.022204339504241943
0 0.5065878629684448 0.5047785639762878 0.00822383165359497 0.012335747480392456
1 0.4250074326992035 0.5097128748893738 0.008552789688110352 0.022697806358337402
1 0.15131893754005432 0.56251060962677 0.029276832938194275 0.10041260719299316
1 0.38559943437576294 0.5328044891357422 0.00894811749458313 0.04845571517944336
0 0.4243495464324951 0.5590558052062988 0.06184318661689758 0.08141595125198364
1 0.7818565368652344 0.5195814371109009 0.00868445634841919 0.035526931285858154
0 0.48136454820632935 0.5092194080352783 0.010961592197418213 0.021058261394500732
1 0.7103409767150879 0.5141865015029907 0.010022163391113281 0.0325663685798645
0 0.5792864561080933 0.5252636671066284 0.018920063972473145 0.031091272830963135
1 0.5309303402900696 0.5126734375953674 0.008552789688110352 0.028618931770324707
1 0.23947787284851074 0.6626760959625244 0.06940911710262299 0.27434688806533813
1 0.2230302095413208 0.5728718638420105 0.02565835416316986 0.09621882438659668
1 0.28520238399505615 0.5639901161193848 0.02927681803703308 0.1041136384010315
0 0.5695722699165344 0.5200749039649963 0.018924832344055176 0.02615177631378174
0 0.6161292195320129 0.5299434661865234 0.041448116302490234 0.04292839765548706
1 0.8325803279876709 0.5274763107299805 0.012500226497650146 0.03848749399185181
0 0.730604887008667 0.5560952425003052 0.00822383165359497 0.010855436325073242
0 0.6595510244369507 0.5353711843490601 0.04967188835144043 0.022204339504241943
1 0.9472441673278809 0.5699113011360168 0.02927684783935547 0.10411369800567627
0 0.5746811032295227 0.5245157480239868 0.007236957550048828 0.02615177631378174
