0 0.47040295600891113 0.5106997489929199 0.00789487361907959 0.0029606223106384277
0 0.46579763293266296 0.5215551853179932 0.008552789688110352 0.0029605627059936523
0 0.5023114085197449 0.5106997489929199 0.00789487361907959 0.014802873134613037
0 0.1190810352563858 0.5447463989257812 0.0460534393787384 0.03898090124130249
0 0.5256670713424683 0.5496806502342224 0.033224284648895264 0.03700721263885498
0 0.207569420337677 0.5457332134246826 0.06184318661689758 0.03207296133041382
0 0.522377610206604 0.5259960293769836 0.017434537410736084 0.01578974723815918
0 0.5782995820045471 0.5225419998168945 0.009210705757141113 0.011842310428619385
0 0.554286003112793 0.5185946226119995 0.005263268947601318 0.00592118501663208
0 0.52303546667099 0.5106997489929199 0.011184453964233398 0.011842310428619385
0 0.4782978296279907 0.5215551853179932 0.0019737184047698975 0.0029605627059936523
0 0.42171791195869446 0.5106997489929199 0.009210705757141113 0.01578974723815918
0 0.4039544463157654 0.5319172143936157 0.022039860486984253 0.02615177631378174
0 0.6773145198822021 0.5388252139091492 0.05855363607406616 0.03207290172576904
0 0.4769820272922516 0.5116865634918213 0.006579041481018066 0.00592118501663208
0 0.5411278009414673 0.5227886438369751 0.011184394359588623 0.014309465885162354
0 0.7253416180610657 0.6217213869094849 0.14704203605651855 0.16480553150177002
0 0.449678897857666 0.5269829034805298 0.009868592023849487 0.011842310428619385
0 0.48356109857559204 0.5176076889038086 0.006579071283340454 0.011842310428619385
0 0.41184931993484497 0.5205683708190918 0.02401357889175415 0.016776621341705322
0 0.47040295600891113 0.5240223407745361 0.01118442416191101 0.013815999031066895
0 0.4840543270111084 0.513660192489624 0.007236987352371216 0.006908059120178223
0 0.43717870116233826 0.5279697179794312 0.016776621341705322 0.019737184047698975
0 0.4611922800540924 0.537838339805603 0.02401357889175415 0.03207296133041382
0 0.5217196941375732 0.5195814371109009 0.011184394359588623 0.011842310428619385
0 0.3786250352859497 0.5447463989257812 0.04539552330970764 0.04687577486038208
0 0.7398155927658081 0.5319172143936157 0.05855363607406616 0.03207290172576904
0 0.4782978296279907 0.5215551853179932 0.003947436809539795 0.00789487361907959
0 0.45658692717552185 0.5195814371109009 0.00789487361907959 0.0029606223106384277
