0 0.6717222332954407 0.5188418626785278 0.01578974723815918 0.013322651386260986
0 0.4227047562599182 0.5363580584526062 0.02138194441795349 0.015296339988708496
0 0.5587271451950073 0.5326579213142395 0.016776621341705322 0.013322591781616211
0 0.46974486112594604 0.5291423201560974 0.021711081266403198 0.01326143741607666
0 0.3651379942893982 0.5580689907073975 0.0460534393787384 0.04835611581802368
0 0.7309338450431824 0.5210617780685425 0.008223772048950195 0.013322651386260986
0 0.5098773241043091 0.5259960889816284 0.0026316046714782715 0.006414592266082764
0 0.42566531896591187 0.5210617780685425 0.013816028833389282 0.012335717678070068
0 0.8470543026924133 0.5269829034805298 0.029605746269226074 0.020724058151245117
0 0.46053439378738403 0.5259960889816284 0.006908029317855835 0.009375154972076416
0 0.48915356397628784 0.5942999720573425 0.10194304585456848 0.13125085830688477
0 0.5256670713424683 0.536358118057251 0.03355318307876587 0.024671494960784912
0 0.9204108715057373 0.5023114085197449 0.02960580587387085 0.027632087469100952
0 0.5134958028793335 0.5289566516876221 0.008881747722625732 0.010362029075622559
0 0.6891567707061768 0.5126734375953674 0.01644766330718994 0.018750309944152832
0 0.5907998085021973 0.5200749039649963 0.013815999031066895 0.013322591781616211
0 0.6533008813858032 0.5200748443603516 0.01644766330718994 0.014309465885162354
1 0.6134975552558899 0.5531346797943115 0.020066142082214355 0.04983639717102051
0 0.8970551490783691 0.5126734375953674 0.041777074337005615 0.007401466369628906
0 0.9431085586547852 0.5042850971221924 0.04473763704299927 0.019737184047698975
0 0.5526412725448608 0.531423807144165 0.020724058151245117 0.01628321409225464
0 0.49277180433273315 0.5289566516876221 0.01085546612739563 0.007401406764984131
0 0.44474461674690247 0.5412923693656921 0.02335566282272339 0.02763211727142334
0 0.4282969832420349 0.5620164275169373 0.041119128465652466 0.04736924171447754
0 0.3713880777359009 0.5304368734359741 0.028947889804840088 0.02565830945968628
