0 0.542772650718689 0.533890962600708 0.02598726749420166 0.02171093225479126
0 0.8810896873474121 0.8118475675582886 0.237820565700531 0.37630486488342285
0 0.32993999123573303 0.5388252139091492 0.051974594593048096 0.046875834465026855
0 0.4618501663208008 0.5486937761306763 0.04243496060371399 0.04687577486038208
0 0.44254475831985474 0.5212005376815796 0.012500196695327759 0.011379718780517578
0 0.45476505160331726 0.5207960605621338 0.012500226497650146 0.014423370361328125
0 0.6727091073989868 0.5886616110801697 0.2042798399925232 0.10954141616821289
0 0.3115186095237732 0.574845552444458 0.20493780076503754 0.09868592023849487
0 0.38125666975975037 0.5437594652175903 0.022697746753692627 0.02713865041732788
0 0.35658520460128784 0.5437594652175903 0.023355692625045776 0.03503352403640747
0 0.5720494985580444 0.548693835735321 0.0424349308013916 0.04983639717102051
0 0.7697503566741943 0.5985301733016968 0.2154642939567566 0.12286394834518433
0 0.4607536792755127 0.5208150148391724 0.007127314805984497 0.008717238903045654
0 0.4019806981086731 0.5486937761306763 0.04177704453468323 0.047862708568573
