0 0.622708261013031 0.5190880298614502 0.04440867900848389 0.041448116302490234
0 0.7480393648147583 0.6059316396713257 0.23355668783187866 0.29309722781181335
0 0.6467218399047852 0.5368515253067017 0.028618931770324707 0.052797019481658936
0 0.4263232350349426 0.5299434661865234 0.04342183470726013 0.0690801739692688
0 0.4437577724456787 0.5200748443603516 0.035855889320373535 0.056744396686553955
0 0.2250039279460907 0.7070847749710083 0.20855627954006195 0.22006958723068237
0 0.3036237359046936 0.6389914751052856 0.12829172611236572 0.1618449091911316
0 0.45494216680526733 0.500831127166748 0.014802873134613037 0.019243717193603516
0 0.5977078676223755 0.5106997489929199 0.030592620372772217 0.04144805669784546
0 0.3727039098739624 0.5768193006515503 0.08947524428367615 0.11348879337310791
0 0.5700757503509521 0.4924428164958954 0.03881645202636719 0.04835611581802368
0 0.46415287256240845 0.5131669044494629 0.010197550058364868 0.020723998546600342
0 0.41612571477890015 0.5422792434692383 0.051645636558532715 0.07450789213180542
