0 0.6020940542221069 0.7426116466522217 0.06348812580108643 0.07861995697021484
0 0.46448180079460144 0.738170862197876 0.020395100116729736 0.027632057666778564
0 0.5309303402900696 0.7519868612289429 0.014802932739257812 0.01776343584060669
0 0.54408860206604 0.7505064010620117 0.01644766330718994 0.037007272243499756
0 0.3551047444343567 0.7505064010620117 0.04144817590713501 0.04070788621902466
0 0.5662928819656372 0.7428582906723022 0.03125065565109253 0.059211552143096924
0 0.43783658742904663 0.742118239402771 0.03782960772514343 0.04292839765548706
0 0.5187591314315796 0.7297824621200562 0.011842310428619385 0.012335717678070068
0 0.219082772731781 0.7391576766967773 0.11579148471355438 0.10362023115158081
0 0.49573245644569397 0.7188276052474976 0.024210870265960693 0.026743948459625244
0 0.49310073256492615 0.7505065202713013 0.03684276342391968 0.04539555311203003
0 0.3620128631591797 0.7421181201934814 0.07072493433952332 0.04983639717102051
0 0.4977060854434967 0.7297825217247009 0.017434537410736084 0.010855436325073242
0 0.41020452976226807 0.7329071760177612 0.016447633504867554 0.006907999515533447
0 0.5105352401733398 0.7283022403717041 0.01019752025604248 0.010855495929718018
0 0.2421095073223114 0.742118239402771 0.1269759088754654 0.08536332845687866
0 0.4111914038658142 0.7391576766967773 0.017434537410736084 0.010855436325073242
0 0.39638853073120117 0.7470522522926331 0.022533267736434937 0.03454005718231201
0 0.5171142816543579 0.7490262985229492 0.020395100116729736 0.030592620372772217
0 0.7158019542694092 0.7505065202713013 0.020395100116729736 0.033059775829315186
0 0.3230319619178772 0.7490262985229492 0.07072493433952332 0.04835611581802368
0 0.5248446464538574 0.7364435791969299 0.015625357627868652 0.015296339988708496
0 0.5171142816543579 0.7297824621200562 0.010197579860687256 0.012335717678070068
0 0.4111914038658142 0.7490262985229492 0.01644766330718994 0.024671494960784912
0 0.1026327908039093 0.7435985803604126 0.15822675824165344 0.11102181673049927
0 0.5483648777008057 0.7505064010620117 0.01644766330718994 0.04218834638595581
0 0.031250547617673874 0.7519868612289429 0.06250109523534775 0.13125228881835938
