2 0.2907945513725281 0.5373449325561523 0.006250113248825073 0.022204339504241943
0 0.7292890548706055 0.5738587379455566 0.15691059827804565 0.08190929889678955
0 0.37599343061447144 0.5269829034805298 0.018092423677444458 0.020724058151245117
0 0.1710556149482727 0.5368515253067017 0.026645198464393616 0.014802873134613037
0 0.2328988015651703 0.5329040288925171 0.019408240914344788 0.012829124927520752
0 0.23750415444374084 0.533890962600708 0.017434507608413696 0.01776343584060669
0 0.21809592843055725 0.5348777770996094 0.012500211596488953 0.012829184532165527
2 0.2496754229068756 0.5383317470550537 0.008552789688110352 0.02417808771133423
0 0.4996798038482666 0.532575249671936 0.08980405330657959 0.1567460000514984
0 0.2802680730819702 0.5284632444381714 0.005263239145278931 0.003947436809539795
2 0.2641499638557434 0.5413627624511719 0.006485044956207275 0.020160019397735596
2 0.27039945125579834 0.5383317470550537 0.0055921971797943115 0.020230591297149658
0 0.2687547206878662 0.531423807144165 0.018092423677444458 0.008881747722625732
0 0.1828979253768921 0.5368515253067017 0.01677660644054413 0.01776343584060669
0 0.20296406745910645 0.5358646512031555 0.02532939612865448 0.012829184532165527
0 0.42237579822540283 0.5185946226119995 0.008552759885787964 0.012829184532165527
