0 0.13388392329216003 0.5486937761306763 0.018092423677444458 0.014802873134613037
0 0.020066140219569206 0.5407989025115967 0.03322426602244377 0.014802873134613037
0 0.5789574980735779 0.533890962600708 0.022697806358337402 0.014802873134613037
0 0.9768175482749939 0.5496806502342224 0.04636490345001221 0.03700721263885498
0 0.052632495760917664 0.5457332134246826 0.020066138356924057 0.02615177631378174
0 0.7398155927658081 0.537838339805603 0.02927684783935547 0.0098685622215271
0 0.39112526178359985 0.537838339805603 0.015460789203643799 0.010855436325073242
0 0.9913737177848816 0.5146471261978149 0.017252564430236816 0.00592118501663208
0 0.3322426676750183 0.5343843698501587 0.016776591539382935 0.00789487361907959
0 0.3174397647380829 0.5368515253067017 0.010526478290557861 0.004934251308441162
0 0.4977060556411743 0.5289566516876221 0.008552759885787964 0.00789487361907959
0 0.9578205347061157 0.5388252139091492 0.08435899019241333 0.05279695987701416
0 0.10164651274681091 0.5467201471328735 0.024671487510204315 0.025164902210235596
0 0.18289794027805328 0.5457332134246826 0.020066142082214355 0.01578974723815918
0 0.10921244323253632 0.5447463989257812 0.01940823346376419 0.012829124927520752
0 0.0029605780728161335 0.5398120880126953 0.005921156145632267 0.011842310428619385
0 0.9912092685699463 0.5625098943710327 0.017581462860107422 0.02713865041732788
0 0.38717782497406006 0.5546149611473083 0.035855889320373535 0.03602039813995361
0 0.41974419355392456 0.5368515253067017 0.027961015701293945 0.01776343584060669
0 0.3687564730644226 0.5358645915985107 0.005921155214309692 0.008881747722625732
0 0.17368724942207336 0.5447463989257812 0.02335566282272339 0.020724058151245117
