1 0.8539623022079468 0.6256688237190247 0.049342989921569824 0.22549736499786377
1 0.9815126657485962 0.6434323191642761 0.03697472810745239 0.253084659576416
0 0.7868558764457703 0.5146471261978149 0.009210705757141113 0.022204339504241943
1 0.7751451730728149 0.611162006855011 0.03848749399185181 0.21168124675750732
1 0.8904761075973511 0.5644835829734802 0.03322422504425049 0.13371947407722473
0 0.9401479959487915 0.605438232421875 0.08355408906936646 0.10460710525512695
0 0.35789984464645386 0.5095488429069519 0.027084320783615112 0.029935330152511597
0 0.30822908878326416 0.5092194080352783 0.031250566244125366 0.04144808650016785
0 0.32716691493988037 0.5204274654388428 0.04342213273048401 0.04391548037528992
0 0.9536679983139038 0.500831127166748 0.059869468212127686 0.03305980563163757
0 0.14901576936244965 0.5131669044494629 0.02401357889175415 0.03157952427864075
0 0.2507234215736389 0.5458332896232605 0.07960908114910126 0.07204258441925049
0 0.24693283438682556 0.5130019783973694 0.03695255517959595 0.021216154098510742
0 0.04095466434955597 0.570898175239563 0.08190932869911194 0.10362023115158081
1 0.9626781940460205 0.6197474002838135 0.049179017543792725 0.219082772731781
0 0.9335602521896362 0.56843101978302 0.13287955522537231 0.11348885297775269
1 0.8088957071304321 0.6103725433349609 0.055264174938201904 0.21661561727523804
0 0.9849591255187988 0.5106997489929199 0.03008168935775757 0.022204339504241943
0 0.9980437755584717 0.4853231906890869 0.003618478775024414 0.02361425757408142
0 0.7822505235671997 0.5042850971221924 0.018914759159088135 0.027632087469100952
0 0.3517160415649414 0.49875885248184204 0.02039507031440735 0.02161237597465515
0 0.12299563735723495 0.5146471858024597 0.0382242351770401 0.0345400869846344
0 0.26283353567123413 0.500831127166748 0.02138194441795349 0.019243717193603516
0 0.898699939250946 0.5106997489929199 0.08223831653594971 0.0345400869846344
0 0.37007224559783936 0.4993508458137512 0.017434507608413696 0.022204309701919556
0 0.16612133383750916 0.5146471858024597 0.04342181980609894 0.0345400869846344
0 0.8681073188781738 0.5071282386779785 0.025579988956451416 0.01735621690750122
1 0.7477104663848877 0.5718849897384644 0.01019752025604248 0.030592620372772217
0 0.19276653230190277 0.5077391266822815 0.03223741054534912 0.036020368337631226
1 0.9684380292892456 0.6202411651611328 0.0381585955619812 0.219082772731781
0 0.3993490934371948 0.4840545058250427 0.028618931770324707 0.05279695987701416
0 0.4059281349182129 0.5106997489929199 0.013816028833389282 0.033059775829315186
0 0.577982485294342 0.5451865792274475 0.3421112596988678 0.533890962600708
1 0.7789610028266907 0.6256688833236694 0.05263245105743408 0.20773392915725708
1 0.8486990928649902 0.6339284777641296 0.05946904420852661 0.21770966053009033
0 0.2289513796567917 0.5077391266822815 0.03223741054534912 0.030592650175094604
0 0.24638590216636658 0.4978705644607544 0.02039511501789093 0.009868621826171875
