0 0.6102080345153809 0.5516543984413147 0.06118530035018921 0.0636523962020874
0 0.8811558485031128 0.8118475675582886 0.23768830299377441 0.37630486488342285
0 0.32513970136642456 0.5463180541992188 0.05855363607406616 0.06584542989730835
0 0.46382391452789307 0.5486937761306763 0.04177704453468323 0.048849523067474365
0 0.4944165349006653 0.622708261013031 0.18224000930786133 0.136680006980896
0 0.4536263346672058 0.5146471261978149 0.008772104978561401 0.0098685622215271
0 0.46053439378738403 0.5146471261978149 0.009868592023849487 0.0098685622215271
0 0.3651379644870758 0.5407989621162415 0.03190845251083374 0.03404664993286133
0 0.4013228118419647 0.5467201471328735 0.03848749399185181 0.04588896036148071
0 0.41970548033714294 0.530582070350647 0.015460789203643799 0.018402040004730225
