1 0.9597206115722656 0.6083992719650269 0.053619384765625 0.19737249612808228
1 0.9873770475387573 0.645406186580658 0.02524590492248535 0.24513554573059082
0 0.7868558168411255 0.5144621133804321 0.010074198246002197 0.02201932668685913
1 0.7632598876953125 0.6103725433349609 0.038740694522857666 0.21202296018600464
1 0.8141053915023804 0.6295337677001953 0.0593758225440979 0.21291500329971313
1 0.8737001419067383 0.5776370167732239 0.03980332612991333 0.132066011428833
0 0.9489334225654602 0.6020420789718628 0.08788859844207764 0.11366325616836548
0 0.403187096118927 0.4978705644607544 0.015241384506225586 0.019243746995925903
0 0.3761032819747925 0.4939231276512146 0.015351086854934692 0.018256813287734985
0 0.3875541090965271 0.5020998120307922 0.021428793668746948 0.021358400583267212
0 0.9532732963562012 0.5023114085197449 0.059869468212127686 0.03454005718231201
0 0.3657141327857971 0.5066288113594055 0.028865545988082886 0.02972891926765442
0 0.34869030117988586 0.5023114681243896 0.01644766330718994 0.022204339504241943
1 0.8612555861473083 0.6158812046051025 0.03448605537414551 0.18610316514968872
0 0.29696351289749146 0.5120565295219421 0.03536227345466614 0.03737714886665344
0 0.19276651740074158 0.5560952425003052 0.10888348519802094 0.10213994979858398
1 0.9302794337272644 0.56843101978302 0.027961015701293945 0.1174362301826477
0 0.9340862035751343 0.567584753036499 0.13129878044128418 0.10559332370758057
0 0.9813406467437744 0.5106997489929199 0.03731870651245117 0.020894885063171387
0 0.9988573789596558 0.4866451621055603 0.002285182476043701 0.022204339504241943
0 0.7819544076919556 0.5018672347068787 0.01812523603439331 0.02116820216178894
0 0.3901383876800537 0.4899756908416748 0.01282915472984314 0.01085546612739563
0 0.11250196397304535 0.5092194080352783 0.017434515058994293 0.022204339504241943
0 0.26283353567123413 0.5023114681243896 0.020395100116729736 0.022204339504241943
0 0.899357795715332 0.5106997489929199 0.08125144243240356 0.033059775829315186
0 0.398296594619751 0.488495409488678 0.007631659507751465 0.00631597638130188
0 0.8681073188781738 0.5062588453292847 0.025987327098846436 0.015296310186386108
0 0.13519972562789917 0.5393186807632446 0.08914630115032196 0.0922713577747345
0 0.983569860458374 0.6197476387023926 0.01842135190963745 0.04835611581802368
1 0.7638291716575623 0.6241885423660278 0.04572451114654541 0.219082772731781
0 0.40855979919433594 0.46629106998443604 0.0055921971797943115 0.006908029317855835
0 0.19276653230190277 0.4978705644607544 0.03125053644180298 0.015296339988708496
1 0.928715705871582 0.5690475702285767 0.031168699264526367 0.11607980728149414
0 0.4108389616012573 0.46333047747612 0.002631634473800659 0.005427718162536621
0 0.4115203619003296 0.48158735036849976 0.003618478775024414 0.0345400869846344
1 0.7986981868743896 0.6192542314529419 0.050000905990600586 0.19737190008163452
0 0.5781717896461487 0.5443345904350281 0.3421112298965454 0.533890962600708
1 0.9151475429534912 0.5743521451950073 0.04835611581802368 0.12335741519927979
1 0.8690941333770752 0.6345505714416504 0.06381690502166748 0.219082772731781
0 0.22868824005126953 0.5071471333503723 0.028026744723320007 0.02822449803352356
0 0.2466326653957367 0.5026815533638 0.019655004143714905 0.020353883504867554
