1 0.8279750347137451 0.5521478056907654 0.020066142082214355 0.06562614440917969
1 0.17763468623161316 0.5279697179794312 0.019079282879829407 0.07253414392471313
1 0.03322426602244377 0.4667844772338867 0.0115133598446846 0.019737184047698975
0 0.0692446306347847 0.8963474035263062 0.1384892612695694 0.2073051929473877
1 0.15077093243598938 0.5205689668655396 0.02302660048007965 0.08832341432571411
1 0.19276653230190277 0.49096256494522095 0.012500226497650146 0.049836426973342896
1 0.1338847279548645 0.5218024849891663 0.022204473614692688 0.09819254279136658
0 0.8768229484558105 0.5982834100723267 0.07927727699279785 0.08709001541137695
1 0.9448610544204712 0.5684308409690857 0.017324090003967285 0.06414532661437988
1 0.6649230122566223 0.5208152532577515 0.006743431091308594 0.03898054361343384
1 0.7417892813682556 0.5422792434692383 0.015131831169128418 0.04983639717102051
1 0.7745199203491211 0.5166208744049072 0.009046018123626709 0.010978996753692627
0 0.906923770904541 0.6074119806289673 0.08947527408599854 0.08832389116287231
1 0.18037694692611694 0.47879207134246826 0.011952385306358337 0.016284048557281494
0 0.25263601541519165 0.5106997489929199 0.10625186562538147 0.0537838339805603
1 0.9016163945198059 0.5472124814987183 0.015352010726928711 0.04451674222946167
0 0.6190897822380066 0.5190880298614502 0.01644766330718994 0.03305983543395996
0 0.849685549736023 0.5901418924331665 0.064639151096344 0.08314275741577148
0 0.8279743790626526 0.5444995164871216 0.041448116302490234 0.04835611581802368
0 0.9643993377685547 0.6263266205787659 0.0712013840675354 0.1087188720703125
0 0.14024952054023743 0.7529726028442383 0.28049904108047485 0.3148067593574524
1 0.2289513647556305 0.49096253514289856 0.010526493191719055 0.019737184047698975
0 0.4898112118244171 0.5407989025115967 0.25822824239730835 0.43717867136001587
0 0.769256591796875 0.5497795343399048 0.11348873376846313 0.06000101566314697
0 0.02343790978193283 0.49688369035720825 0.04687581956386566 0.06069183349609375
1 0.6580702066421509 0.5225424766540527 0.010526478290557861 0.04490154981613159
0 0.8263957500457764 0.5275750160217285 0.04361915588378906 0.032467663288116455
1 0.35230880975723267 0.508232593536377 0.015131860971450806 0.04391521215438843
1 0.1575685441493988 0.5482003688812256 0.037171706557273865 0.1154625415802002
1 0.2250039279460907 0.5482003688812256 0.03322426974773407 0.11792969703674316
0 0.9673593044281006 0.6227078437805176 0.06528139114379883 0.12804442644119263
1 0.6704064607620239 0.5250091552734375 0.008552789688110352 0.03848749399185181
1 0.6779724359512329 0.5240223407745361 0.009539663791656494 0.0439152717590332
