0 0.29671573638916016 0.5407989025115967 0.016776591539382935 0.019737184047698975
0 0.2569124102592468 0.5309303402900696 0.010526508092880249 0.005921125411987305
0 0.34145334362983704 0.5250091552734375 0.00789487361907959 0.011842310428619385
0 0.22829347848892212 0.5506675243377686 0.020724043250083923 0.025164902210235596
0 0.27796539664268494 0.533890962600708 0.013158142566680908 0.008881747722625732
0 0.22829346358776093 0.5575755834579468 0.018092423677444458 0.0310860276222229
0 0.37928295135498047 0.5565886497497559 0.030592620372772217 0.0310860276222229
0 0.23355671763420105 0.5634967088699341 0.012500226497650146 0.04490208625793457
0 0.3631642460823059 0.5250091552734375 0.010526478290557861 0.012829124927520752
0 0.28882086277008057 0.5319172143936157 0.009868592023849487 0.008881747722625732
0 0.33322954177856445 0.5477069616317749 0.018092423677444458 0.024178028106689453
0 0.22237232327461243 0.5368515253067017 0.008552774786949158 0.011842310428619385
0 0.33125579357147217 0.5250091552734375 0.007236957550048828 0.011842310428619385
0 0.261517733335495 0.5728718638420105 0.051316678524017334 0.06759989261627197
0 0.22006964683532715 0.5516543984413147 0.00789487361907959 0.021710872650146484
0 0.34869033098220825 0.5486937761306763 0.025329381227493286 0.028125464916229248
0 0.2407940924167633 0.5615228414535522 0.01447393000125885 0.04687577486038208
1 0.2978671193122864 0.5519009828567505 0.004934400320053101 0.012088954448699951
0 0.3746775984764099 0.5240223407745361 0.005921155214309692 0.011842310428619385
1 0.3021434545516968 0.545979917049408 0.008881688117980957 0.030346035957336426
