1 0.5894839763641357 0.47961366176605225 0.013092339038848877 0.02911233901977539
1 0.11678048968315125 0.5195810794830322 0.025495074689388275 0.07943898439407349
0 0.5233644247055054 0.47023850679397583 0.013815999031066895 0.01085546612739563
1 0.32204511761665344 0.488495409488678 0.011184394359588623 0.03947439789772034
0 0.48253333568573 0.486089825630188 0.014186054468154907 0.015296310186386108
0 0.4904690980911255 0.4840545058250427 0.005865991115570068 0.012828558683395386
0 0.5350426435470581 0.5097124576568604 0.05937725305557251 0.07796227931976318
1 0.5105352401733398 0.4707319140434265 0.004605352878570557 0.012335747480392456
1 0.6088922023773193 0.47961366176605225 0.010526478290557861 0.020230621099472046
1 0.3649735450744629 0.4840545058250427 0.00296059250831604 0.02911236882209778
1 0.5450752973556519 0.46826475858688354 0.004605352878570557 0.012335747480392456
1 0.5509964823722839 0.47171878814697266 0.004605293273925781 0.006908029317855835
1 0.1496996432542801 0.5127124190330505 0.01578974723815918 0.06684675812721252
1 0.084822878241539 0.516197919845581 0.019314192235469818 0.07204073667526245
1 0.5029693245887756 0.4707319140434265 0.004605293273925781 0.012335747480392456
1 0.34309810400009155 0.488495409488678 0.005263268947601318 0.03503349423408508
1 0.5661283135414124 0.5077391266822815 0.019408226013183594 0.06266579031944275
1 0.3488417863845825 0.48750853538513184 0.010526508092880249 0.03947436809539795
1 0.13625237345695496 0.514745831489563 0.01578974723815918 0.06848803162574768
0 0.5233644247055054 0.47221213579177856 0.01019752025604248 0.009868592023849487
1 0.3316505253314972 0.48790329694747925 0.012171268463134766 0.040461212396621704
1 0.29811394214630127 0.4954034090042114 0.012911289930343628 0.04724565148353577
1 0.012006744742393494 0.5195810794830322 0.010855533182621002 0.07376715540885925
1 0.14934471249580383 0.5115355253219604 0.018522068858146667 0.06294751167297363
1 0.1020851582288742 0.5210617780685425 0.014254666864871979 0.07204073667526245
1 0.3753355145454407 0.4840545356273651 0.00822383165359497 0.0325663685798645
1 0.5983657240867615 0.47961366176605225 0.012829184532165527 0.02368462085723877
1 0.3575720191001892 0.48750853538513184 0.01319923996925354 0.03947436809539795
1 0.38427746295928955 0.48236575722694397 0.008223801851272583 0.030029714107513428
1 0.2766495943069458 0.49811726808547974 0.015789777040481567 0.05748453736305237
2 0.4520473778247833 0.47961366176605225 0.00532907247543335 0.02368462085723877
1 0.5064233541488647 0.4712253510951996 0.004605352878570557 0.012335717678070068
1 0.508232593536377 0.4707319140434265 0.004605352878570557 0.012335747480392456
1 0.012829171493649483 0.5842207670211792 0.02401357889175415 0.1574040651321411
1 0.5705704092979431 0.5077391266822815 0.01578974723815918 0.06759986281394958
0 0.5149432420730591 0.46777135133743286 0.00480276346206665 0.006908029317855835
0 0.488495409488678 0.4648107588291168 0.010197550058364868 0.016776621341705322
1 0.38520410656929016 0.4840545058250427 0.013487100601196289 0.03947436809539795
1 0.6533008813858032 0.5077391266822815 0.020254075527191162 0.06759986281394958
1 0.5984096527099609 0.5156340599060059 0.01133793592453003 0.07450789213180542
1 0.5839850902557373 0.49233973026275635 0.010526537895202637 0.03123334050178528
1 0.6411296129226685 0.49639028310775757 0.00822383165359497 0.04736927151679993
1 0.0029605780728161335 0.503298282623291 0.0046053435653448105 0.012335747480392456
1 0.5863577127456665 0.4727056622505188 0.004605352878570557 0.019243746995925903
1 0.35888785123825073 0.4914555847644806 0.00822383165359497 0.03503352403640747
