0 0.4461700916290283 0.5195814371109009 0.006871461868286133 0.00833350419998169
0 0.49902188777923584 0.5827404260635376 0.11644938588142395 0.06365245580673218
0 0.44112616777420044 0.5444173812866211 0.029934734106063843 0.03733617067337036
0 0.3079001307487488 0.5388252139091492 0.02335566282272339 0.02911233901977539
0 0.26020193099975586 0.5329040288925171 0.013816028833389282 0.0098685622215271
0 0.3824080228805542 0.5299434661865234 0.01611870527267456 0.01899707317352295
0 0.2802680730819702 0.5437595248222351 0.031250566244125366 0.03602039813995361
1 0.24638590216636658 0.5713915824890137 0.03157950937747955 0.0804290771484375
0 0.3227030038833618 0.5368515253067017 0.016447633504867554 0.029112398624420166
0 0.020365199074149132 0.5496806502342224 0.014473938383162022 0.010406851768493652
0 0.12730488181114197 0.5699113011360168 0.06315900385379791 0.05674445629119873
0 0.06579062342643738 0.5876747369766235 0.07236968725919724 0.05970495939254761
0 0.08980420231819153 0.5496807098388672 0.02532939612865448 0.016776621341705322
0 0.05701854079961777 0.5477069616317749 0.01293882355093956 0.011842310428619385
0 0.006579062435775995 0.5615229606628418 0.0065790629014372826 0.00592118501663208
0 0.16250284016132355 0.558364987373352 0.016513437032699585 0.012829184532165527
0 0.4743503928184509 0.5225419998168945 0.002631634473800659 0.00592118501663208
0 0.26020193099975586 0.5491872429847717 0.025329381227493286 0.031086087226867676
0 0.44112616777420044 0.6113593578338623 0.23026719689369202 0.1189165711402893
0 0.4671134352684021 0.5225419998168945 0.008552789688110352 0.011842310428619385
0 0.3411901593208313 0.5368515253067017 0.021250367164611816 0.025164902210235596
0 0.19862189888954163 0.5623124837875366 0.0460534393787384 0.038586199283599854
0 0.23640766739845276 0.5536280870437622 0.04068054258823395 0.042928338050842285
0 0.030811939388513565 0.5506675243377686 0.00833347998559475 0.009868621826171875
0 0.4935941696166992 0.5225419998168945 0.013487100601196289 0.011842310428619385
0 0.3592168092727661 0.5329040288925171 0.017434537410736084 0.02171093225479126
0 0.4092177152633667 0.548693835735321 0.0460534393787384 0.02911233901977539
