0 0.3062553405761719 0.5477069616317749 0.11315986514091492 0.0828961730003357
0 0.8059351444244385 0.6937621831893921 0.219082772731781 0.19737190008163452
0 0.5832338929176331 0.5560952425003052 0.05888259410858154 0.07154732942581177
0 0.21924540400505066 0.574516773223877 0.1658482551574707 0.08075863122940063
0 0.27961015701293945 0.560042679309845 0.05230355262756348 0.06069183349609375
0 0.04671134427189827 0.6444191932678223 0.09342268854379654 0.16825956106185913
0 0.48948222398757935 0.5560952425003052 0.03782960772514343 0.04292839765548706
0 0.3190845251083374 0.5363580584526062 0.04243496060371399 0.010855436325073242
0 0.9806827306747437 0.9120137691497803 0.03863447904586792 0.17597240209579468
0 0.37072962522506714 0.5669506788253784 0.023520559072494507 0.02343827486038208
