0 0.49277177453041077 0.5042851567268372 0.006907999515533447 0.010362029075622559
0 0.5023114085197449 0.4954034090042114 0.004276394844055176 0.003947436809539795
0 0.30066317319869995 0.5042851567268372 0.011513382196426392 0.010362029075622559
0 0.3398085832595825 0.5023114085197449 0.01644766330718994 0.010361999273300171
0 0.536686897277832 0.5042851567268372 0.008881747722625732 0.010362029075622559
0 0.3766513466835022 0.5052720308303833 0.009539633989334106 0.010361969470977783
0 0.3128344416618347 0.503298282623291 0.015131860971450806 0.010362029075622559
0 0.4797780513763428 0.5023115277290344 0.0026316046714782715 0.0029605627059936523
0 0.3940858542919159 0.4993508458137512 0.00822383165359497 0.010362029075622559
0 0.5407989025115967 0.5042851567268372 0.0019736886024475098 0.010362029075622559
0 0.34737449884414673 0.49639028310775757 0.025329411029815674 0.024671465158462524
0 0.4878374934196472 0.5087260007858276 0.011513352394104004 0.010362029075622559
0 0.5256670713424683 0.5106997489929199 0.011513352394104004 0.014309465885162354
0 0.623366117477417 0.573365330696106 0.07204073667526245 0.07302755117416382
0 0.4358628988265991 0.5106997489929199 0.02138194441795349 0.024671494960784912
0 0.3286241888999939 0.503298282623291 0.022697776556015015 0.014309436082839966
0 0.39540165662765503 0.5220485925674438 0.03157949447631836 0.03799408674240112
0 0.10493604838848114 0.4973771274089813 0.1289496123790741 0.08042901754379272
0 0.4255009591579437 0.4946632981300354 0.011513352394104004 0.015789836645126343
0 0.261517733335495 0.4899756908416748 0.07204073667526245 0.05032983422279358
0 0.5161274671554565 0.5042851567268372 0.006907999515533447 0.010362029075622559
0 0.4733635187149048 0.4978705048561096 0.015460789203643799 0.017270058393478394
0 0.5036272406578064 0.5052720308303833 0.006908059120178223 0.010361969470977783
