0 0.49852848052978516 0.48627495765686035 0.009210705757141113 0.011102169752120972
0 0.43717870116233826 0.488495409488678 0.005592226982116699 0.009868592023849487
0 0.19375339150428772 0.5521478056907654 0.14112091064453125 0.13569316267967224
0 0.8190932869911194 0.6518206000328064 0.2055957317352295 0.18404924869537354
1 0.511522114276886 0.48553478717803955 0.005921125411987305 0.017763465642929077
1 0.0365137979388237 0.5570821166038513 0.025658342987298965 0.07944214344024658
0 0.47402143478393555 0.4840545058250427 0.009210675954818726 0.01085546612739563
0 0.04473761096596718 0.5153872966766357 0.07894875854253769 0.04909622669219971
0 0.3313215672969818 0.505765438079834 0.02460569143295288 0.03138211369514465
0 0.12631800770759583 0.5161274671554565 0.026645198464393616 0.041448116302490234
0 0.43356022238731384 0.48701509833335876 0.011842310428619385 0.015296339988708496
0 0.5221582055091858 0.4873441755771637 0.012829184532165527 0.017763495445251465
0 0.531259298324585 0.4986107349395752 0.009210705757141113 0.01085546612739563
1 0.3552693724632263 0.4993508458137512 0.009210705757141113 0.033553242683410645
0 0.5507990121841431 0.5118838548660278 0.025658369064331055 0.031579554080963135
0 0.4519816040992737 0.4840545058250427 0.013816028833389282 0.017763465642929077
1 0.09342268854379654 0.5146471261978149 0.011842310428619385 0.03848749399185181
0 0.012829171493649483 0.5259960889816284 0.0250004380941391 0.04835611581802368
0 0.37007224559783936 0.49688369035720825 0.023026734590530396 0.027632087469100952
0 0.41777047514915466 0.4899756908416748 0.011842310428619385 0.015296310186386108
1 0.338163822889328 0.5324106216430664 0.02368462085723877 0.0883239209651947
1 0.027961015701293945 0.5610295534133911 0.019079282879829407 0.05181014537811279
0 0.4842190146446228 0.48158735036849976 0.01282915472984314 0.017763465642929077
0 0.40527021884918213 0.4894822835922241 0.01842138171195984 0.02072402834892273
0 0.6595510244369507 0.5630033016204834 0.0730276107788086 0.07894879579544067
0 0.318755567073822 0.5124267339706421 0.02450701594352722 0.021464228630065918
1 0.41777047514915466 0.5077391266822815 0.01644766330718994 0.04687580466270447
0 0.348361074924469 0.503199577331543 0.010394871234893799 0.018848836421966553
