0 0.5003377199172974 0.5106997489929199 0.01611870527267456 0.016776621341705322
0 0.5366284847259521 0.5144035220146179 0.010471165180206299 0.010115742683410645
0 0.5345488786697388 0.512179970741272 0.01611870527267456 0.022697746753692627
0 0.36612480878829956 0.5620164275169373 0.0395832359790802 0.04588758945465088
0 0.5422501564025879 0.5441843271255493 0.024671494960784912 0.04694443941116333
0 0.3542824983596802 0.5758324861526489 0.03388217091560364 0.05082327127456665
0 0.45461320877075195 0.5185946226119995 0.013487070798873901 0.01924377679824829
0 0.5217196941375732 0.512179970741272 0.010197579860687256 0.01381605863571167
1 0.4138230085372925 0.5279697179794312 0.01085546612739563 0.035526931285858154
0 0.5352067351341248 0.5235289335250854 0.017763495445251465 0.020230591297149658
0 0.5727074146270752 0.5669507384300232 0.06447482109069824 0.09177792072296143
0 0.3811456561088562 0.5435929894447327 0.04330998659133911 0.04884827136993408
0 0.32117074728012085 0.5901427268981934 0.05877065658569336 0.07384812831878662
0 0.28158992528915405 0.6123422384262085 0.06331908702850342 0.08535832166671753
0 0.5243512988090515 0.5136603116989136 0.009210705757141113 0.011348843574523926
1 0.4131651222705841 0.5329040288925171 0.006579041481018066 0.024671494960784912
0 0.5437562465667725 0.5491872429847717 0.021161675453186035 0.04506564140319824
0 0.5098773241043091 0.5210617780685425 0.015131831169128418 0.020230591297149658
0 0.7450788021087646 0.5758324861526489 0.07631713151931763 0.0750012993812561
0 0.5217196941375732 0.542772650718689 0.021381914615631104 0.026645183563232422
0 0.2328988015651703 0.6458994746208191 0.10888348519802094 0.10460710525512695
0 0.4444156885147095 0.5299434661865234 0.017763465642929077 0.02417808771133423
0 0.4498390257358551 0.5262452960014343 0.011514008045196533 0.017271041870117188
0 0.47368645668029785 0.5121800303459167 0.015131860971450806 0.017269015312194824
0 0.4524725377559662 0.5267384052276611 0.012829184532165527 0.021463751792907715
