0 0.2569124102592468 0.5437593460083008 0.024232953786849976 0.016447722911834717
0 0.1812531054019928 0.5398117303848267 0.02105318009853363 0.015296399593353271
0 0.45231056213378906 0.537838339805603 0.015460819005966187 0.011842310428619385
0 0.7858690023422241 0.5398120880126953 0.012500226497650146 0.013815999031066895
0 0.9939231276512146 0.5457332134246826 0.0121537446975708 0.030099213123321533
0 0.6273136138916016 0.5477069616317749 0.027303099632263184 0.020724058151245117
0 0.43213507533073425 0.5421144962310791 0.011403799057006836 0.013487160205841064
0 0.380927711725235 0.5373449325561523 0.012171268463134766 0.005921125411987305
0 0.516018271446228 0.5329038500785828 0.009210705757141113 0.00789487361907959
0 0.7858690023422241 0.5329040288925171 0.013158142566680908 0.01381605863571167
0 0.20493778586387634 0.5447463989257812 0.010526493191719055 0.011842310428619385
0 0.29342618584632874 0.542772650718689 0.010526478290557861 0.00789487361907959
0 0.15315121412277222 0.5371334552764893 0.014285936951637268 0.010855495929718018
0 0.45987647771835327 0.5447463989257812 0.01875033974647522 0.01776343584060669
0 0.9062658548355103 0.5565886497497559 0.053290367126464844 0.04292839765548706
0 0.9108712077140808 0.5368515253067017 0.03454005718231201 0.025164902210235596
0 0.9707406759262085 0.5447463989257812 0.03848755359649658 0.0310860276222229
