2 0.2944132685661316 0.4707319140434265 0.008059293031692505 0.01529628038406372
0 0.21118789911270142 0.4731990694999695 0.036842748522758484 0.024671494960784912
1 0.25148463249206543 0.4712253510951996 0.00805935263633728 0.022697746753692627
0 0.26020193099975586 0.4771465063095093 0.034211114048957825 0.01924377679824829
0 0.2286224365234375 0.4648107886314392 0.04704029858112335 0.036020368337631226
0 0.2519780993461609 0.5866879224777222 0.21875382959842682 0.13816028833389282
0 0.383888304233551 0.47171878814697266 0.01644766330718994 0.017763465642929077
0 0.36086156964302063 0.47171878814697266 0.011184394359588623 0.013816028833389282
0 0.29901838302612305 0.47171878814697266 0.02401357889175415 0.013816028833389282
0 0.2611887753009796 0.46629106998443604 0.01644766330718994 0.008388310670852661
0 0.37171703577041626 0.4771465063095093 0.03223741054534912 0.015296339988708496
0 0.27401795983314514 0.47023850679397583 0.028618931770324707 0.02072402834892273
