0 0.2480306625366211 0.5161274671554565 0.06644852459430695 0.03996780514717102
0 0.8394883871078491 0.5422792434692383 0.20296406745910645 0.12187713384628296
1 0.13914717733860016 0.7021504640579224 0.09737012535333633 0.3286241888999939
0 0.9852145910263062 0.5422792434692383 0.028618931770324707 0.05526411533355713
0 0.4954034090042114 0.4744347929954529 0.010197550058364868 0.012336909770965576
0 0.42533639073371887 0.48010826110839844 0.006579041481018066 0.012335747480392456
1 0.096054308116436 0.6764920949935913 0.10460709035396576 0.3458942174911499
0 0.4611894190311432 0.47665464878082275 0.014802873134613037 0.01085546612739563
0 0.21480639278888702 0.565963864326477 0.26480725407600403 0.15098947286605835
0 0.4773109555244446 0.47023850679397583 0.0061404407024383545 0.007894903421401978
0 0.2611887753009796 0.5116865634918213 0.0404612272977829 0.03996783494949341
0 0.4207310676574707 0.4808480739593506 0.01282915472984314 0.016776621341705322
0 0.8891602754592896 0.531423807144165 0.1457262635231018 0.10115307569503784
0 0.5227394104003906 0.480995237827301 0.014802873134613037 0.020724058151245117
0 0.5398895144462585 0.49044013023376465 0.01578974723815918 0.019417911767959595
0 0.4755018353462219 0.4759128987789154 0.02450701594352722 0.014556169509887695
1 0.30428165197372437 0.4904690980911255 0.010526508092880249 0.037500619888305664
0 0.5674441456794739 0.5037916898727417 0.03519797325134277 0.04588896036148071
0 0.44474464654922485 0.4746793508529663 0.013816028833389282 0.017763465642929077
0 0.03437560051679611 0.5422792434692383 0.06875120103359222 0.056744396686553955
1 0.9906336069107056 0.5028048753738403 0.018732845783233643 0.03750064969062805
0 0.3230319619178772 0.4939231276512146 0.03232699632644653 0.041448116302490234
0 0.47171875834465027 0.47341054677963257 0.008646786212921143 0.012547194957733154
0 0.4013228118419647 0.48158738017082214 0.01381605863571167 0.01924377679824829
1 0.8756731748580933 0.6335636973381042 0.06283003091812134 0.22549736499786377
0 0.5056009292602539 0.4771465063095093 0.01842138171195984 0.012335717678070068
0 0.48456525802612305 0.46603137254714966 0.011184394359588623 0.016516894102096558
0 0.380927711725235 0.48701509833335876 0.020395100116729736 0.020724058151245117
1 0.184542715549469 0.48553481698036194 0.013158127665519714 0.019737184047698975
0 0.2796093821525574 0.5050243139266968 0.028618931770324707 0.03330317139625549
