0 0.47566723823547363 0.5338956117630005 0.0036179721355438232 0.004440128803253174
0 0.6348795294761658 0.537838339805603 0.011184453964233398 0.011842310428619385
0 0.6368532180786133 0.5309303402900696 0.011184394359588623 0.012829184532165527
0 0.030099211260676384 0.6982029676437378 0.06019842252135277 0.16085809469223022
0 0.2615205645561218 0.5361973643302917 0.00789487361907959 0.01578974723815918
0 0.7003365755081177 0.5373488068580627 0.028288424015045166 0.013815999031066895
0 0.4842190146446228 0.5358646512031555 0.007894903421401978 0.012829184532165527
0 0.46760690212249756 0.5346311330795288 0.005921155214309692 0.009375154972076416
0 0.8637740612030029 0.5296410322189331 0.01540917158126831 0.01578974723815918
0 0.7358680963516235 0.5358646512031555 0.010526478290557861 0.010855436325073242
0 0.2421095073223114 0.5738587379455566 0.06052738428115845 0.05871814489364624
0 0.7059334516525269 0.5358646512031555 0.01611870527267456 0.00789487361907959
1 0.3424401879310608 0.5457332134246826 0.006250113248825073 0.022697746753692627
0 0.41184931993484497 0.5467200875282288 0.02335566282272339 0.027138590812683105
0 0.491784930229187 0.5388252139091492 0.010526508092880249 0.012829184532165527
0 0.5184301137924194 0.5417858362197876 0.01611870527267456 0.01776343584060669
0 0.5818099975585938 0.5281382203102112 0.03673654794692993 0.015132784843444824
0 0.5556018352508545 0.542772650718689 0.02927684783935547 0.014802932739257812
