0 0.5000087022781372 0.4263232350349426 0.006907999515533447 0.008388310670852661
0 0.3510863184928894 0.4287903904914856 0.015460819005966187 0.013760030269622803
0 0.3118475675582886 0.44902104139328003 0.07730397582054138 0.049342960119247437
0 0.46974503993988037 0.4243495464324951 0.006250113248825073 0.009375184774398804
0 0.4746793508529663 0.4263232350349426 0.010526508092880249 0.016776591539382935
0 0.23026719689369202 0.4263232350349426 0.021053001284599304 0.01282915472984314
0 0.45658695697784424 0.4243495464324951 0.00296059250831604 0.004440873861312866
0 0.4727056622505188 0.4263232350349426 0.009210675954818726 0.009375184774398804
0 0.3709406852722168 0.4437906742095947 0.02730312943458557 0.02386227250099182
0 0.49079805612564087 0.4287903904914856 0.009210675954818726 0.012829184532165527
1 0.21776697039604187 0.45050132274627686 0.01578974723815918 0.032566338777542114
0 0.480271577835083 0.4263232350349426 0.010526508092880249 0.01282915472984314
1 0.44473403692245483 0.4317987263202667 0.005263239145278931 0.016776621341705322
0 0.45987647771835327 0.4327378273010254 0.015460789203643799 0.016776621341705322
1 0.1809242218732834 0.45839619636535645 0.00822383165359497 0.040461212396621704
0 0.5687599182128906 0.43175095319747925 0.004934251308441162 0.008388310670852661
0 0.13366544246673584 0.7635419368743896 0.2673308849334717 0.45144402980804443
0 0.48750853538513184 0.4243495464324951 0.003618478775024414 0.005427747964859009
0 0.3769803047180176 0.4243001937866211 0.02664521336555481 0.018750309944152832
0 0.4844764471054077 0.4272564649581909 0.0029605627059936523 0.008388310670852661
0 0.3321956694126129 0.4232921600341797 0.029558777809143066 0.009304672479629517
0 0.5118510723114014 0.4307641386985779 0.006907999515533447 0.008388310670852661
0 0.34747394919395447 0.4458424150943756 0.028947889804840088 0.04292839765548706
0 0.15658169984817505 0.4253363609313965 0.021053001284599304 0.016776591539382935
1 0.07204073667526245 0.4401392936706543 0.008223824203014374 0.03157952427864075
1 0.159344881772995 0.4565211534500122 0.013487085700035095 0.04796135425567627
0 0.5822470188140869 0.4287903904914856 0.020395100116729736 0.012829184532165527
0 0.4944165349006653 0.4287903904914856 0.0055921971797943115 0.010362029075622559
0 0.36382216215133667 0.4539552927017212 0.009210675954818726 0.016776591539382935
0 0.49081969261169434 0.6927752494812012 0.23591348528862 0.34339457750320435
1 0.7757654190063477 0.48750853538513184 0.02608126401901245 0.08205032348632812
0 0.2766495943069458 0.4287903904914856 0.012500196695327759 0.0074014365673065186
0 0.5069167613983154 0.4307641386985779 0.005592226982116699 0.008388310670852661
1 0.1922731101512909 0.45885875821113586 0.006918296217918396 0.03574281930923462
1 0.6059316396713257 0.42533639073371887 0.005263268947601318 0.008881747722625732
0 0.29585540294647217 0.4243495464324951 0.01890215277671814 0.0074014365673065186
0 0.41842836141586304 0.4327378273010254 0.0289478600025177 0.016776621341705322
1 0.19145071506500244 0.4591856598854065 0.013355493545532227 0.04529684782028198
