0 0.10658080875873566 0.5437594652175903 0.006579063832759857 0.006907999515533447
0 0.35526925325393677 0.5432664155960083 0.020724117755889893 0.01776343584060669
0 0.5750100612640381 0.533890962600708 0.011842310428619385 0.01776343584060669
0 0.15098948776721954 0.570898175239563 0.05394831299781799 0.048849523067474365
0 0.3325716257095337 0.5447463989257812 0.012500196695327759 0.016776621341705322
0 0.3095448911190033 0.5309303402900696 0.003947436809539795 0.005921125411987305
0 0.3613221049308777 0.5406015515327454 0.010526478290557861 0.01697397232055664
0 0.2848733961582184 0.5585623979568481 0.09638325870037079 0.05575752258300781
1 0.007264398504048586 0.5391542911529541 0.007565922103822231 0.020724058151245117
0 0.5134958624839783 0.5486937761306763 0.02730312943458557 0.0310860276222229
0 0.4556000828742981 0.5309303402900696 0.025329381227493286 0.04194152355194092
0 0.047369249165058136 0.5417858362197876 0.016776610165834427 0.008881747722625732
0 0.12829172611236572 0.542772650718689 0.03585589677095413 0.016776561737060547
1 0.6032999753952026 0.5343843698501587 0.003947436809539795 0.014802873134613037
0 0.5049430131912231 0.5348777770996094 0.0098685622215271 0.012829184532165527
0 0.14835786819458008 0.5398120880126953 0.020724043250083923 0.016776621341705322
0 0.18372029066085815 0.5361119508743286 0.008881673216819763 0.004194140434265137
0 0.5009956359863281 0.5329040884971619 0.007894903421401978 0.00789487361907959
0 0.48158738017082214 0.5338909029960632 0.008552789688110352 0.012829184532165527
1 0.5957341194152832 0.5333974957466125 0.005921125411987305 0.01825690269470215
0 0.21957577764987946 0.5605365037918091 0.04769828915596008 0.05032998323440552
0 0.17171353101730347 0.5407989025115967 0.009868592023849487 0.01381605863571167
0 0.06644853204488754 0.5457332134246826 0.027303114533424377 0.020724058151245117
0 0.15888434648513794 0.5398120880126953 0.020724043250083923 0.01578974723815918
0 0.2480306625366211 0.5526412725448608 0.01611870527267456 0.02171093225479126
0 0.5322461128234863 0.5329040884971619 0.011842310428619385 0.00789487361907959
0 0.250333309173584 0.5348777770996094 0.025987297296524048 0.03996777534484863
0 0.07039596885442734 0.5827404260635376 0.06381690502166748 0.048849523067474365
1 0.1278393417596817 0.5451787710189819 0.006908021867275238 0.01825690269470215
0 0.4052702784538269 0.5368515253067017 0.005921155214309692 0.006907999515533447
0 0.6233661770820618 0.5279697775840759 0.05263245105743408 0.08881735801696777
0 0.49112701416015625 0.533890962600708 0.00789487361907959 0.0098685622215271
1 0.16250285506248474 0.6074119806289673 0.04111914336681366 0.11842316389083862
0 0.5789574980735779 0.5363582968711853 0.015460848808288574 0.01578974723815918
0 0.5490227937698364 0.5338909029960632 0.015460789203643799 0.018750309944152832
0 0.5184301137924194 0.533890962600708 0.009868621826171875 0.011842310428619385
1 0.034869030117988586 0.6108659505844116 0.032566361129283905 0.12187713384628296
0 0.09638325870037079 0.5437595248222351 0.015460796654224396 0.009868621826171875
