0 0.6467218399047852 0.5240223407745361 0.019408226013183594 0.024671494960784912
1 0.3437560200691223 0.5674440860748291 0.028618931770324707 0.12730485200881958
0 0.5458421111106873 0.5238572955131531 0.01743447780609131 0.02615177631378174
1 0.2710573673248291 0.5842207670211792 0.036184847354888916 0.13519972562789917
1 0.3654669225215912 0.5551084280014038 0.021053016185760498 0.10263341665267944
0 0.6671168804168701 0.5353711843490601 0.027632057666778564 0.03157949447631836
1 0.5016534924507141 0.5743521451950073 0.035197943449020386 0.10263335704803467
0 0.7009991407394409 0.5422792434692383 0.04605346918106079 0.05526411533355713
1 0.11787526309490204 0.5700750946998596 0.03519798070192337 0.11595594882965088
1 0.6121804714202881 0.5782989263534546 0.021052896976470947 0.09917885065078735
0 0.8694231510162354 0.5792864561080933 0.05690890550613403 0.0730276107788086
0 0.803961455821991 0.5753390192985535 0.08750152587890625 0.09227132797241211
1 0.5977078676223755 0.5333974957466125 0.011184394359588623 0.06069183349609375
1 0.8585670590400696 0.5415882468223572 0.006908059120178223 0.012730598449707031
1 0.4629683494567871 0.5343842506408691 0.012434452772140503 0.04657977819442749
1 0.6036289930343628 0.5358646512031555 0.012829184532165527 0.05970501899719238
0 0.5355356931686401 0.5240223407745361 0.02401357889175415 0.02368462085723877
0 0.035115744918584824 0.5861944556236267 0.07023148983716965 0.19983899593353271
0 0.5648125410079956 0.5077391266822815 0.019408226013183594 0.04144808650016785
0 0.5776417255401611 0.5255025625228882 0.01842135190963745 0.022204339504241943
0 0.6329058408737183 0.5309303402900696 0.025000393390655518 0.03700721263885498
0 0.5355356931686401 0.5353711843490601 0.027632057666778564 0.01924377679824829
0 0.7588948607444763 0.5546149611473083 0.03947436809539795 0.03996777534484863
1 0.34079545736312866 0.5595492720603943 0.021710902452468872 0.10263335704803467
0 0.5483648777008057 0.525502622127533 0.010197579860687256 0.020724058151245117
1 0.4227047562599182 0.5368515253067017 0.015131860971450806 0.05970495939254761
1 0.30099213123321533 0.5743521451950073 0.02927681803703308 0.10806107521057129
1 0.9602141380310059 0.5763258934020996 0.015131890773773193 0.06315898895263672
1 0.25460973381996155 0.5649769902229309 0.02763207256793976 0.12730491161346436
0 0.6815909147262573 0.5309303402900696 0.00822383165359497 0.013815999031066895
1 0.6200766563415527 0.540305495262146 0.015131831169128418 0.05871814489364624
2 0.3378348648548126 0.5506675243377686 0.01578974723815918 0.08783048391342163
