1 0.1654634177684784 0.5526412725448608 0.007236972451210022 0.016776621341705322
0 0.46020543575286865 0.531423807144165 0.007236987352371216 0.012829124927520752
0 0.20625361800193787 0.5595492720603943 0.04736925661563873 0.02615177631378174
1 0.0769750326871872 0.5787930488586426 0.010526500642299652 0.04983639717102051
1 0.2440832257270813 0.5526412725448608 0.007236972451210022 0.02713865041732788
0 0.4651397168636322 0.5324106216430664 0.00789487361907959 0.008881747722625732
1 0.27007052302360535 0.5462266206741333 0.003618478775024414 0.011842310428619385
1 0.2651362419128418 0.5447463989257812 0.0019737184047698975 0.0044408440589904785
1 0.9542107582092285 0.5728718638420105 0.02878338098526001 0.10201656818389893
0 0.4556000828742981 0.5383318066596985 0.009210705757141113 0.031086087226867676
0 0.611194908618927 0.5333974957466125 0.019408226013183594 0.02615177631378174
0 0.7496841549873352 0.6083987951278687 0.1154625415802002 0.09917938709259033
1 0.25263601541519165 0.5511609315872192 0.007236972451210022 0.02713865041732788
1 0.607905387878418 0.5412923693656921 0.012171268463134766 0.04342186450958252
1 0.1674366146326065 0.5522711277008057 0.007236957550048828 0.014926314353942871
0 0.480271577835083 0.5294500589370728 0.01282915472984314 0.012829184532165527
1 0.15329214930534363 0.5560952425003052 0.006250098347663879 0.009375154972076416
0 0.6345505714416504 0.5185946226119995 0.0253293514251709 0.06611958146095276
0 0.5651414394378662 0.5284631848335266 0.02006608247756958 0.010855436325073242
0 0.1575685441493988 0.5881681442260742 0.0674353837966919 0.06118530035018921
0 0.15625274181365967 0.5556018352508545 0.012171253561973572 0.00789487361907959
0 0.5490227937698364 0.5462266802787781 0.021381914615631104 0.031086087226867676
0 0.5105353593826294 0.5324106216430664 0.012171268463134766 0.016776621341705322
0 0.4897289574146271 0.5457332134246826 0.030592620372772217 0.04588896036148071
1 0.2634914517402649 0.5546150207519531 0.004605352878570557 0.027632057666778564
0 0.48915329575538635 0.5195814371109009 0.011184394359588623 0.011842310428619385
0 0.36020368337631226 0.5264894962310791 0.18881908059120178 0.25905054807662964
1 0.1516473889350891 0.557575523853302 0.00789487361907959 0.01578974723815918
1 0.20965264737606049 0.5615229606628418 0.00789487361907959 0.03454011678695679
0 0.6924506425857544 0.5191866159439087 0.13658076524734497 0.06276410818099976
0 0.4088887572288513 0.7046176195144653 0.17401620745658875 0.21414846181869507
1 0.5995298624038696 0.5397358536720276 0.011968791484832764 0.04106855392456055
0 0.5719399452209473 0.5549440979957581 0.04210638999938965 0.05181014537811279
0 0.5016534924507141 0.5274763107299805 0.008552759885787964 0.010855495929718018
0 0.5509968996047974 0.5546149611473083 0.015460431575775146 0.037993550300598145
