0 0.5539570450782776 0.5215551853179932 0.012829184532165527 0.02368462085723877
1 0.3273083567619324 0.5156340003013611 0.011184394359588623 0.038487523794174194
1 0.9848856925964355 0.5664572715759277 0.017105519771575928 0.03848755359649658
0 0.45625799894332886 0.5171142816543579 0.008223801851272583 0.006907999515533447
1 0.2710573673248291 0.5437595248222351 0.02631625533103943 0.10263338685035706
1 0.7008901834487915 0.5472135543823242 0.008004367351531982 0.03125065565109253
1 0.3002016544342041 0.5413914918899536 0.025000661611557007 0.08565980195999146
0 0.6227083206176758 0.5491872429847717 0.04046124219894409 0.04983639717102051
1 0.0750013142824173 0.6834001541137695 0.06677748262882233 0.26793235540390015
0 0.8279750347137451 0.5975433588027954 0.19309550523757935 0.1766478419303894
1 0.7177757024765015 0.5491872429847717 0.011184394359588623 0.03947436809539795
1 0.25899559259414673 0.5463912487030029 0.012280970811843872 0.07401454448699951
0 0.5335619449615479 0.5353711843490601 0.02565830945968628 0.029112398624420166
0 0.9654686450958252 0.6207345724105835 0.06906265020370483 0.1174362301826477
1 0.6585642099380493 0.531423807144165 0.004605352878570557 0.006907999515533447
1 0.9098843336105347 0.5506675243377686 0.012829184532165527 0.030592679977416992
1 0.49359428882598877 0.5279697179794312 0.009868592023849487 0.04613584280014038
1 0.8769890069961548 0.5506675243377686 0.011184394359588623 0.041448116302490234
1 0.7319207191467285 0.5506675243377686 0.0098685622215271 0.03848755359649658
1 0.9138317704200745 0.5585623979568481 0.01809239387512207 0.03848755359649658
1 0.500008761882782 0.5218020677566528 0.008223801851272583 0.030346214771270752
0 0.4460604190826416 0.525502622127533 0.017434507608413696 0.017763495445251465
0 0.37171703577041626 0.5560952425003052 0.12796276807785034 0.147535502910614
0 0.4751182198524475 0.5164563655853271 0.01842138171195984 0.03848749399185181
0 0.45987647771835327 0.5353711843490601 0.030263692140579224 0.033059775829315186
0 0.5161274671554565 0.5269829034805298 0.007236957550048828 0.010855436325073242
0 0.5740231871604919 0.5447463989257812 0.06085634231567383 0.07154732942581177
1 0.09079106152057648 0.5541215538978577 0.036184847354888916 0.1652989685535431
0 0.44079720973968506 0.537838339805603 0.010197550058364868 0.012335717678070068
0 0.1084722951054573 0.7213941812515259 0.2169445902109146 0.2250038981437683
1 0.24232803285121918 0.5381677746772766 0.021710902452468872 0.08503487706184387
1 0.7125124931335449 0.5506675243377686 0.0098685622215271 0.0439152717590332
1 0.28158387541770935 0.5358646512031555 0.009868621826171875 0.07894876599311829
0 0.6549456715583801 0.5516543388366699 0.0368427038192749 0.04292839765548706
1 0.5093291997909546 0.5171143412590027 0.0098685622215271 0.023026704788208008
1 0.1575685441493988 0.5807667374610901 0.03157949447631836 0.14950919151306152
