0 0.7417893409729004 0.457902729511261 0.07927769422531128 0.06908014416694641
0 0.43915241956710815 0.39277005195617676 0.003618478775024414 0.01085546612739563
0 0.4825742244720459 0.3942503333091736 0.01578974723815918 0.022204339504241943
0 0.3477034568786621 0.4149743616580963 0.03519797325134277 0.04292839765548706
0 0.5444174408912659 0.4095466434955597 0.03223741054534912 0.03750067949295044
0 0.39869117736816406 0.39721089601516724 0.01578974723815918 0.027632057666778564
0 0.5204038619995117 0.39869117736816406 0.023026704788208008 0.027632057666778564
0 0.315466046333313 0.4263232350349426 0.051645636558532715 0.05822470784187317
0 0.4263232350349426 0.38487517833709717 0.03223738074302673 0.05674442648887634
0 0.5404700040817261 0.3903028964996338 0.01644766330718994 0.01085546612739563
0 0.49079805612564087 0.40115833282470703 0.024013608694076538 0.02911233901977539
1 0.7138283252716064 0.41990864276885986 0.011184394359588623 0.04490211606025696
0 0.338492751121521 0.423362672328949 0.02039507031440735 0.03996780514717102
0 0.3615194857120514 0.4134940803050995 0.01578974723815918 0.03454005718231201
0 0.6447481513023376 0.423362672328949 0.035855889320373535 0.051316678524017334
0 0.2250039279460907 0.460863322019577 0.08486990630626678 0.07746845483779907
0 0.6631695032119751 0.4342181086540222 0.053619384765625 0.048356086015701294
0 0.5720494985580444 0.40658605098724365 0.011842310428619385 0.02615177631378174
0 0.6006684303283691 0.423362672328949 0.06184321641921997 0.07450789213180542
0 0.508232593536377 0.3942503333091736 0.014802873134613037 0.02615177631378174
0 0.8487725257873535 0.7544863224029541 0.3024548888206482 0.491027295589447
0 0.26579412817955017 0.4495144486427307 0.05625098943710327 0.065132737159729
0 0.4713898301124573 0.3917831778526306 0.011184394359588623 0.012335747480392456
1 0.2651362419128418 0.4051057696342468 0.017105549573898315 0.03700721263885498
0 0.5480359196662903 0.3917831778526306 0.006579041481018066 0.008388310670852661
0 0.29704466462135315 0.4386589825153351 0.051645636558532715 0.05526411533355713
0 0.37171703577041626 0.39277005195617676 0.04704028367996216 0.06365242600440979
0 0.4437577724456787 0.3942503333091736 0.009210675954818726 0.012335747480392456
0 0.4556000828742981 0.3957306146621704 0.01842138171195984 0.024671494960784912
0 0.5266539454460144 0.3903028964996338 0.018421411514282227 0.024671465158462524
0 0.08330737799406052 0.5398120880126953 0.16661475598812103 0.201812744140625
1 0.23717519640922546 0.4120137691497803 0.013487085700035095 0.025658339262008667
1 0.0500008761882782 0.7554408311843872 0.1000017523765564 0.4164546728134155
0 0.4401392936706543 0.43569841980934143 0.05263248085975647 0.056744396686553955
0 0.4059281647205353 0.39277005195617676 0.011184394359588623 0.019243746995925903
