0 0.5161274671554565 0.5333974957466125 0.007565915584564209 0.010362029075622559
0 0.5194169282913208 0.531423807144165 0.00822383165359497 0.004934251308441162
1 0.58487868309021 0.536358118057251 0.00789487361907959 0.014802873134613037
0 0.5210617780685425 0.5383317470550537 0.008881747722625732 0.012335717678070068
0 0.5717204809188843 0.560042679309845 0.03914541006088257 0.04440867900848389
0 0.5072457194328308 0.5393186807632446 0.02138197422027588 0.011348903179168701
0 0.5082324147224426 0.5296969413757324 0.009868621826171875 0.006167769432067871
0 0.5052720308303833 0.5324106216430664 0.006907999515533447 0.003947436809539795
0 0.5023114085197449 0.5373449325561523 0.009539604187011719 0.007648050785064697
0 0.5023114085197449 0.5580689907073975 0.03223738074302673 0.03700721263885498
0 0.4940875768661499 0.531423807144165 0.009539633989334106 0.004934251308441162
0 0.5281339883804321 0.5296969413757324 0.011349022388458252 0.010362029075622559
