0 0.34276914596557617 0.5146471261978149 0.00789487361907959 0.003947436809539795
0 0.5243512392044067 0.5289566516876221 0.02335566282272339 0.030099213123321533
0 0.5177721977233887 0.5047786235809326 0.006579101085662842 0.003947436809539795
0 0.554286003112793 0.5087260007858276 0.006579041481018066 0.003947436809539795
0 0.5947472453117371 0.5087260007858276 0.002631664276123047 0.0049343109130859375
0 0.3388217091560364 0.5106997489929199 0.003289520740509033 0.0029606223106384277
0 0.5796154141426086 0.5067522525787354 0.002631664276123047 0.003947436809539795
0 0.5769838094711304 0.5166208744049072 0.01381605863571167 0.01578974723815918
0 0.585536539554596 0.5087260007858276 0.00789487361907959 0.011842310428619385
0 0.3592168092727661 0.5146471858024597 0.009868592023849487 0.0029605627059936523
0 0.2608598470687866 0.5146471858024597 0.02138194441795349 0.012829184532165527
0 0.48290327191352844 0.5205684304237366 0.012500286102294922 0.013816118240356445
0 0.4052702486515045 0.5269829034805298 0.03125053644180298 0.03207290172576904
0 0.5713915824890137 0.520568311214447 0.011842310428619385 0.012829184532165527
0 0.4471559524536133 0.5071909427642822 0.01242724061012268 0.010307252407073975
0 0.52303546667099 0.5106997489929199 0.008552789688110352 0.0049343109130859375
0 0.07598817348480225 0.5329040288925171 0.02401357889175415 0.025164902210235596
0 0.6018195152282715 0.5111932158470154 0.006579101085662842 0.009868621826171875
0 0.29539990425109863 0.533890962600708 0.05394831299781799 0.04588896036148071
0 0.4671134352684021 0.5087260007858276 0.006579041481018066 0.003947436809539795
0 0.49902188777923584 0.5289566516876221 0.020066142082214355 0.020723998546600342
0 0.5582334995269775 0.5106997489929199 0.003289520740509033 0.003947436809539795
0 0.5077064037322998 0.5185957551002502 0.012368440628051758 0.014802932739257812
0 0.46382391452789307 0.5329040288925171 0.025987297296524048 0.02713865041732788
0 0.1595422625541687 0.5477069616317749 0.15625274181365967 0.1268114149570465
0 0.4651397168636322 0.5106997489929199 0.006579041481018066 0.0029606223106384277
0 0.5621808767318726 0.5087260007858276 0.003289520740509033 0.0049343109130859375
0 0.5960630178451538 0.5087260007858276 0.0026316046714782715 0.00789487361907959
0 0.38915154337882996 0.5106997489929199 0.006579041481018066 0.0029606223106384277
0 0.44507357478141785 0.5250091552734375 0.022697746753692627 0.02319115400314331
0 0.5315882563591003 0.5185946226119995 0.008552789688110352 0.011842310428619385
0 0.47961366176605225 0.5087260007858276 0.008552789688110352 0.003947436809539795
0 0.41842836141586304 0.5106997489929199 0.008552759885787964 0.003947436809539795
0 0.5720494985580444 0.5087260007858276 0.003289520740509033 0.003947436809539795
0 0.6081517934799194 0.5028049945831299 0.0026316046714782715 0.003947436809539795
