0 0.4282969832420349 0.5215551853179932 0.006579071283340454 0.005921125411987305
0 0.3378348648548126 0.5329040288925171 0.016776621341705322 0.018750369548797607
0 0.4437577724456787 0.5151405930519104 0.003947436809539795 0.0049343109130859375
0 0.4128361940383911 0.5245157480239868 0.009210675954818726 0.009868621826171875
0 0.3542824983596802 0.5195814371109009 0.004605323076248169 0.00592118501663208
0 0.4996798038482666 0.537838339805603 0.09309375286102295 0.16283178329467773
0 0.44507360458374023 0.5195814371109009 0.005921155214309692 0.004934251308441162
0 0.4536263644695282 0.5176077485084534 0.005263268947601318 0.005921125411987305
0 0.437836617231369 0.5200749039649963 0.003289520740509033 0.0049343109130859375
0 0.34145334362983704 0.5205683708190918 0.009868621826171875 0.006907999515533447
0 0.3825724720954895 0.5309303402900696 0.017434507608413696 0.018750309944152832
