0 0.7062623500823975 0.5412923693656921 0.018421411514282227 0.013322591781616211
0 0.43323129415512085 0.5580689907073975 0.013816028833389282 0.018750309944152832
0 0.37763819098472595 0.5664572715759277 0.019079267978668213 0.019737184047698975
0 0.579944372177124 0.5580689907073975 0.01644766330718994 0.015296339988708496
0 0.4922078549861908 0.5522887706756592 0.015225827693939209 0.015014350414276123
0 0.44474461674690247 0.5649769902229309 0.02335566282272339 0.02368462085723877
0 0.3761577904224396 0.5565887093544006 0.004605352878570557 0.008881688117980957
0 0.9684380292892456 0.5551084280014038 0.06250113248825073 0.04539555311203003
1 0.7914612293243408 0.5250091552734375 0.00822383165359497 0.013322651386260986
0 0.45987647771835327 0.5580689907073975 0.01842138171195984 0.02368462085723877
0 0.4138230085372925 0.5580689907073975 0.01085546612739563 0.012335717678070068
0 0.42402058839797974 0.5580689907073975 0.00493428111076355 0.009375154972076416
0 0.8029745817184448 0.5477069616317749 0.04868507385253906 0.033059775829315186
0 0.526324987411499 0.5496807098388672 0.012500226497650146 0.011348903179168701
0 0.41809940338134766 0.5496806502342224 0.013816028833389282 0.02368462085723877
0 0.4713898301124573 0.5551084280014038 0.013158142566680908 0.01628321409225464
0 0.7049465179443359 0.6404716968536377 0.29868942499160767 0.19342440366744995
0 0.7569211721420288 0.5363580584526062 0.020723998546600342 0.013322591781616211
0 0.7937638759613037 0.5358645915985107 0.01743447780609131 0.012335717678070068
1 0.7875137329101562 0.5289565324783325 0.006579101085662842 0.022944629192352295
0 0.7220520973205566 0.5363580584526062 0.022697746753692627 0.020724058151245117
0 0.6063427925109863 0.5405521988868713 0.01842135190963745 0.011348843574523926
1 0.9197527170181274 0.6528072953224182 0.04605346918106079 0.17615437507629395
0 0.9121869802474976 0.5333974361419678 0.01381605863571167 0.027632057666778564
0 0.44474461674690247 0.5516543984413147 0.012500226497650146 0.007401466369628906
0 0.5641546249389648 0.5580689907073975 0.025329411029815674 0.019737184047698975
0 0.4789557456970215 0.5537512302398682 0.005098819732666016 0.01529616117477417
1 0.7871848344802856 0.531423807144165 0.006579041481018066 0.024671494960784912
0 0.5111931562423706 0.5580689907073975 0.02203989028930664 0.027632057666778564
0 0.40823084115982056 0.5600427389144897 0.008881717920303345 0.012335717678070068
0 0.9635037183761597 0.5960630774497986 0.07269865274429321 0.09375166893005371
0 0.5029693245887756 0.5472381114959717 0.004029631614685059 0.003947436809539795
0 0.32796627283096313 0.6236951351165771 0.11809417605400085 0.1307588815689087
0 0.4915875792503357 0.5544172525405884 0.01381605863571167 0.013322651386260986
0 0.4901401400566101 0.560042679309845 0.016447633504867554 0.018750309944152832
0 0.39869117736816406 0.5630033016204834 0.01644766330718994 0.01628321409225464
0 0.927318811416626 0.5496807098388672 0.06052738428115845 0.05575758218765259
0 0.47007399797439575 0.5580689907073975 0.008881717920303345 0.015296339988708496
