0 0.7760003805160522 0.5240223407745361 0.004605352878570557 0.01578974723815918
0 0.13191020488739014 0.4924428164958954 0.037887655198574066 0.019737184047698975
1 0.48520585894584656 0.49954813718795776 0.011513352394104004 0.017269998788833618
0 0.6210634708404541 0.508232593536377 0.03125053644180298 0.019737184047698975
0 0.2230302095413208 0.4840545058250427 0.015131846070289612 0.009868592023849487
0 0.8140681982040405 0.5108358860015869 0.01465541124343872 0.01211458444595337
1 0.16572630405426025 0.48079875111579895 0.004605337977409363 0.016334176063537598
0 0.15493692457675934 0.5166208744049072 0.05032983422279358 0.04983639717102051
0 0.5450752973556519 0.5195814371109009 0.036184847354888916 0.02565830945968628
0 0.10460709780454636 0.5037916898727417 0.04934297502040863 0.025658339262008667
0 0.5868524312973022 0.5264894962310791 0.0634879469871521 0.04292839765548706
0 0.03470444679260254 0.49688369035720825 0.04128365218639374 0.02787873148918152
0 0.022368812933564186 0.6034644842147827 0.04473762586712837 0.1041136384010315
0 0.6562615036964417 0.5151405930519104 0.026645183563232422 0.01973724365234375
0 0.23553043603897095 0.4741859436035156 0.01102013885974884 0.01653018593788147
0 0.2536228597164154 0.5210617184638977 0.03881646692752838 0.04687580466270447
0 0.7493551969528198 0.5324106216430664 0.054277241230010986 0.05427730083465576
0 0.14342355728149414 0.4880019426345825 0.03811153024435043 0.026292771100997925
0 0.34276914596557617 0.6049448251724243 0.10342288017272949 0.11792969703674316
0 0.5450752973556519 0.5407989025115967 0.06447476148605347 0.054277241230010986
0 0.0730275958776474 0.572674572467804 0.08783058077096939 0.06444203853607178
0 0.9296215772628784 0.5151405930519104 0.04835611581802368 0.03996777534484863
0 0.8527567386627197 0.5077385306358337 0.05493515729904175 0.041448116302490234
0 0.6855382919311523 0.5437595248222351 0.06842225790023804 0.05427730083465576
0 0.15098947286605835 0.7130059003829956 0.29145246744155884 0.2861891984939575
1 0.31447917222976685 0.5225419998168945 0.014144986867904663 0.04391521215438843
0 0.0065790629014372826 0.5136603116989136 0.0055922032333910465 0.019737184047698975
1 0.9638326168060303 0.5694178342819214 0.022697746753692627 0.08980423212051392
0 0.18783220648765564 0.5264894962310791 0.042763903737068176 0.039474308490753174
0 0.6904726028442383 0.508232593536377 0.03881645202636719 0.028618931770324707
0 0.7444208860397339 0.5037916898727417 0.02171093225479126 0.014309465885162354
0 0.4937586486339569 0.5921156406402588 0.12072581052780151 0.06573385000228882
0 0.21332630515098572 0.4727056324481964 0.01003369688987732 0.017270028591156006
0 0.6552746295928955 0.48948222398757935 0.05427730083465576 0.04144808650016785
0 0.19813945889472961 0.4806004464626312 0.017544135451316833 0.023026704788208008
0 0.7118548154830933 0.5037916898727417 0.008224070072174072 0.009868592023849487
0 0.7141599059104919 0.5272289514541626 0.031907081604003906 0.03626590967178345
0 0.15605022013187408 0.5569302439689636 0.1366167962551117 0.03996777534484863
0 0.8963972330093384 0.5037916898727417 0.030757367610931396 0.01282915472984314
0 0.8934279680252075 0.6389914751052856 0.21314412355422974 0.19342440366744995
0 0.10822557657957077 0.4825742244720459 0.019079282879829407 0.02121749520301819
0 0.07736952602863312 0.49096256494522095 0.021579407155513763 0.02417805790901184
0 0.21953506767749786 0.47437092661857605 0.01611870527267456 0.01942884922027588
0 0.17204248905181885 0.4741859436035156 0.020066142082214355 0.009868592023849487
0 0.12631799280643463 0.4766530692577362 0.014144979417324066 0.01578974723815918
0 0.9548599720001221 0.5393186807632446 0.09028011560440063 0.06266552209854126
1 0.3503350615501404 0.46974503993988037 0.006579071283340454 0.022697776556015015
0 0.06381702423095703 0.4880019724369049 0.010526496917009354 0.019737184047698975
0 0.2401357889175415 0.5778061747550964 0.08103221654891968 0.0815805196762085
0 0.21447744965553284 0.500831127166748 0.021053001284599304 0.031086087226867676
1 0.1746741086244583 0.47961366176605225 0.0055921971797943115 0.0212174654006958
0 0.2325698733329773 0.5023114085197449 0.021053001284599304 0.031086057424545288
1 0.9032115936279297 0.5037916898727417 0.009821474552154541 0.01797470450401306
0 0.14638414978981018 0.4825742244720459 0.03618483245372772 0.02121749520301819
0 0.7099809646606445 0.49784916639328003 0.030263662338256836 0.02121749520301819
0 0.04678885638713837 0.4904401898384094 0.030902307480573654 0.02417805790901184
0 0.721723198890686 0.509712815284729 0.021053016185760498 0.017270028591156006
0 0.7861979603767395 0.5166208744049072 0.017105579376220703 0.030099213123321533
0 0.26414936780929565 0.4998442530632019 0.06184318661689758 0.07105386257171631
0 0.07713954150676727 0.47862690687179565 0.010992616415023804 0.0064969658851623535
0 0.9934296607971191 0.7130059003829956 0.013140618801116943 0.045395493507385254
0 0.36645376682281494 0.5792869329452515 0.06891581416130066 0.09375160932540894
0 0.22401708364486694 0.4781333804130554 0.01611870527267456 0.017270058393478394
0 0.6401427984237671 0.5279697775840759 0.04473763704299927 0.03404664993286133
0 0.4861927032470703 0.7477696537971497 0.2242407500743866 0.28051817417144775
0 0.0865146666765213 0.4741859436035156 0.023684628307819366 0.015789777040481567
0 0.480600506067276 0.5580689907073975 0.10164648294448853 0.11792969703674316
0 0.3019789457321167 0.4712253510951996 0.01315811276435852 0.014309465885162354
0 0.0850343108177185 0.4810939431190491 0.023191116750240326 0.017270028591156006
0 0.10263337194919586 0.4766530692577362 0.016118697822093964 0.014309465885162354
0 0.7598817348480225 0.518101155757904 0.028618931770324707 0.025658369064331055
