0 0.3552693724632263 0.565963864326477 0.04901403188705444 0.04588896036148071
0 0.2786232829093933 0.5560952425003052 0.030592650175094604 0.027632057666778564
0 0.5829049348831177 0.5743521451950073 0.04342186450958252 0.027632057666778564
0 0.23553043603897095 0.5324106216430664 0.0055921971797943115 0.011348903179168701
0 0.44112613797187805 0.5407989621162415 0.04901403188705444 0.02368462085723877
0 0.5056009292602539 0.5338909029960632 0.04605346918106079 0.02368462085723877
0 0.1671081930398941 0.724848210811615 0.25460973381996155 0.27829432487487793
0 0.601434588432312 0.5802731513977051 0.0811414122581482 0.04605370759963989
0 0.4039544463157654 0.5383317470550537 0.0480271577835083 0.024671494960784912
0 0.3036237359046936 0.5407989621162415 0.04704028367996216 0.02368462085723877
0 0.6817551255226135 0.5716383457183838 0.06529688835144043 0.038117408752441406
0 0.4519816040992737 0.533890962600708 0.0480271577835083 0.030592620372772217
