0 0.21217477321624756 0.5477069616317749 0.04868505895137787 0.04736924171447754
1 0.4724862575531006 0.5139892101287842 0.006469458341598511 0.03240194916725159
0 0.42763906717300415 0.5067522525787354 0.008881747722625732 0.019737184047698975
0 0.11431009322404861 0.6239421963691711 0.1781286746263504 0.17763495445251465
0 0.36140984296798706 0.5269829034805298 0.015351146459579468 0.03174400329589844
0 0.2917814254760742 0.5077391266822815 0.035526931285858154 0.013322591781616211
0 0.3569141626358032 0.503298282623291 0.017105549573898315 0.012335747480392456
0 0.25576072931289673 0.5319172143936157 0.03782960772514343 0.024918735027313232
0 0.2401357889175415 0.573365330696106 0.08717258274555206 0.08980423212051392
0 0.4207310676574707 0.5146471858024597 0.013816028833389282 0.028618931770324707
0 0.16414761543273926 0.5536280870437622 0.07467235624790192 0.06365245580673218
1 0.6917884349822998 0.5807667374610901 0.02401357889175415 0.08980417251586914
0 0.9914559721946716 0.49293625354766846 0.01708805561065674 0.025658339262008667
0 0.45231056213378906 0.5023114085197449 0.032895296812057495 0.0577312707901001
1 0.48882433772087097 0.5126734375953674 0.00822383165359497 0.03305980563163757
0 0.1894768476486206 0.5245156288146973 0.020559445023536682 0.02072387933731079
1 0.48948225378990173 0.5097128748893738 0.00822383165359497 0.031086087226867676
0 0.42566534876823425 0.5126734375953674 0.006907999515533447 0.025658339262008667
1 0.7269864082336426 0.560042679309845 0.028947830200195312 0.1287851333618164
0 0.1774699091911316 0.5269830822944641 0.016118884086608887 0.014556646347045898
0 0.22039858996868134 0.5200748443603516 0.007565915584564209 0.011348903179168701
0 0.30189675092697144 0.5431426763534546 0.05740231275558472 0.06340569257736206
0 0.03289531171321869 0.5886616110801697 0.06579062342643738 0.11102163791656494
0 0.20937854051589966 0.522541880607605 0.019079282879829407 0.013322412967681885
0 0.35691413283348083 0.6320834159851074 0.12368637323379517 0.14506834745407104
0 0.39540165662765503 0.5324106216430664 0.05690890550613403 0.08042904734611511
0 0.3428514003753662 0.5306836366653442 0.03996780514717102 0.051316678524017334
0 0.9131754636764526 0.49589651823043823 0.03640395402908325 0.028454512357711792
0 0.9552711248397827 0.5363580584526062 0.08945775032043457 0.09967279434204102
