1 0.7207362651824951 0.5264894962310791 0.014473974704742432 0.028618931770324707
1 0.7483683824539185 0.5097128748893738 0.01381605863571167 0.030592679977416992
0 0.6319189667701721 0.5062588453292847 0.0424349308013916 0.015296310186386108
0 0.637511134147644 0.5407989621162415 0.04506653547286987 0.04983639717102051
0 0.6957358121871948 0.5590558052062988 0.06644850969314575 0.06513267755508423
1 0.7967244386672974 0.5541214942932129 0.019079267978668213 0.07154732942581177
1 0.7735161185264587 0.5128436088562012 0.008620858192443848 0.03256639838218689
1 0.7477104663848877 0.5235288739204407 0.013815999031066895 0.0365138053894043
1 0.8279750347137451 0.5225419998168945 0.0098685622215271 0.03996783494949341
1 0.6829066872596741 0.5037916898727417 0.010526537895202637 0.024671494960784912
0 0.6207345724105835 0.5284631848335266 0.030592620372772217 0.04983639717102051
1 0.7526447772979736 0.5166208744049072 0.012500226497650146 0.03157949447631836
0 0.7085649967193604 0.565963864326477 0.06283003091812134 0.065132737159729
0 0.661524772644043 0.5477069616317749 0.05065876245498657 0.0537838339805603
0 0.3164536654949188 0.5292032957077026 0.632413923740387 0.3577366769313812
1 0.9470560550689697 0.5649769902229309 0.028618931770324707 0.10411369800567627
