0 0.4115203619003296 0.5146472454071045 0.01858583092689514 0.025164902210235596
1 0.542772650718689 0.5052720308303833 0.004276394844055176 0.022697746753692627
0 0.3774031400680542 0.5553903579711914 0.0767870843410492 0.09628933668136597
0 0.03818598762154579 0.8536657691001892 0.07637197524309158 0.2926684617996216
0 0.8950814008712769 0.503298282623291 0.019079267978668213 0.014309436082839966
0 0.4304821789264679 0.5009720921516418 0.02201634645462036 0.015084832906723022
0 0.45231056213378906 0.49737709760665894 0.015131860971450806 0.0074014365673065186
0 0.4358628988265991 0.531423807144165 0.03980332612991333 0.043421804904937744
0 0.3924410939216614 0.5126734972000122 0.025329381227493286 0.024671494960784912
1 0.7358681559562683 0.5240223407745361 0.01644766330718994 0.03799408674240112
1 0.6595510244369507 0.5250092148780823 0.009539604187011719 0.03404664993286133
0 0.8773186206817627 0.49606144428253174 0.05767691135406494 0.036514073610305786
1 0.7213941812515259 0.5289566516876221 0.015131831169128418 0.06069186329841614
0 0.5299434661865234 0.5003377199172974 0.02401357889175415 0.03799408674240112
0 0.3389319181442261 0.5113576054573059 0.006030768156051636 0.008717179298400879
1 0.5546149611473083 0.5042850971221924 0.006250143051147461 0.022697746753692627
1 0.5509964823722839 0.5023114085197449 0.005592226982116699 0.02368462085723877
0 0.21414849162101746 0.531423807144165 0.03092159330844879 0.02861887216567993
1 0.6658011674880981 0.5156340003013611 0.013158142566680908 0.049342960119247437
0 0.184542715549469 0.5353711843490601 0.03289531171321869 0.02861887216567993
0 0.8011654019355774 0.5003377199172974 0.042928457260131836 0.02713865041732788
0 0.4483630955219269 0.5179367065429688 0.02960580587387085 0.03865203261375427
0 0.33355844020843506 0.5353711843490601 0.0460534393787384 0.06167870759963989
0 0.5111931562423706 0.6187608242034912 0.11381781101226807 0.1401340365409851
0 0.4996798038482666 0.5210617780685425 0.05230355262756348 0.057731300592422485
0 0.17779910564422607 0.5205683708190918 0.018092438578605652 0.011842310428619385
0 0.46524935960769653 0.512344479560852 0.02379429340362549 0.03569144010543823
0 0.10855452716350555 0.5536280870437622 0.10033070296049118 0.09177792072296143
0 0.7605400085449219 0.49515676498413086 0.02598726749420166 0.01529642939567566
0 0.7553585767745972 0.5092194080352783 0.0694090723991394 0.03879588842391968
0 0.19589154422283173 0.5215551853179932 0.011677861213684082 0.012335777282714844
