0 0.660537838935852 0.49096253514289856 0.03026372194290161 0.016776621341705322
0 0.8059351444244385 0.5462266802787781 0.07730400562286377 0.07598817348480225
0 0.45263952016830444 0.5462266206741333 0.05888262391090393 0.07993561029434204
0 0.8750153183937073 0.570898175239563 0.10493600368499756 0.09917932748794556
0 0.6273136138916016 0.5185946226119995 0.012829184532165527 0.01924377679824829
1 0.3536246120929718 0.4954034090042114 0.010526478290557861 0.05427730083465576
0 0.9833966493606567 0.5891550779342651 0.0332067608833313 0.062172114849090576
1 0.4421130120754242 0.49885740876197815 0.00822383165359497 0.0325663685798645
1 0.42731010913848877 0.4954034090042114 0.006907999515533447 0.02368462085723877
0 0.4177704453468323 0.5560952425003052 0.07467237114906311 0.09128451347351074
0 0.6098790764808655 0.5131669044494629 0.03223741054534912 0.03602033853530884
0 0.6283004283905029 0.5062588453292847 0.014802873134613037 0.008388280868530273
0 0.7542895078659058 0.536358118057251 0.046053409576416016 0.0537838339805603
1 0.15329214930534363 0.5482003688812256 0.037500664591789246 0.1307588517665863
0 0.5141537189483643 0.5102062821388245 0.014802873134613037 0.04687580466270447
0 0.6927752494812012 0.5131669044494629 0.011842310428619385 0.012335717678070068
1 0.7383378744125366 0.5094650983810425 0.004605352878570557 0.006907999515533447
1 0.3115186095237732 0.500831127166748 0.02631622552871704 0.051810115575790405
0 0.36053264141082764 0.6236951351165771 0.18125316500663757 0.22500395774841309
0 0.5592203140258789 0.5116865634918213 0.044079720973968506 0.060691893100738525
1 0.4241650700569153 0.4939228296279907 0.008599460124969482 0.03552636504173279
0 0.591953694820404 0.5200749039649963 0.007236957550048828 0.01159512996673584
0 0.6579062938690186 0.5284631848335266 0.06710642576217651 0.07056042551994324
0 0.7266574501991272 0.5309303402900696 0.03486907482147217 0.03996777534484863
0 0.5207327604293823 0.5185946226119995 0.010197579860687256 0.022204339504241943
0 0.7065913081169128 0.5240223407745361 0.03322422504425049 0.033059775829315186
0 0.12763381004333496 0.7682700157165527 0.2552676200866699 0.3241833448410034
1 0.5832338929176331 0.5111931562423706 0.004605293273925781 0.022697776556015015
0 0.49540644884109497 0.517360270023346 0.04555973410606384 0.053783804178237915
1 0.4197801947593689 0.4946128726005554 0.010887950658798218 0.036758214235305786
