0 0.29539990425109863 0.4593830406665802 0.007236957550048828 0.006551623344421387
0 0.2944130301475525 0.45247501134872437 0.007798105478286743 0.01085546612739563
0 0.2944130599498749 0.525502622127533 0.12796278297901154 0.07845532894134521
1 0.591457724571228 0.5072457194328308 0.013487100601196289 0.045888930559158325
1 0.8947525024414062 0.5131669044494629 0.005263209342956543 0.007894933223724365
0 0.07927770167589188 0.503298282623291 0.03223741054534912 0.012335747480392456
1 0.5111931562423706 0.4998442530632019 0.007565975189208984 0.036020368337631226
0 0.22851279377937317 0.4692516326904297 0.008388295769691467 0.01381605863571167
0 0.898699939250946 0.4731990694999695 0.17566096782684326 0.11990341544151306
0 0.1904638707637787 0.47538432478904724 0.007236972451210022 0.016776621341705322
0 0.3062553405761719 0.4692516326904297 0.010197550058364868 0.008388280868530273
0 0.684551477432251 0.5185946226119995 0.12237054109573364 0.06069186329841614
0 0.10131756216287613 0.4993508458137512 0.027632057666778564 0.016776591539382935
0 0.055264122784137726 0.5028283596038818 0.031767457723617554 0.01924377679824829
0 0.23022010922431946 0.4593830406665802 0.007236972451210022 0.009092986583709717
0 0.295784592628479 0.47023850679397583 0.013816028833389282 0.019243746995925903
0 0.28322863578796387 0.4692516326904297 0.002631634473800659 0.010855436325073242
0 0.10059984028339386 0.4949997067451477 0.02718348056077957 0.024671465158462524
0 0.2193022519350052 0.4687578082084656 0.015898972749710083 0.020230233669281006
0 0.21809592843055725 0.4735279083251953 0.013632997870445251 0.015296339988708496
1 0.7628422975540161 0.5121800303459167 0.016118645668029785 0.065132737159729
0 0.2063153088092804 0.47901225090026855 0.01746535301208496 0.02110949158668518
1 0.5217196941375732 0.500831127166748 0.007565915584564209 0.036020368337631226
0 0.37840306758880615 0.4642186164855957 0.04558470845222473 0.06985729932785034
0 0.18388479948043823 0.47476449608802795 0.013816028833389282 0.0222894549369812
0 0.19227316975593567 0.4746793508529663 0.012335792183876038 0.018503665924072266
0 0.13980507850646973 0.5116865634918213 0.041448093950748444 0.05082327127456665
0 0.18684537708759308 0.513906717300415 0.03947436809539795 0.041448116302490234
0 0.2365172952413559 0.4692516326904297 0.007236957550048828 0.010855436325073242
0 0.22804686427116394 0.4689487814903259 0.007842481136322021 0.01334497332572937
0 0.17763468623161316 0.4790753722190857 0.01214134693145752 0.017763465642929077
0 0.07006701827049255 0.4939231276512146 0.02401358261704445 0.01085546612739563
0 0.10300926864147186 0.7520546317100525 0.20601853728294373 0.495890736579895
0 0.12960752844810486 0.4840545058250427 0.014802895486354828 0.012335747480392456
1 0.7734953165054321 0.5097128748893738 0.016042888164520264 0.07154729962348938
0 0.4637964963912964 0.7908973693847656 0.29901835322380066 0.41820526123046875
0 0.37434864044189453 0.500831127166748 0.06908014416694641 0.05674442648887634
0 0.2442478984594345 0.46777135133743286 0.011513203382492065 0.016036778688430786
0 0.7000122666358948 0.4840545058250427 0.023026704788208008 0.015296310186386108
1 0.08390571177005768 0.4919493794441223 0.007951594889163971 0.012165576219558716
0 0.11393526196479797 0.4927600622177124 0.01609521359205246 0.024142861366271973
1 0.47783735394477844 0.4954034090042114 0.012763381004333496 0.03824082016944885
0 0.16283178329467773 0.4801070988178253 0.0250004380941391 0.02615177631378174
0 0.24827730655670166 0.467647910118103 0.011239275336265564 0.015419751405715942
0 0.11916591227054596 0.4924428164958954 0.01956743746995926 0.027632057666778564
1 0.7858690023422241 0.500831127166748 0.013487100601196289 0.04342183470726013
1 0.9106737375259399 0.5134629011154175 0.020197629928588867 0.08684363961219788
1 0.8625150918960571 0.5274763107299805 0.02368462085723877 0.06365245580673218
