1 0.5345488786697388 0.43717870116233826 0.007565915584564209 0.0212174654006958
0 0.318536639213562 0.43717870116233826 0.058553487062454224 0.04046112298965454
0 0.6596319675445557 0.5964323878288269 0.11603736877441406 0.13877594470977783
0 0.0768105536699295 0.5269829034805298 0.153621107339859 0.07598817348480225
0 0.6073670387268066 0.5691080093383789 0.05090242624282837 0.08412820100784302
0 0.1555948257446289 0.5131669044494629 0.13881823420524597 0.08437648415565491
0 0.49039119482040405 0.44472599029541016 0.11697077751159668 0.07247552275657654
0 0.3901383876800537 0.4954034090042114 0.07829084992408752 0.1075676679611206
0 0.5734744668006897 0.46629106998443604 0.06864118576049805 0.05756661295890808
0 0.8579009771347046 0.7544540166854858 0.28419798612594604 0.36809855699539185
0 0.254610538482666 0.4258681535720825 0.03271767497062683 0.03271794319152832
0 0.25296497344970703 0.488495409488678 0.12960752844810486 0.07154729962348938
0 0.6122415065765381 0.5802710056304932 0.052102506160736084 0.09878075122833252
0 0.7259995341300964 0.6454060077667236 0.16480553150177002 0.19441133737564087
0 0.11217301338911057 0.52303546667099 0.1746741086244583 0.0883239209651947
