0 0.6766566038131714 0.5259960293769836 0.017105519771575928 0.013322591781616211
0 0.4302706718444824 0.5412923693656921 0.02072402834892273 0.021710872650146484
0 0.4713898301124573 0.5363580584526062 0.020724058151245117 0.013322591781616211
0 0.8049482703208923 0.5412923693656921 0.004276394844055176 0.025658369064331055
1 0.7580734491348267 0.5111927390098572 0.0062500834465026855 0.010362029075622559
0 0.3829014301300049 0.5580689907073975 0.03914541006088257 0.046382367610931396
0 0.41448092460632324 0.5383317470550537 0.008881717920303345 0.011348903179168701
0 0.5092194080352783 0.5333974957466125 0.008881747722625732 0.012335777282714844
0 0.4194152355194092 0.5269829034805298 0.013158142566680908 0.013322591781616211
0 0.46053439378738403 0.5333974957466125 0.01085546612739563 0.009375214576721191
0 0.48586344718933105 0.6055802702903748 0.11635681986808777 0.1509913206100464
0 0.5477069616317749 0.5393186807632446 0.04671132564544678 0.024671494960784912
0 0.9608720541000366 0.5126734375953674 0.03355318307876587 0.025658339262008667
0 0.6947489976882935 0.5230355262756348 0.018421411514282227 0.019737184047698975
0 0.5907998085021973 0.5304369330406189 0.013815999031066895 0.013322591781616211
0 0.6591123938560486 0.5236934423446655 0.015351176261901855 0.018585920333862305
1 0.6292890310287476 0.5654704570770264 0.022369086742401123 0.056744396686553955
0 0.7934349179267883 0.536358118057251 0.020724058151245117 0.024671494960784912
0 0.9457402229309082 0.5363580584526062 0.04868507385253906 0.038980960845947266
0 0.986768364906311 0.5126734375953674 0.026463210582733154 0.018750309944152832
0 0.47204774618148804 0.5279697179794312 0.008881717920303345 0.003947436809539795
0 0.4901401400566101 0.536358118057251 0.012500196695327759 0.011348903179168701
0 0.4516526460647583 0.5393186807632446 0.02335566282272339 0.012335717678070068
0 0.43158650398254395 0.5620164275169373 0.030263692140579224 0.03996777534484863
0 0.30691325664520264 0.5363580584526062 0.029605776071548462 0.015296339988708496
0 0.8029745817184448 0.542772650718689 0.00822383165359497 0.02368462085723877
