0 0.09835698455572128 0.48701509833335876 0.04309286177158356 0.022204339504241943
0 0.925740122795105 0.5807667374610901 0.14851969480514526 0.14149105548858643
0 0.22730660438537598 0.500831127166748 0.03125055134296417 0.03305980563163757
0 0.18224003911018372 0.48553481698036194 0.01674918830394745 0.009827494621276855
0 0.14975591003894806 0.6083987951278687 0.2995118200778961 0.14901578426361084
1 0.7789610028266907 0.5200749039649963 0.023026704788208008 0.09276476502418518
0 0.30178457498550415 0.4978705644607544 0.01756909489631653 0.024671465158462524
0 0.2134905755519867 0.488495409488678 0.012829169631004333 0.013816028833389282
0 0.292439341545105 0.49511557817459106 0.017818301916122437 0.023876547813415527
0 0.1534874141216278 0.4825742244720459 0.010197535157203674 0.006908029317855835
0 0.3199443221092224 0.4995414614677429 0.028491824865341187 0.03688010573387146
0 0.17763468623161316 0.5047785639762878 0.014802902936935425 0.03454005718231201
0 0.16085806488990784 0.5047785639762878 0.034869030117988586 0.045395493507385254
0 0.02936994843184948 0.4930087924003601 0.05873989686369896 0.03510603308677673
0 0.27796539664268494 0.49096256494522095 0.011184394359588623 0.017763465642929077
0 0.39559516310691833 0.4939231276512146 0.04882049560546875 0.035614013671875
0 0.2115168571472168 0.4954034090042114 0.0055921971797943115 0.019243746995925903
1 0.649024486541748 0.7603751420974731 0.08552783727645874 0.4421130418777466
0 0.2563512325286865 0.48553481698036194 0.017811834812164307 0.010855436325073242
0 0.42648762464523315 0.5290800929069519 0.08067569136619568 0.09153127670288086
0 0.20987209677696228 0.49519193172454834 0.0055921971797943115 0.019243746995925903
0 0.28520235419273376 0.4939231276512146 0.007236957550048828 0.019243746995925903
0 0.11398226022720337 0.4966369867324829 0.04035159945487976 0.01801016926765442
0 0.3634932041168213 0.49639028310775757 0.02512490749359131 0.027912139892578125
0 0.09835697710514069 0.537838339805603 0.13980507850646973 0.08289620280265808
0 0.07730398327112198 0.5171142816543579 0.06250110268592834 0.04687580466270447
0 0.20066140592098236 0.4939231276512146 0.02105298638343811 0.02615177631378174
0 0.19506919384002686 0.4993508458137512 0.018421366810798645 0.02615177631378174
0 0.22072753310203552 0.48467129468917847 0.00402967631816864 0.005427747964859009
0 0.1325681060552597 0.4840545058250427 0.025658339262008667 0.013816028833389282
0 0.3554515838623047 0.4924428462982178 0.01597192883491516 0.020724058151245117
0 0.1480289101600647 0.5146471858024597 0.038487508893013 0.049836426973342896
0 0.38122379779815674 0.5259466767311096 0.038487523794174194 0.06463930010795593
0 0.3329005837440491 0.5077391862869263 0.033792465925216675 0.036872684955596924
0 0.20008903741836548 0.4978705644607544 0.007236972451210022 0.022204309701919556
0 0.18585851788520813 0.500831127166748 0.017434507608413696 0.0289478600025177
0 0.9889066219329834 0.5124267339706421 0.02218681573867798 0.015296339988708496
