0 0.4496789276599884 0.5247131586074829 0.00789487361907959 0.00789487361907959
0 0.46612656116485596 0.5388252139091492 0.02631625533103943 0.02294445037841797
0 0.31020280718803406 0.5437594652175903 0.02401357889175415 0.030099213123321533
0 0.26264557242393494 0.5348777770996094 0.013346076011657715 0.011842310428619385
0 0.34869033098220825 0.5388252139091492 0.01315811276435852 0.024178028106689453
0 0.280925989151001 0.5447463989257812 0.031250566244125366 0.03355318307876587
1 0.49902188777923584 0.5649769902229309 0.030263662338256836 0.07598817348480225
0 0.4710608720779419 0.5294501781463623 0.011184334754943848 0.008881866931915283
0 0.10123532265424728 0.633563756942749 0.20247064530849457 0.14260119199752808
0 0.3246767222881317 0.5407989025115967 0.01644766330718994 0.02491813898086548
0 0.02269776538014412 0.5546150207519531 0.014473937451839447 0.011842310428619385
0 0.11973893642425537 0.5757312178611755 0.06380003690719604 0.05765533447265625
0 0.06118528172373772 0.5926090478897095 0.0717775896191597 0.05891549587249756
0 0.30658429861068726 0.6197476387023926 0.20625361800193787 0.14260119199752808
0 0.05891251564025879 0.5522375106811523 0.01611870527267456 0.011842310428619385
0 0.08806465566158295 0.5615229606628418 0.014050193130970001 0.011842310428619385
0 0.004111913964152336 0.5619670152664185 0.008223827928304672 0.011842310428619385
0 0.15822646021842957 0.5615229606628418 0.019408240914344788 0.020724058151245117
0 0.26020193099975586 0.5477069616317749 0.025329381227493286 0.012829184532165527
0 0.3358611464500427 0.5388252139091492 0.01933172345161438 0.02516496181488037
0 0.19441130757331848 0.5689244270324707 0.04736925661563873 0.04095470905303955
0 0.23553043603897095 0.5521478652954102 0.04046124219894409 0.031579554080963135
0 0.03016694262623787 0.5545569062232971 0.006579061970114708 0.00789487361907959
0 0.47027140855789185 0.5259960293769836 0.007598787546157837 0.005427718162536621
0 0.26283353567123413 0.5388252139091492 0.008552759885787964 0.009868621826171875
0 0.4457314610481262 0.542772650718689 0.022697776556015015 0.02615177631378174
