1 0.056250981986522675 0.5275466442108154 0.012829169631004333 0.05166882276535034
1 0.9731091260910034 0.4678700268268585 0.01467132568359375 0.03079003095626831
1 0.5490229725837708 0.48816657066345215 0.012390613555908203 0.03634962439537048
2 0.33413463830947876 0.5282164812088013 0.04046124219894409 0.06069186329841614
0 0.6276425719261169 0.6300110220909119 0.45638954639434814 0.25944530963897705
0 0.8950814604759216 0.48577165603637695 0.0424349308013916 0.03996780514717102
1 0.4171951115131378 0.4987337589263916 0.01011514663696289 0.02541103959083557
0 0.9872617721557617 0.4939231276512146 0.025476396083831787 0.048356086015701294
1 0.9707406759262085 0.46629106998443604 0.012171268463134766 0.023684650659561157
1 0.41217827796936035 0.5289566516876221 0.02401357889175415 0.08437648415565491
1 0.9167923927307129 0.47961366176605225 0.00822383165359497 0.028125494718551636
1 0.6733670234680176 0.480600506067276 0.010526478290557861 0.02368462085723877
0 0.6358664035797119 0.497870534658432 0.1131598949432373 0.056744396686553955
1 0.2904655933380127 0.5166208744049072 0.015789777040481567 0.05625101923942566
0 0.983569860458374 0.47171878814697266 0.03223741054534912 0.036020368337631226
1 0.6913824081420898 0.48692792654037476 0.008881747722625732 0.03207269310951233
2 0.7013282179832458 0.4937586486339569 0.018750309944152832 0.028125464916229248
1 0.06381690502166748 0.5121800303459167 0.005263250321149826 0.00789487361907959
0 0.4618501663208008 0.5240223407745361 0.0809224545955658 0.048356086015701294
0 0.35888785123825073 0.5294911861419678 0.08914628624916077 0.0537838339805603
1 0.9677801132202148 0.5146471261978149 0.02171093225479126 0.08783048391342163
1 0.906923770904541 0.5190880298614502 0.021710872650146484 0.07746848464012146
1 0.8618571758270264 0.5131669044494629 0.02927684783935547 0.08783048391342163
0 0.16020016372203827 0.6065720319747925 0.2624976336956024 0.300782173871994
1 0.34463322162628174 0.5036272406578064 0.01282915472984314 0.02516496181488037
1 0.6727091073989868 0.48306766152381897 0.012829124927520752 0.02368462085723877
1 0.38750678300857544 0.4954034090042114 0.006907999515533447 0.022697776556015015
0 0.6221566200256348 0.6333208084106445 0.44704732298851013 0.2842154800891876
0 0.8556070923805237 0.48010706901550293 0.0424349308013916 0.05674442648887634
2 0.8806074857711792 0.48750853538513184 0.020395100116729736 0.04736924171447754
1 0.34540078043937683 0.49885740876197815 0.006907999515533447 0.022697746753692627
1 0.38355934619903564 0.4980352818965912 0.012829184532165527 0.020394742488861084
1 0.024718474596738815 0.527664303779602 0.012829171493649483 0.03752416372299194
1 0.46250808238983154 0.4954034090042114 0.01282915472984314 0.022697776556015015
1 0.5046141147613525 0.5166208744049072 0.015131860971450806 0.05279695987701416
1 0.5315882563591003 0.48750853538513184 0.012829184532165527 0.02368462085723877
1 0.06251835823059082 0.5162054300308228 0.00460534542798996 0.00789487361907959
0 0.9878374934196472 0.49639028310775757 0.024325013160705566 0.04292836785316467
1 0.9595562219619751 0.47171878814697266 0.00822383165359497 0.03700721263885498
0 0.020806284621357918 0.5753390192985535 0.041612569242715836 0.08980417251586914
