1 0.7460656762123108 0.4954034090042114 0.012829184532165527 0.019243746995925903
0 0.35494041442871094 0.6315900087356567 0.17631888389587402 0.18898355960845947
0 0.5756726264953613 0.4891539216041565 0.00822383165359497 0.010197430849075317
0 0.6299452185630798 0.48898881673812866 0.017105579376220703 0.024178028106689453
1 0.2174380123615265 0.5195814371109009 0.020395100116729736 0.07401448488235474
1 0.6447481513023376 0.48158738017082214 0.004276394844055176 0.01924377679824829
0 0.4128361940383911 0.4978705644607544 0.038816481828689575 0.03700724244117737
1 0.8079088926315308 0.5146471261978149 0.020395100116729736 0.05082327127456665
1 0.4171125590801239 0.4766530990600586 0.006907999515533447 0.008881717920303345
1 0.7723819017410278 0.4904690980911255 0.014473974704742432 0.04342183470726013
0 0.5786285400390625 0.4820808172225952 0.043750762939453125 0.02417805790901184
0 0.11184406280517578 0.5802732706069946 0.184871643781662 0.11102169752120972
0 0.6052737236022949 0.48553478717803955 0.00822383165359497 0.012335747480392456
0 0.5766547918319702 0.4899756908416748 0.00822383165359497 0.009868592023849487
0 0.7769873142242432 0.6113593578338623 0.1536211371421814 0.15493696928024292
1 0.7358680963516235 0.49688369035720825 0.007565915584564209 0.026645183563232422
1 0.3322426676750183 0.508232593536377 0.01611870527267456 0.06365242600440979
0 0.4325733482837677 0.4771465063095093 0.020395100116729736 0.010855436325073242
0 0.3861909508705139 0.5146471261978149 0.05789574980735779 0.04835611581802368
1 0.5157985091209412 0.4865216612815857 0.01019752025604248 0.021710902452468872
1 0.8283039331436157 0.5171143412590027 0.024671494960784912 0.08684363961219788
0 0.44869208335876465 0.48898881673812866 0.0190792977809906 0.019737184047698975
0 0.6697485446929932 0.47763994336128235 0.004605352878570557 0.006907999515533447
1 0.7845547795295715 0.5102065801620483 0.02039504051208496 0.05625098943710327
1 0.6940910816192627 0.49293625354766846 0.01019752025604248 0.04194152355194092
0 0.49342966079711914 0.4899756908416748 0.015789717435836792 0.02368462085723877
0 0.4631659984588623 0.4993508458137512 0.05789574980735779 0.041448116302490234
1 0.6398137807846069 0.49293625354766846 0.007565915584564209 0.019243746995925903
0 0.5838918089866638 0.4899756908416748 0.006579041481018066 0.005427747964859009
0 0.5286276936531067 0.4801070988178253 0.04440867900848389 0.02615177631378174
0 0.889644980430603 0.7110321521759033 0.22071003913879395 0.256089985370636
1 0.7102097868919373 0.5950762033462524 0.053619384765625 0.14802885055541992
0 0.44309985637664795 0.5630033016204834 0.08256721496582031 0.10658079385757446
0 0.49902188777923584 0.4904690980911255 0.016118735074996948 0.024178028106689453
0 0.4417840242385864 0.48158738017082214 0.04144808650016785 0.02368462085723877
0 0.5842185020446777 0.4907979369163513 0.006579041481018066 0.005427718162536621
1 0.14704205095767975 0.505765438079834 0.02631625533103943 0.048356086015701294
0 0.1018109917640686 0.8032125234603882 0.2036219835281372 0.39357489347457886
0 0.6177739500999451 0.48504137992858887 0.008552789688110352 0.011348903179168701
1 0.6848803758621216 0.5097128748893738 0.014473974704742432 0.056250959634780884
0 0.5588913559913635 0.488495409488678 0.007236957550048828 0.009868592023849487
1 0.4707319140434265 0.4766530692577362 0.002631634473800659 0.003947436809539795
0 0.972705602645874 0.8819146156311035 0.05458873510360718 0.23617082834243774
