0 0.827646017074585 0.5279697179794312 0.05065876245498657 0.033059775829315186
0 0.4516526162624359 0.5232821702957153 0.019737184047698975 0.018750309944152832
0 0.8034131526947021 0.5130023956298828 0.01535111665725708 0.006250143051147461
1 0.004993094597011805 0.603746771812439 0.00998618919402361 0.02784419059753418
0 0.0345400795340538 0.5768193006515503 0.0690801590681076 0.050823211669921875
0 0.7559342980384827 0.5250092148780823 0.022697806358337402 0.03223741054534912
1 0.004640575964003801 0.5790751576423645 0.009281151928007603 0.07049047946929932
0 0.7281925678253174 0.5080680847167969 0.12368637323379517 0.046875834465026855
0 0.8822522759437561 0.533890962600708 0.07039594650268555 0.040954649448394775
0 0.7743556499481201 0.5329040288925171 0.046053409576416016 0.04391521215438843
0 0.41250720620155334 0.5447463989257812 0.03980332612991333 0.047862708568573
1 0.263327032327652 0.7226274609565735 0.08750152587890625 0.3170281648635864
0 0.3462466597557068 0.5471900105476379 0.03955268859863281 0.0500713586807251
0 0.9192923307418823 0.5063575506210327 0.08361989259719849 0.05931022763252258
0 0.2993473410606384 0.5329040288925171 0.05065876245498657 0.018750369548797607
0 0.6707354187965393 0.5195814371109009 0.0480271577835083 0.02713865041732788
0 0.3000052571296692 0.5565887093544006 0.05789574980735779 0.06266558170318604
0 0.3854043483734131 0.5364223718643188 0.028475910425186157 0.03799408674240112
0 0.069491446018219 0.6273137331008911 0.138982892036438 0.14161455631256104
0 0.799027144908905 0.5106997489929199 0.009210705757141113 0.0098685622215271
0 0.9808472394943237 0.5092194676399231 0.038305580615997314 0.029605776071548462
0 0.20418593287467957 0.5457332134246826 0.10705070197582245 0.0544886589050293
0 0.7821407318115234 0.5434305667877197 0.05153590440750122 0.048849523067474365
0 0.5457332134246826 0.5166208744049072 0.012500226497650146 0.012829184532165527
0 0.3115186095237732 0.5250091552734375 0.05526411533355713 0.016776621341705322
0 0.35658520460128784 0.5329040288925171 0.032566338777542114 0.029112398624420166
0 0.4684292674064636 0.5250091552734375 0.012500196695327759 0.012829124927520752
