0 0.29539990425109863 0.5447463989257812 0.03388217091560364 0.03996783494949341
0 0.010115308687090874 0.6074119806289673 0.020230617374181747 0.11990338563919067
0 0.953964114189148 0.5047785639762878 0.011184394359588623 0.010855436325073242
0 0.4829031825065613 0.500831127166748 0.012500226497650146 0.018750309944152832
0 0.6167870759963989 0.500831127166748 0.013158142566680908 0.0049343109130859375
0 0.5296145081520081 0.5575755834579468 0.05526411533355713 0.05871814489364624
0 0.5256670713424683 0.520568311214447 0.026645243167877197 0.03207290172576904
0 0.5907998085021973 0.5106997489929199 0.011184453964233398 0.012829184532165527
0 0.9135028123855591 0.5028048753738403 0.025329411029815674 0.014802873134613037
0 0.5171142816543579 0.500831127166748 0.011184394359588623 0.01578974723815918
0 0.9227135181427002 0.5018180012702942 0.02401357889175415 0.009868621826171875
0 0.7552763819694519 0.5047785639762878 0.013158082962036133 0.00789487361907959
0 0.426652193069458 0.5116865634918213 0.003947436809539795 0.00789487361907959
0 0.25099122524261475 0.5176077485084534 0.0460534393787384 0.05970501899719238
0 0.41777047514915466 0.5067522525787354 0.011184394359588623 0.011842310428619385
0 0.32007139921188354 0.5516543984413147 0.041119128465652466 0.04884958267211914
0 0.3532956838607788 0.5087260007858276 0.009868592023849487 0.005921125411987305
0 0.7756714820861816 0.5028048753738403 0.02335566282272339 0.011842310428619385
0 0.3761815130710602 0.5052015781402588 0.0219457745552063 0.01705855131149292
0 0.637511134147644 0.500337541103363 0.004605531692504883 0.0029605627059936523
0 0.3753355145454407 0.5329040288925171 0.029934734106063843 0.03898090124130249
0 0.7819216251373291 0.5067522525787354 0.013158142566680908 0.0098685622215271
0 0.20888522267341614 0.5259960293769836 0.05723784863948822 0.04983639717102051
0 0.38915154337882996 0.520568311214447 0.03125053644180298 0.03404664993286133
0 0.5302724242210388 0.5037916898727417 0.009210705757141113 0.009868592023849487
0 0.49507445096969604 0.5126734972000122 0.02138197422027588 0.025164902210235596
0 0.5490227937698364 0.5106997489929199 0.011184394359588623 0.01578974723815918
0 0.4365208148956299 0.5122785568237305 0.012237101793289185 0.01519775390625
0 0.6240240335464478 0.500831127166748 0.010526478290557861 0.003947466611862183
0 0.4210599958896637 0.5195814371109009 0.011184394359588623 0.01578974723815918
0 0.8217248916625977 0.5028048753738403 0.025329411029815674 0.01085546612739563
0 0.4059281647205353 0.5205683708190918 0.00789487361907959 0.014802873134613037
