0 0.3845462203025818 0.5309303402900696 0.01940825581550598 0.03996777534484863
0 0.1940823346376419 0.5891550779342651 0.1500026285648346 0.13816028833389282
0 0.2440832257270813 0.6592220664024353 0.19835872948169708 0.22056305408477783
0 0.3973753750324249 0.5240223407745361 0.019408226013183594 0.024671494960784912
0 0.4131651222705841 0.5171142816543579 0.00822383165359497 0.0098685622215271
0 0.4072442650794983 0.5181016325950623 0.012500077486038208 0.011349081993103027
0 0.3092159330844879 0.5630033016204834 0.035855889320373535 0.056744396686553955
0 0.5566694140434265 0.5151405930519104 0.028618931770324707 0.03996777534484863
0 0.48750853538513184 0.5171142816543579 0.013158023357391357 0.01611846685409546
0 0.5440884828567505 0.5151405930519104 0.008552789688110352 0.0212174654006958
0 0.3358611464500427 0.5501741170883179 0.044079720973968506 0.05082327127456665
0 0.5442527532577515 0.5171138048171997 0.004769623279571533 0.028372466564178467
0 0.35642045736312866 0.5440065860748291 0.03733593225479126 0.046876609325408936
0 0.5601880550384521 0.5250091552734375 0.013158142566680908 0.0325663685798645
0 0.4778375029563904 0.5210617780685425 0.00296059250831604 0.0044408440589904785
0 0.542060911655426 0.515261709690094 0.009539604187011719 0.028618931770324707
0 0.5141537189483643 0.5077391266822815 0.035855889320373535 0.029112309217453003
0 0.36809855699539185 0.5353711843490601 0.03486904501914978 0.04539555311203003
0 0.4167836308479309 0.5536280870437622 0.056908875703811646 0.06809329986572266
0 0.5375093817710876 0.5990236401557922 0.13388392329216003 0.07845532894134521
0 0.46645551919937134 0.5166208744049072 0.0190792977809906 0.027138590812683105
0 0.5567532777786255 0.8154247999191284 0.3057618737220764 0.3691503405570984
0 0.5279697775840759 0.5496806502342224 0.08158040046691895 0.03404664993286133
0 0.5161274671554565 0.5146471858024597 0.03782963752746582 0.020724058151245117
0 0.2667810022830963 0.5309303402900696 0.06743539869785309 0.061185240745544434
0 0.45930081605911255 0.5052719712257385 0.01883256435394287 0.01356932520866394
0 0.5750977993011475 0.5292156934738159 0.036184847354888916 0.04414963722229004
0 0.508232593536377 0.5496807098388672 0.049342989921569824 0.06118530035018921
0 0.4204021096229553 0.5171142816543579 0.010197550058364868 0.010855495929718018
0 0.5917866826057434 0.5432907342910767 0.04638242721557617 0.051316678524017334
0 0.4512413740158081 0.5290800333023071 0.03396448493003845 0.03848761320114136
