0 0.5756679773330688 0.5990236401557922 0.04506659507751465 0.05131673812866211
0 0.39671745896339417 0.5753390192985535 0.020395100116729736 0.03305983543395996
0 0.15904894471168518 0.6584820747375488 0.13273252546787262 0.13223904371261597
0 0.630932092666626 0.6241885423660278 0.08026456832885742 0.08733707666397095
0 0.36612480878829956 0.6182674169540405 0.08585676550865173 0.09967279434204102
0 0.31447917222976685 0.6074119806289673 0.029605776071548462 0.051316678524017334
0 0.3829014301300049 0.579779863357544 0.033224254846572876 0.038980960845947266
0 0.2536228597164154 0.6266556978225708 0.07565921545028687 0.07450789213180542
0 0.799685001373291 0.7001767158508301 0.26842576265335083 0.2516491413116455
0 0.5526412725448608 0.5837273597717285 0.02960580587387085 0.03996783494949341
0 0.4207310378551483 0.5713915824890137 0.03125053644180298 0.03157949447631836
1 0.32796627283096313 0.5782995820045471 0.006908029317855835 0.028125524520874023
0 0.2898077070713043 0.6128396987915039 0.04440867900848389 0.06365245580673218
0 0.5266539454460144 0.5713915824890137 0.023026704788208008 0.027632057666778564
1 0.08585676550865173 0.6330702900886536 0.024671480059623718 0.09819245338439941
