0 0.06546160578727722 0.4932323694229126 0.0449349507689476 0.026546508073806763
0 0.02787877805531025 0.5669506788253784 0.0557575561106205 0.10362023115158081
0 0.22631976008415222 0.4939231276512146 0.0230267196893692 0.013816028833389282
0 0.15304534137248993 0.49170273542404175 0.017187803983688354 0.009868592023849487
0 0.2723731994628906 0.5047785639762878 0.01578974723815918 0.02368462085723877
0 0.18618780374526978 0.49846261739730835 0.013816028833389282 0.019243746995925903
0 0.20888523757457733 0.4924428462982178 0.017434507608413696 0.013816028833389282
0 0.2644781768321991 0.500831127166748 0.01842135190963745 0.024178028106689453
0 0.1205281987786293 0.4867190718650818 0.011710748076438904 0.006907999515533447
0 0.29171597957611084 0.5059626698493958 0.029868990182876587 0.03641507029533386
0 0.14572608470916748 0.5116865634918213 0.016118720173835754 0.03454011678695679
0 0.12796276807785034 0.5116865634918213 0.035855889320373535 0.04835611581802368
0 0.010608738288283348 0.49639028310775757 0.021217476576566696 0.026151806116104126
0 0.25016874074935913 0.49639028310775757 0.01151333749294281 0.016036421060562134
0 0.36809879541397095 0.4993508458137512 0.04967191815376282 0.03305980563163757
0 0.18306231498718262 0.5004611015319824 0.005592212080955505 0.019243746995925903
0 0.2284252643585205 0.48948222398757935 0.009474009275436401 0.006710797548294067
1 0.24079369008541107 0.49491000175476074 0.007565915584564209 0.015789777040481567
1 0.7102113366127014 0.7808850407600403 0.11546409130096436 0.43822991847991943
0 0.3968822956085205 0.5370981693267822 0.08404746651649475 0.09301143884658813
0 0.18037600815296173 0.5013245344161987 0.007017672061920166 0.02072402834892273
0 0.2582281529903412 0.49994295835494995 0.00822383165359497 0.02072402834892273
0 0.08267693221569061 0.5279697775840759 0.043531451374292374 0.06381690502166748
1 0.09473849833011627 0.49490994215011597 0.00921069085597992 0.01282915472984314
0 0.3358614444732666 0.5028048157691956 0.023026734590530396 0.027632027864456177
0 0.049671921879053116 0.5393186807632446 0.06611957401037216 0.07154732942581177
0 0.17116530239582062 0.5018180012702942 0.019737184047698975 0.026151806116104126
0 0.1643669605255127 0.5062588453292847 0.016776591539382935 0.025164932012557983
0 0.1940823495388031 0.49639028310775757 0.007236972451210022 0.016776591539382935
0 0.10548434406518936 0.4919493794441223 0.01600906252861023 0.013816028833389282
0 0.32763731479644775 0.500831127166748 0.01644766330718994 0.02220436930656433
0 0.1075676679611206 0.5240223407745361 0.030263684689998627 0.053783804178237915
0 0.3513219356536865 0.5324106216430664 0.03782960772514343 0.06611955165863037
0 0.3036237359046936 0.5131669044494629 0.03388217091560364 0.03700724244117737
0 0.17006877064704895 0.5047785639762878 0.00822383165359497 0.02368462085723877
0 0.15515626966953278 0.508232593536377 0.017434507608413696 0.02911236882209778
0 0.9579026699066162 0.5480031371116638 0.08419471979141235 0.09513342380523682
