0 0.19388481974601746 0.5910300016403198 0.15098947286605835 0.1381603479385376
0 0.4555460810661316 0.5248445272445679 0.029002338647842407 0.03651314973831177
0 0.4148098826408386 0.5284631848335266 0.012829184532165527 0.02911233901977539
0 0.41020452976226807 0.5299434661865234 0.009210675954818726 0.030592620372772217
0 0.307242214679718 0.5654704570770264 0.03947436809539795 0.062172114849090576
0 0.5572077035903931 0.5151405930519104 0.028618931770324707 0.03996777534484863
0 0.4838900566101074 0.5171142816543579 0.010675102472305298 0.01333850622177124
0 0.5435891151428223 0.5151405930519104 0.008552789688110352 0.0212174654006958
0 0.32763731479644775 0.5422792434692383 0.026645183563232422 0.03700721263885498
0 0.5440884828567505 0.5166208744049072 0.004605352878570557 0.024178028106689453
0 0.5596131086349487 0.5250091552734375 0.013158142566680908 0.0325663685798645
0 0.5417020320892334 0.5160691142082214 0.009539663791656494 0.028618931770324707
0 0.48401302099227905 0.5356801748275757 0.004852503538131714 0.02781832218170166
0 0.5048356652259827 0.5326522588729858 0.046644121408462524 0.0781129002571106
0 0.37040120363235474 0.5679375529289246 0.09671220183372498 0.12533116340637207
0 0.4710608720779419 0.518101155757904 0.014144986867904663 0.028618931770324707
0 0.537022054195404 0.6019842028617859 0.1404629647731781 0.0797041654586792
0 0.5581413507461548 0.8186556100845337 0.30592644214630127 0.36268872022628784
0 0.5279697775840759 0.5608137249946594 0.08750152587890625 0.0439152717590332
0 0.518210768699646 0.5269829034805298 0.05636057257652283 0.027632057666778564
0 0.26707708835601807 0.5620163679122925 0.06896494328975677 0.11398226022720337
0 0.576413631439209 0.5284755229949951 0.036184847354888916 0.04488980770111084
0 0.5140098929405212 0.5540903806686401 0.06749677658081055 0.05609607696533203
0 0.47737830877304077 0.52303546667099 0.0055921971797943115 0.004250288009643555
0 0.42237579822540283 0.5255025625228882 0.01282915472984314 0.027632057666778564
0 0.5917866826057434 0.5418105125427246 0.04638242721557617 0.051316678524017334
