1 0.23783311247825623 0.5190880298614502 0.00822383165359497 0.03602039813995361
1 0.015131843276321888 0.542772650718689 0.01578974910080433 0.01578974723815918
1 0.26283353567123413 0.5131669044494629 0.00822383165359497 0.01924377679824829
1 0.5861944556236267 0.49293625354766846 0.003618478775024414 0.019243746995925903
0 0.3092159628868103 0.5546149611473083 0.07006701827049255 0.06463932991027832
0 0.8371857404708862 0.7243547439575195 0.3128344416618347 0.3419467806816101
0 0.4342181086540222 0.5185946226119995 0.01118442416191101 0.020724058151245117
0 0.1710556149482727 0.5531346797943115 0.060856327414512634 0.03602039813995361
1 0.2536228597164154 0.5146471261978149 0.008881747722625732 0.01924377679824829
0 0.8289618492126465 0.47171878814697266 0.01940828561782837 0.027632057666778564
1 0.8408042192459106 0.5200749039649963 0.032237350940704346 0.0922713577747345
1 0.17730572819709778 0.5166208744049072 0.010526493191719055 0.01578974723815918
1 0.6838935613632202 0.4727056622505188 0.004605352878570557 0.011348873376846313
0 0.03388217091560364 0.537838339805603 0.024013577029109 0.024671494960784912
1 0.6072474718093872 0.48750853538513184 0.012171268463134766 0.032566338777542114
1 0.001973718637600541 0.5482003688812256 0.003947437275201082 0.012335717678070068
1 0.6983674764633179 0.4751727879047394 0.00822383165359497 0.01924377679824829
0 0.2595440149307251 0.5462266802787781 0.051645636558532715 0.046875834465026855
1 0.03388217091560364 0.5358646512031555 0.010526498779654503 0.028125524520874023
1 0.4039544463157654 0.5042851567268372 0.00822383165359497 0.019243746995925903
0 0.15411454439163208 0.7551031112670898 0.30822908878326416 0.48979371786117554
0 0.4286259114742279 0.5131669044494629 0.02401357889175415 0.024671494960784912
0 0.3513219356536865 0.605438232421875 0.14539730548858643 0.1667792797088623
1 0.4016517698764801 0.500831127166748 0.00822383165359497 0.019243717193603516
0 0.511522114276886 0.602971076965332 0.18487167358398438 0.2881629467010498
0 0.3825724720954895 0.5161274671554565 0.027632057666778564 0.008388280868530273
1 0.36415112018585205 0.5146471261978149 0.010526508092880249 0.0325663685798645
0 0.4111914038658142 0.572378396987915 0.03782960772514343 0.07993561029434204
0 0.12960752844810486 0.5131668448448181 0.07631712406873703 0.0730275809764862
1 0.4384945034980774 0.4954034090042114 0.00822383165359497 0.01578974723815918
0 0.7664607763290405 0.47023850679397583 0.04506659507751465 0.04687580466270447
0 0.39112526178359985 0.5309303402900696 0.06809329986572266 0.03305983543395996
1 0.35658517479896545 0.5146471261978149 0.00822383165359497 0.03602033853530884
0 0.03495126962661743 0.602971076965332 0.06990253925323486 0.08536338806152344
0 0.19868768751621246 0.5338909029960632 0.05065879225730896 0.02368462085723877
0 0.05789574980735779 0.5353711843490601 0.0250004380941391 0.030592620372772217
0 0.009457401931285858 0.5353711843490601 0.018914803862571716 0.024671494960784912
1 0.19375339150428772 0.5116865634918213 0.00822383165359497 0.0169411301612854
1 0.07204073667526245 0.5358645915985107 0.012171268463134766 0.01924377679824829
1 0.25066226720809937 0.5166208744049072 0.010526508092880249 0.01825690269470215
0 0.4213889539241791 0.533890962600708 0.026645183563232422 0.03996783494949341
1 0.015131844207644463 0.5506675243377686 0.010526500642299652 0.00789487361907959
0 0.22730661928653717 0.5931024551391602 0.0865146815776825 0.08684366941452026
0 0.08750153332948685 0.5353711843490601 0.014802888035774231 0.03157949447631836
0 0.6287392377853394 0.5296146869659424 0.09473800659179688 0.06381696462631226
1 0.026974156498908997 0.542772650718689 0.012829171493649483 0.012335777282714844
