0 0.2963867783546448 0.4593830108642578 0.007236987352371216 0.004581838846206665
0 0.2944130301475525 0.45247501134872437 0.008119970560073853 0.01085546612739563
1 0.6033000349998474 0.508232593536377 0.015131831169128418 0.04736927151679993
1 0.7072492241859436 0.5023114085197449 0.013487100601196289 0.04736924171447754
0 0.2421095073223114 0.46234363317489624 0.011184409260749817 0.015296310186386108
0 0.07927770167589188 0.503298282623291 0.03223741054534912 0.010855436325073242
1 0.4743503928184509 0.4954034090042114 0.007565945386886597 0.031085848808288574
1 0.20008572936058044 0.4648107588291168 0.004605337977409363 0.006907999515533447
0 0.1655779480934143 0.4851486384868622 0.026044487953186035 0.024671494960784912
0 0.19118401408195496 0.4771465063095093 0.007236972451210022 0.0163765549659729
0 0.09934384375810623 0.4978705644607544 0.0250004380941391 0.016776591539382935
0 0.056110069155693054 0.5023114085197449 0.030404601246118546 0.020512670278549194
0 0.2309250831604004 0.460863322019577 0.007236972451210022 0.010855436325073242
0 0.09892088174819946 0.4895527958869934 0.02861892431974411 0.015084892511367798
0 0.1361865997314453 0.4825742244720459 0.034869030117988586 0.02911236882209778
0 0.20691151916980743 0.49959874153137207 0.02697467803955078 0.02874457836151123
1 0.7624768018722534 0.5121800303459167 0.016995906829833984 0.06743541359901428
0 0.14177879691123962 0.5284631848335266 0.10296232253313065 0.07993564009666443
0 0.15855532884597778 0.49211427569389343 0.025658339262008667 0.017434895038604736
1 0.4820804297924042 0.4954034090042114 0.008881747722625732 0.03157949447631836
0 0.2782142460346222 0.4723055958747864 0.03646045923233032 0.03599366545677185
0 0.18340641260147095 0.4746793508529663 0.013995423913002014 0.022204339504241943
0 0.19224019348621368 0.4746793508529663 0.01203969120979309 0.017763465642929077
0 0.13980507850646973 0.4924428462982178 0.030263692140579224 0.01085546612739563
0 0.9200819134712219 0.500831127166748 0.12335741519927979 0.07598817348480225
0 0.1924375742673874 0.5116865634918213 0.027632057666778564 0.03700718283653259
0 0.20930078625679016 0.4783930778503418 0.01727868616580963 0.017763465642929077
1 0.086733877658844 0.48306766152381897 0.008881740272045135 0.02368462085723877
0 0.17919717729091644 0.4787008464336395 0.01180940866470337 0.02057594060897827
0 0.0690801590681076 0.4954034090042114 0.021053005009889603 0.010855436325073242
0 0.10452219843864441 0.7499738931655884 0.20904439687728882 0.500052273273468
1 0.7736977338790894 0.5084937810897827 0.01594454050064087 0.07253414392471313
0 0.4628370404243469 0.792040228843689 0.2996891736984253 0.41591954231262207
0 0.29342618584632874 0.4771465063095093 0.023026704788208008 0.030592620372772217
0 0.21809592843055725 0.4692516326904297 0.010197535157203674 0.01381605863571167
0 0.6973806619644165 0.4924428462982178 0.017434537410736084 0.02911236882209778
1 0.4421129822731018 0.5526412725448608 0.032895296812057495 0.08092242479324341
1 0.19737187027931213 0.6123462319374084 0.08618572354316711 0.20378649234771729
0 0.11217301338911057 0.488495409488678 0.012829169631004333 0.015296310186386108
0 0.25033333897590637 0.4440867304801941 0.007236972451210022 0.01085546612739563
1 0.46185019612312317 0.49096253514289856 0.01303166151046753 0.035792768001556396
0 0.16184493899345398 0.4771465063095093 0.017434507608413696 0.017763495445251465
0 0.9796223640441895 0.49639028310775757 0.01381605863571167 0.048356086015701294
0 0.11677835881710052 0.4840545058250427 0.013816028833389282 0.01085546612739563
0 0.2289513796567917 0.46629106998443604 0.011842310428619385 0.02072402834892273
0 0.33262449502944946 0.5195106267929077 0.14403390884399414 0.0774681568145752
1 0.9225974082946777 0.5172593593597412 0.022407472133636475 0.08684360980987549
1 0.798003613948822 0.5136603116989136 0.019408226013183594 0.06611958146095276
