1 0.8644229173660278 0.4992521405220032 0.022368788719177246 0.04934301972389221
1 0.9329110383987427 0.570898175239563 0.03223741054534912 0.12237054109573364
1 0.9862173795700073 0.6496988534927368 0.027565181255340576 0.24049782752990723
1 0.7639753818511963 0.6104273796081543 0.04097294807434082 0.2116813063621521
1 0.7825794816017151 0.537838339805603 0.018750309944152832 0.07401448488235474
1 0.8572983741760254 0.6196068525314331 0.039521753787994385 0.21591073274612427
1 0.8835680484771729 0.5437595248222351 0.028947889804840088 0.07253420352935791
0 0.9553810358047485 0.6000105142593384 0.08674246072769165 0.11698079109191895
0 0.4075729250907898 0.4963902533054352 0.010197550058364868 0.012335717678070068
0 0.38472920656204224 0.4904141426086426 0.013925641775131226 0.012938618659973145
0 0.39671748876571655 0.4978705644607544 0.017434507608413696 0.019243746995925903
0 0.9536679983139038 0.5027555227279663 0.059869468212127686 0.03454005718231201
0 0.13980507850646973 0.503298282623291 0.006579071283340454 0.009868621826171875
0 0.38059914112091064 0.502804696559906 0.02532932162284851 0.02644774317741394
0 0.36448007822036743 0.500831127166748 0.013816028833389282 0.019243717193603516
1 0.9108712077140808 0.5743521451950073 0.06217217445373535 0.11743628978729248
0 0.32204508781433105 0.5102062821388245 0.02927681803703308 0.03454005718231201
0 0.22401708364486694 0.5452398061752319 0.0921068787574768 0.08832395076751709
1 0.8776469230651855 0.5185946226119995 0.015131831169128418 0.03454011678695679
0 0.9414141178131104 0.5591261386871338 0.11717182397842407 0.09079080820083618
1 0.7901453971862793 0.540305495262146 0.004276394844055176 0.05230355262756348
0 0.02861892245709896 0.6182674169540405 0.05723784491419792 0.14654862880706787
0 0.9813406467437744 0.5106997489929199 0.03731870651245117 0.021464169025421143
0 0.9988573789596558 0.4881252646446228 0.002285182476043701 0.022204339504241943
0 0.7822505235671997 0.4993508458137512 0.018421411514282227 0.019243746995925903
0 0.3977043330669403 0.4899756908416748 0.011842310428619385 0.009868592023849487
0 0.12171265482902527 0.5161274671554565 0.03421112895011902 0.033059775829315186
0 0.04523105546832085 0.565963864326477 0.0904621109366417 0.09128451347351074
0 0.26283353567123413 0.500831127166748 0.020395100116729736 0.019243717193603516
0 0.9049500226974487 0.5106997489929199 0.07105392217636108 0.0345400869846344
0 0.8746863603591919 0.5037916898727417 0.01019752025604248 0.008388340473175049
0 0.16020017862319946 0.5338909029960632 0.08289618790149689 0.08684360980987549
0 0.9815961122512817 0.631096601486206 0.025000452995300293 0.07204073667526245
1 0.8138300180435181 0.6192542314529419 0.050000905990600586 0.2205631136894226
0 0.4055991768836975 0.4692516326904297 0.0055921971797943115 0.006907999515533447
0 0.19737187027931213 0.49688369035720825 0.021381959319114685 0.012335747480392456
1 0.8802785873413086 0.5097128748893738 0.018750369548797607 0.025658369064331055
0 0.4111914038658142 0.46333047747612 0.0026316046714782715 0.005427718162536621
1 0.8496859073638916 0.6128396987915039 0.03980332612991333 0.19243758916854858
0 0.5782191157341003 0.5441216230392456 0.3421112298965454 0.5338909029960632
1 0.8937656283378601 0.533890962600708 0.018750309944152832 0.03799408674240112
1 0.861528217792511 0.6370177268981934 0.060198426246643066 0.22154998779296875
0 0.23191195726394653 0.4993508458137512 0.02401357889175415 0.008388280868530273
0 0.41053348779678345 0.47171878814697266 0.004605323076248169 0.006908029317855835
0 0.24737274646759033 0.5030517578125 0.021381959319114685 0.01924416422843933
