0 0.591457724571228 0.5245157480239868 0.01743447780609131 0.04588896036148071
0 0.3569141626358032 0.5407989025115967 0.038816481828689575 0.051316678524017334
0 0.6319189667701721 0.5383317470550537 0.057237863540649414 0.06365245580673218
0 0.4825742244720459 0.48306766152381897 0.022039860486984253 0.030592620372772217
0 0.5669508576393127 0.508479118347168 0.007236957550048828 0.026891738176345825
0 0.44836312532424927 0.5047785639762878 0.015789777040481567 0.02220436930656433
0 0.40691500902175903 0.5536280870437622 0.07664608955383301 0.08980423212051392
1 0.48948225378990173 0.4919494092464447 0.004605352878570557 0.01578974723815918
0 0.47599518299102783 0.5146471261978149 0.03223741054534912 0.030592620372772217
0 0.5746811032295227 0.5106997489929199 0.009210705757141113 0.02911236882209778
0 0.4263232350349426 0.5092194676399231 0.02664521336555481 0.02911236882209778
0 0.508232593536377 0.4924428462982178 0.014802873134613037 0.012335747480392456
0 0.2858602702617645 0.565963864326477 0.07467235624790192 0.07056045532226562
0 0.4944165349006653 0.488495409488678 0.006579071283340454 0.009868592023849487
0 0.4637252986431122 0.4989067614078522 0.008815944194793701 0.01500028371810913
0 0.3746775984764099 0.5245157480239868 0.017434507608413696 0.02368462085723877
0 0.39309898018836975 0.5106997489929199 0.01578974723815918 0.006907999515533447
0 0.4436265826225281 0.5092194080352783 0.015789777040481567 0.027632057666778564
0 0.4723767042160034 0.4954034090042114 0.01118442416191101 0.012335777282714844
0 0.5829049348831177 0.5106997489929199 0.023026704788208008 0.04292839765548706
0 0.613004207611084 0.5257492065429688 0.051645517349243164 0.06093841791152954
0 0.4723767042160034 0.4924428462982178 0.01282915472984314 0.01085546612739563
0 0.5822470188140869 0.5176077485084534 0.009210705757141113 0.03454005718231201
0 0.45296844840049744 0.497870534658432 0.020395100116729736 0.033059775829315186
0 0.599681556224823 0.5161274671554565 0.03519797325134277 0.051316678524017334
0 0.5046141147613525 0.4840545356273651 0.014802873134613037 0.02368462085723877
0 0.46217912435531616 0.500831127166748 0.007236987352371216 0.016776591539382935
0 0.46217912435531616 0.4993508458137512 0.010197550058364868 0.019243746995925903
0 0.5138248205184937 0.4899756908416748 0.010197579860687256 0.012335747480392456
0 0.5345491766929626 0.4793667495250702 0.025000452995300293 0.05329030752182007
0 0.9842277765274048 0.5383318066596985 0.03125053644180298 0.05526411533355713
0 0.5562597513198853 0.4954034090042114 0.014802873134613037 0.016776591539382935
0 0.5598782300949097 0.500831127166748 0.01578974723815918 0.020724058151245117
0 0.6115238666534424 0.4899756908416748 0.01019752025604248 0.008388310670852661
0 0.5534638166427612 0.49392274022102356 0.015789806842803955 0.022204339504241943
0 0.5782995820045471 0.5077391266822815 0.02598726749420166 0.03898093104362488
0 0.32747358083724976 0.5536280870437622 0.04802688956260681 0.062172114849090576
0 0.41974419355392456 0.5047785639762878 0.014802873134613037 0.006908059120178223
1 0.5937603712081909 0.48750853538513184 0.004605352878570557 0.00789487361907959
