1 0.5485291481018066 0.42903777956962585 0.004605352878570557 0.01504981517791748
0 0.8059351444244385 0.637511134147644 0.35888785123825073 0.3848751485347748
0 0.5782991647720337 0.4736930727958679 0.02713853120803833 0.04292836785316467
0 0.4322444200515747 0.45642244815826416 0.02105298638343811 0.022204339504241943
0 0.5417858362197876 0.4495144486427307 0.014802873134613037 0.008388310670852661
0 0.5842207670211792 0.4771465063095093 0.01842135190963745 0.043915241956710815
0 0.5289566516876221 0.43175095319747925 0.012829124927520752 0.019243746995925903
1 0.07894875109195709 0.518101155757904 0.021710902452468872 0.10658082365989685
0 0.5437594652175903 0.45247501134872437 0.00822383165359497 0.005427747964859009
1 0.35230880975723267 0.46382391452789307 0.011513382196426392 0.025658339262008667
0 0.45263949036598206 0.46777135133743286 0.027632057666778564 0.0345400869846344
1 0.5659096240997314 0.4498424530029297 0.007237076759338379 0.007895022630691528
0 0.32204511761665344 0.5161274671554565 0.10296231508255005 0.05526414513587952
0 0.6549456715583801 0.503298282623291 0.028618931770324707 0.06463930010795593
1 0.980938196182251 0.5565886497497559 0.037829577922821045 0.20625358819961548
0 0.46382391452789307 0.4263232350349426 0.007236957550048828 0.01085546612739563
0 0.49310076236724854 0.4495144486427307 0.0460534393787384 0.07598817348480225
0 0.5381673574447632 0.4426064193248749 0.02401357889175415 0.022204339504241943
0 0.4552711248397827 0.43175095319747925 0.01578974723815918 0.017763465642929077
0 0.565799355506897 0.4731990694999695 0.01578974723815918 0.033059775829315186
1 0.3799411654472351 0.4719661474227905 0.017598837614059448 0.04613545536994934
0 0.36974331736564636 0.4554356038570404 0.01578974723815918 0.02911233901977539
0 0.47007399797439575 0.4287903904914856 0.0055921971797943115 0.008388310670852661
0 0.49310073256492615 0.46333047747612 0.04046124219894409 0.02911233901977539
0 0.4572448432445526 0.4287903904914856 0.011842310428619385 0.015296310186386108
0 0.31645292043685913 0.5847141742706299 0.13881821930408478 0.14358806610107422
0 0.3983622193336487 0.48010706901550293 0.03223738074302673 0.03700724244117737
0 0.49507445096969604 0.5047785639762878 0.05789574980735779 0.07056045532226562
0 0.5575755834579468 0.46234363317489624 0.03684276342391968 0.02911236882209778
0 0.6256688833236694 0.48701509833335876 0.05329042673110962 0.0675998330116272
0 0.5361936092376709 0.46777135133743286 0.03125053644180298 0.0345400869846344
0 0.44704729318618774 0.4426064193248749 0.021053016185760498 0.02368462085723877
0 0.4055992066860199 0.47171878814697266 0.03486901521682739 0.04144808650016785
0 0.45263952016830444 0.43717870116233826 0.01282915472984314 0.015296339988708496
0 0.20131930708885193 0.5630032420158386 0.1444104164838791 0.14901575446128845
0 0.1250021904706955 0.5146471858024597 0.17204248905181885 0.09671226143836975
0 0.6042869091033936 0.4786267876625061 0.04704028367996216 0.05921158194541931
0 0.3368479907512665 0.4924428462982178 0.051645636558532715 0.03157952427864075
0 0.4388234615325928 0.45247501134872437 0.01578974723815918 0.02072402834892273
