0 0.2305961400270462 0.5728718638420105 0.033224254846572876 0.08585679531097412
0 0.6292873620986938 0.5077391862869263 0.009210646152496338 0.010855495929718018
0 0.006743539124727249 0.5521478652954102 0.013487078249454498 0.030592620372772217
0 0.18355584144592285 0.5477069616317749 0.08947524428367615 0.03602039813995361
0 0.12269951403141022 0.5116865634918213 0.011842310428619385 0.012335717678070068
0 0.7434340715408325 0.5146471261978149 0.007236957550048828 0.008388340473175049
0 0.16414761543273926 0.6128396987915039 0.13289706408977509 0.11496907472610474
0 0.20099034905433655 0.565963864326477 0.042434945702552795 0.04292839765548706
0 0.4032965302467346 0.5106997489929199 0.020395100116729736 0.008388340473175049
0 0.4806005358695984 0.5062588453292847 0.025000423192977905 0.01381605863571167
0 0.12171265482902527 0.5560952425003052 0.029605776071548462 0.03602033853530884
0 0.026645202189683914 0.5491872429847717 0.035855889320373535 0.037500619888305664
0 0.08289618790149689 0.5536280870437622 0.03059263527393341 0.033059775829315186
0 0.2898077070713043 0.5782995820045471 0.0960543155670166 0.09671223163604736
0 0.2131616175174713 0.5521478652954102 0.0250004380941391 0.024671494960784912
0 0.12171265482902527 0.5536280870437622 0.065461665391922 0.046875834465026855
0 0.15033158659934998 0.5521478652954102 0.0230267196893692 0.01924377679824829
0 0.056250981986522675 0.5521478056907654 0.03519798442721367 0.03996777534484863
0 0.1384892761707306 0.5546149611473083 0.04901401698589325 0.03157949447631836
0 0.49079805612564087 0.5131669044494629 0.02138194441795349 0.012335717678070068
0 0.10789662599563599 0.5116865634918213 0.029605776071548462 0.01381605863571167
0 0.307242214679718 0.5950762033462524 0.06085634231567383 0.08980417251586914
0 0.6236951351165771 0.5106997489929199 0.018421411514282227 0.010855495929718018
0 0.39128378033638 0.5997636318206787 0.1498371958732605 0.11842268705368042
0 0.7546184659004211 0.4993508458137512 0.01644766330718994 0.009868621826171875
0 0.34309810400009155 0.5023114681243896 0.04440867900848389 0.022204339504241943
0 0.360861599445343 0.5106997489929199 0.025000423192977905 0.0098685622215271
0 0.3962175250053406 0.509219765663147 0.028125375509262085 0.010855436325073242
0 0.14572623372077942 0.5546150207519531 0.03519797325134277 0.033059775829315186
0 0.08750152587890625 0.5116865634918213 0.03322426229715347 0.01529628038406372
