0 0.4496789276599884 0.5243183970451355 0.00789487361907959 0.00789487361907959
0 0.4814777374267578 0.5381672978401184 0.03958401083946228 0.02516496181488037
0 0.31020277738571167 0.5437595248222351 0.02401357889175415 0.031086087226867676
0 0.26398488879203796 0.5329040288925171 0.011184394359588623 0.00592118501663208
0 0.34737449884414673 0.5388252139091492 0.008552789688110352 0.02516496181488037
0 0.28158384561538696 0.5477069616317749 0.029934734106063843 0.03602039813995361
1 0.5325751304626465 0.5516543984413147 0.02401357889175415 0.07598817348480225
0 0.47040295600891113 0.5309303402900696 0.008552759885787964 0.009868621826171875
0 0.6381690502166748 0.6064251065254211 0.2154642939567566 0.136680006980896
0 0.32401883602142334 0.542772650718689 0.016776621341705322 0.02911233901977539
0 0.02269776538014412 0.5546150207519531 0.014473937451839447 0.011842310428619385
0 0.11973893642425537 0.5747190713882446 0.06363134831190109 0.056896209716796875
0 0.06118528172373772 0.5926090478897095 0.07569577544927597 0.057950615882873535
0 0.8496859073638916 0.5926090478897095 0.21085894107818604 0.14556175470352173
0 0.05951061099767685 0.5515646934509277 0.01611870527267456 0.011842310428619385
0 0.08817616105079651 0.5615229606628418 0.01416170597076416 0.011842310428619385
0 0.004111913964152336 0.5624605417251587 0.008223827928304672 0.011842310428619385
0 0.15822646021842957 0.5615229606628418 0.020724043250083923 0.020724058151245117
0 0.261517733335495 0.5546149611473083 0.02532939612865448 0.031086087226867676
0 0.3358611464500427 0.5388252139091492 0.01917874813079834 0.02516496181488037
0 0.19422854483127594 0.5689244270324707 0.04773476719856262 0.04040640592575073
0 0.23553043603897095 0.5565886497497559 0.04131852090358734 0.04292839765548706
0 0.030275866389274597 0.5556018352508545 0.006579061970114708 0.00789487361907959
0 0.25888609886169434 0.5388252139091492 0.017434507608413696 0.005921125411987305
0 0.4457314610481262 0.5398120880126953 0.022697776556015015 0.02615177631378174
