0 0.37994086742401123 0.5407989025115967 0.019408226013183594 0.04144805669784546
0 0.18224002420902252 0.5931024551391602 0.15822646021842957 0.12977200746536255
0 0.3917831778526306 0.5309303402900696 0.019408226013183594 0.020724058151245117
0 0.4095466434955597 0.5299434661865234 0.011842310428619385 0.015296339988708496
0 0.4039544463157654 0.5299434661865234 0.01282915472984314 0.01381605863571167
0 0.3016500174999237 0.5753390192985535 0.041448116302490234 0.06611955165863037
0 0.5536280870437622 0.5240223407745361 0.03125053644180298 0.03996777534484863
0 0.488495409488678 0.525502622127533 0.013816028833389282 0.017763495445251465
0 0.5400087833404541 0.5242194533348083 0.007565915584564209 0.024178028106689453
0 0.3296118676662445 0.5615229606628418 0.04539543390274048 0.05279684066772461
0 0.5408806800842285 0.5276001691818237 0.006579101085662842 0.02713865041732788
0 0.3513219356536865 0.5531346797943115 0.03782960772514343 0.046875834465026855
0 0.5585623979568481 0.5324106216430664 0.011513352394104004 0.0325663685798645
0 0.4710606634616852 0.5294500589370728 0.0051975250244140625 0.011348843574523926
0 0.5375093817710876 0.5210617780685425 0.011513352394104004 0.02713865041732788
0 0.5023114681243896 0.5131669044494629 0.020395100116729736 0.01529628038406372
0 0.3615194857120514 0.5462266206741333 0.035855889320373535 0.04539555311203003
0 0.19177967309951782 0.7046176195144653 0.22500395774841309 0.25214260816574097
0 0.5279697775840759 0.5738587379455566 0.0845409631729126 0.05970501899719238
0 0.45042988657951355 0.5351600050926208 0.03153276443481445 0.03446996212005615
0 0.5309303402900696 0.7258350849151611 0.1917797029018402 0.2590506076812744
0 0.5118510723114014 0.5536280870437622 0.049342989921569824 0.05822473764419556
0 0.511522114276886 0.5185946226119995 0.027632027864456177 0.01924377679824829
0 0.2592150568962097 0.5649769902229309 0.07401446998119354 0.10954141616821289
0 0.46053439378738403 0.5250091552734375 0.024671465158462524 0.0325663685798645
0 0.571720540523529 0.5368515253067017 0.03782963752746582 0.04391521215438843
0 0.5003377199172974 0.5422792434692383 0.030263692140579224 0.04391521215438843
0 0.4167836010456085 0.5299434661865234 0.011842310428619385 0.01776343584060669
0 0.5894174575805664 0.5496807098388672 0.04835611581802368 0.051316678524017334
0 0.4096086025238037 0.5650774240493774 0.06046333909034729 0.07233893871307373
