0 0.3917831778526306 0.5102063417434692 0.021053016185760498 0.01381605863571167
1 0.514811635017395 0.5669506788253784 0.027961015701293945 0.10806113481521606
0 0.2039509415626526 0.614319920539856 0.23158299922943115 0.1174362301826477
1 0.2651362121105194 0.7796188592910767 0.12138371169567108 0.4204021096229553
0 0.3348742723464966 0.5353711843490601 0.011184394359588623 0.029112398624420166
1 0.8121852874755859 0.8481146097183228 0.1921086311340332 0.3037707209587097
0 0.37926360964775085 0.5190880298614502 0.01644766330718994 0.017763495445251465
1 0.05608650669455528 0.8157950043678284 0.11217301338911057 0.36840999126434326
1 0.7995205521583557 0.5625097751617432 0.030263662338256836 0.10510057210922241
1 0.7268218398094177 0.5644835233688354 0.032730937004089355 0.11200839281082153
0 0.5516543984413147 0.5383317470550537 0.06085634231567383 0.0828961730003357
1 0.9635037183761597 0.5477069616317749 0.0424349308013916 0.10312679409980774
0 0.47545140981674194 0.5106997489929199 0.006579071283340454 0.022204339504241943
0 0.49841034412384033 0.5146471858024597 0.025987297296524048 0.0345400869846344
1 0.8437647819519043 0.5477069616317749 0.024671494960784912 0.10312679409980774
0 0.4049413204193115 0.5092194080352783 0.014802902936935425 0.008388340473175049
1 0.6493535041809082 0.5268595814704895 0.01611870527267456 0.05662110447883606
1 0.7279732823371887 0.5590558052062988 0.019408226013183594 0.09424501657485962
1 0.8598834872245789 0.5669506788253784 0.03412890434265137 0.13125234842300415
1 0.5597673654556274 0.7708467841148376 0.17127496004104614 0.44852757453918457
0 0.24276740849018097 0.5467200875282288 0.022039860486984253 0.02911233901977539
0 0.44921839237213135 0.5119826793670654 0.01171073317527771 0.012927830219268799
0 0.4690871834754944 0.5077391862869263 0.013816028833389282 0.016776621341705322
1 0.6914594173431396 0.5630033016204834 0.028947889804840088 0.10312682390213013
0 0.43323126435279846 0.5102062821388245 0.009210705757141113 0.010855436325073242
1 0.15124866366386414 0.5319919586181641 0.012829169631004333 0.019243717193603516
0 0.4195946455001831 0.5074700117111206 0.01940825581550598 0.03700721263885498
1 0.5727074146270752 0.570898175239563 0.03157949447631836 0.09177792072296143
0 0.4556000828742981 0.5245157480239868 0.027632057666778564 0.030592679977416992
1 0.19179794192314148 0.5180189609527588 0.015095293521881104 0.02168351411819458
1 0.40099385380744934 0.5171142816543579 0.004276394844055176 0.01776343584060669
0 0.38648468255996704 0.5190880298614502 0.00822383165359497 0.016776561737060547
1 0.016776610165834427 0.824521005153656 0.033553220331668854 0.30839359760284424
0 0.39667046070098877 0.5183831453323364 0.017434507608413696 0.01776343584060669
1 0.3611905574798584 0.5185946226119995 0.005921155214309692 0.012829184532165527
0 0.3145551085472107 0.5328471660614014 0.04144808650016785 0.044294774532318115
0 0.2131616175174713 0.5407989025115967 0.0690801590681076 0.04588896036148071
1 0.6075764298439026 0.5210617780685425 0.008552789688110352 0.04194152355194092
1 0.2828996777534485 0.5185946226119995 0.007565915584564209 0.01529628038406372
1 0.8190932869911194 0.5491872429847717 0.027961015701293945 0.0942450761795044
0 0.4039544463157654 0.5062588453292847 0.011842310428619385 0.005427718162536621
0 0.48158735036849976 0.5106997489929199 0.013816028833389282 0.022204339504241943
1 0.1674371361732483 0.6330702900886536 0.07829083502292633 0.19095730781555176
0 0.40099388360977173 0.5102062821388245 0.010197550058364868 0.005427718162536621
1 0.25493866205215454 0.5501741170883179 0.021381959319114685 0.04736924171447754
1 0.1766478270292282 0.8004987239837646 0.15625271201133728 0.3990026116371155
0 0.15855540335178375 0.5575755834579468 0.07763293385505676 0.052797019481658936
0 0.28125491738319397 0.5467200875282288 0.04046124219894409 0.03996777534484863
1 0.7633028030395508 0.5768851041793823 0.03421109914779663 0.12204158306121826
1 0.028947874903678894 0.6064251065254211 0.031579501926898956 0.09671223163604736
0 0.5026553273200989 0.5184824466705322 0.028618931770324707 0.033059775829315186
1 0.5937603712081909 0.5185946226119995 0.008552789688110352 0.043421804904937744
0 0.36809855699539185 0.5202863812446594 0.00822383165359497 0.010855436325073242
1 0.8079088926315308 0.5556018352508545 0.03157949447631836 0.09671223163604736
0 0.40855979919433594 0.5171142816543579 0.009210675954818726 0.01529628038406372
1 0.4213889539241791 0.7031372785568237 0.08158040046691895 0.314808189868927
1 0.33717694878578186 0.7450788021087646 0.07467234134674072 0.32368987798690796
0 0.48502641916275024 0.5131669044494629 0.01118442416191101 0.016776621341705322
0 0.30428165197372437 0.5422792434692383 0.026112616062164307 0.03334176540374756
