0 0.6100459098815918 0.4794920086860657 0.008223474025726318 0.01060900092124939
0 0.6215049028396606 0.47139033675193787 0.009210646152496338 0.011842310428619385
0 0.380598783493042 0.4880019724369049 0.016776591539382935 0.011842310428619385
0 0.4743503928184509 0.4781333804130554 0.011842310428619385 0.011842310428619385
0 0.46011653542518616 0.47554442286491394 0.009210705757141113 0.00789487361907959
0 0.5256670713424683 0.4880019426345825 0.01611870527267456 0.03404662013053894
0 0.4641473889350891 0.47649091482162476 0.012061893939971924 0.005921155214309692
0 0.6260032653808594 0.48681846261024475 0.011184394359588623 0.014802873134613037
0 0.5188478231430054 0.4690406918525696 0.009397804737091064 0.007051020860671997
0 0.5029693245887756 0.542772650718689 0.05263248085975647 0.06167870759963989
0 0.5963454246520996 0.4876977801322937 0.009868621826171875 0.013816028833389282
0 0.5413646101951599 0.468511700630188 0.0064966678619384766 0.005304455757141113
0 0.24474111199378967 0.542772650718689 0.08783046901226044 0.09177792072296143
0 0.13717344403266907 0.5047785639762878 0.03519798815250397 0.027138590812683105
0 0.5556018352508545 0.46382391452789307 0.009210705757141113 0.00789487361907959
0 0.4979495704174042 0.4704861640930176 0.00904625654220581 0.00888216495513916
0 0.42886847257614136 0.47270670533180237 0.011513710021972656 0.009375691413879395
0 0.6279715299606323 0.48010706901550293 0.010526478290557861 0.009868592023849487
0 0.5865261554718018 0.49490997195243835 0.013978064060211182 0.01825767755508423
0 0.6358701586723328 0.47369086742401123 0.007236957550048828 0.00789487361907959
0 0.5523122549057007 0.48306766152381897 0.018092453479766846 0.025164902210235596
0 0.2881629467010498 0.49293625354766846 0.02138194441795349 0.023191213607788086
0 0.32401883602142334 0.4958968162536621 0.02138194441795349 0.023191183805465698
0 0.30461061000823975 0.49688369035720825 0.02138194441795349 0.019737213850021362
0 0.3598747253417969 0.5106997489929199 0.0480271577835083 0.049836426973342896
0 0.49435633420944214 0.4684891700744629 0.013038486242294312 0.013277798891067505
0 0.573365330696106 0.46777135133743286 0.0098685622215271 0.005921155214309692
0 0.5123401284217834 0.4717194437980652 0.013323307037353516 0.005921155214309692
0 0.5069167613983154 0.4939231276512146 0.03190848231315613 0.04786267876625061
0 0.5523122549057007 0.5166208744049072 0.03190845251083374 0.03700721263885498
0 0.6381690502166748 0.4727056324481964 0.00789487361907959 0.00789487361907959
0 0.6000105142593384 0.47369250655174255 0.008552789688110352 0.00789487361907959
0 0.5595506429672241 0.48898881673812866 0.021381914615631104 0.031086087226867676
0 0.5628387928009033 0.4657976031303406 0.006579041481018066 0.00493428111076355
0 0.3246767520904541 0.4880019426345825 0.018092423677444458 0.01282915472984314
0 0.5954051613807678 0.4781333804130554 0.009868621826171875 0.011842310428619385
0 0.1842137575149536 0.5106997489929199 0.061185285449028015 0.03996780514717102
0 0.2648072838783264 0.48898881673812866 0.02138194441795349 0.016776621341705322
0 0.35599666833877563 0.4872640371322632 0.01760047674179077 0.011351525783538818
0 0.0384875163435936 0.5185946226119995 0.05526413023471832 0.04786267876625061
