0 0.014802890829741955 0.5383317470550537 0.02861892245709896 0.04835611581802368
0 0.9677801132202148 0.5269829034805298 0.054277241230010986 0.06069183349609375
0 0.49677643179893494 0.46777135133743286 0.010197579860687256 0.013365507125854492
0 0.42740410566329956 0.47214168310165405 0.0075189173221588135 0.011701345443725586
1 0.5088905096054077 0.4707319140434265 0.00592118501663208 0.017763465642929077
0 0.07368549704551697 0.5368515253067017 0.12993648648262024 0.07894876599311829
0 0.4750083088874817 0.4638238847255707 0.007565915584564209 0.010033071041107178
0 0.7713950872421265 0.5245157480239868 0.10789662599563599 0.08141589164733887
0 0.2689191401004791 0.5023115277290344 0.048027440905570984 0.03454029560089111
0 0.8700810074806213 0.5215551853179932 0.13191020488739014 0.0804290771484375
0 0.42171791195869446 0.47097861766815186 0.012335777282714844 0.01603648066520691
0 0.7250126600265503 0.531423807144165 0.16776609420776367 0.08980423212051392
0 0.52303546667099 0.4736431837081909 0.014802932739257812 0.02072402834892273
0 0.536983072757721 0.48721247911453247 0.01578974723815918 0.01690816879272461
1 0.3131633698940277 0.48356109857559204 0.013158142566680908 0.033553242683410645
0 0.37007227540016174 0.5407989621162415 0.1881611943244934 0.08437648415565491
0 0.5644835233688354 0.49688369035720825 0.03684276342391968 0.04144808650016785
0 0.44474464654922485 0.47023850679397583 0.013816028833389282 0.016776591539382935
0 0.24539902806282043 0.5131668448448181 0.09769909083843231 0.04687580466270447
0 0.33388733863830566 0.4877551794052124 0.03125053644180298 0.037500619888305664
0 0.4023096561431885 0.4746793508529663 0.01282915472984314 0.017763465642929077
1 0.5246802568435669 0.5931025147438049 0.05493515729904175 0.20477333664894104
0 0.4825742244720459 0.46333047747612 0.01118442416191101 0.01924377679824829
0 0.3829014301300049 0.4801070988178253 0.02138194441795349 0.022204339504241943
0 0.9825829863548279 0.8620216846466064 0.03322422504425049 0.11496913433074951
1 0.25625449419021606 0.4845479726791382 0.017105549573898315 0.024671465158462524
0 0.2944130301475525 0.4939231276512146 0.02664521336555481 0.02368462085723877
0 0.207569420337677 0.5536280870437622 0.23816204071044922 0.10658079385757446
