1 0.0960543155670166 0.5279697179794312 0.012171261012554169 0.04835611581802368
1 0.8490279912948608 0.4628370404243469 0.00822383165359497 0.028125494718551636
1 0.12796279788017273 0.5210618376731873 0.012171261012554169 0.051810115575790405
1 0.36020368337631226 0.48750853538513184 0.00822383165359497 0.01578974723815918
1 0.012829171493649483 0.5383317470550537 0.012829172424972057 0.05082327127456665
1 0.1134888231754303 0.5235289335250854 0.010526500642299652 0.046382367610931396
0 0.7955961227416992 0.546511709690094 0.24713289737701416 0.1547931432723999
0 0.8049483299255371 0.4692516326904297 0.037829577922821045 0.027632057666778564
1 0.9437664747238159 0.5348777770996094 0.04144805669784546 0.1327325999736786
1 0.7042886018753052 0.503298282623291 0.02401357889175415 0.05279695987701416
1 0.02171090617775917 0.5279697179794312 0.010526500642299652 0.04292839765548706
1 0.6855382919311523 0.46382391452789307 0.003618478775024414 0.005427718162536621
1 0.6996833086013794 0.46382391452789307 0.005263268947601318 0.011348873376846313
1 0.2342146337032318 0.5042850971221924 0.008223816752433777 0.012335717678070068
0 0.03388217091560364 0.8738963603973389 0.06776434183120728 0.25220727920532227
0 0.3440849781036377 0.5146471261978149 0.03782960772514343 0.03602033853530884
1 0.6006684303283691 0.5131669044494629 0.02171093225479126 0.06069186329841614
0 0.18388479948043823 0.6523140668869019 0.19145071506500244 0.24424773454666138
1 0.5990236401557922 0.5087260007858276 0.018750309944152832 0.06661304831504822
1 0.31086069345474243 0.4954034090042114 0.012171268463134766 0.028125524520874023
0 0.4342181086540222 0.5738587379455566 0.20066139101982117 0.25510314106941223
1 0.2608598470687866 0.5082326531410217 0.013980478048324585 0.03379985690116882
1 0.3536246120929718 0.48750853538513184 0.00822383165359497 0.01825690269470215
0 0.7947507500648499 0.5393186807632446 0.24276745319366455 0.15296322107315063
0 0.7516579031944275 0.4692516326904297 0.07171177864074707 0.05082327127456665
0 0.05329040437936783 0.5560952425003052 0.07993561029434204 0.06759989261627197
1 0.26283353567123413 0.5042851567268372 0.00822383165359497 0.032566338777542114
1 0.05394831299781799 0.5166208744049072 0.012171264737844467 0.019243717193603516
0 0.21995937824249268 0.5570815801620483 0.11557209491729736 0.09917932748794556
1 0.1095413863658905 0.5279697775840759 0.012171261012554169 0.04736924171447754
0 0.16381865739822388 0.537838339805603 0.0250004380941391 0.020724058151245117
0 0.30822908878326416 0.5407989025115967 0.07993561029434204 0.060691893100738525
0 0.549351692199707 0.5639901161193848 0.06250113248825073 0.09671223163604736
