0 0.4319154620170593 0.4781333804130554 0.00789487361907959 0.006908029317855835
0 0.510431706905365 0.4943294823169708 0.004669904708862305 0.003947436809539795
0 0.5439722537994385 0.4936268925666809 0.008355319499969482 0.011546075344085693
0 0.4905785918235779 0.5319172143936157 0.04630923271179199 0.048849523067474365
0 0.3904673457145691 0.486028254032135 0.009868592023849487 0.013816028833389282
0 0.40516337752342224 0.4852607548236847 0.006505727767944336 0.010197341442108154
0 0.5309303402900696 0.49464112520217896 0.011005163192749023 0.014802902936935425
0 0.3330909013748169 0.4973066747188568 0.013345807790756226 0.006907999515533447
0 0.42796802520751953 0.4880019724369049 0.008552789688110352 0.011842310428619385
0 0.12532883882522583 0.5634973645210266 0.13399480283260345 0.125496506690979
0 0.4572448432445526 0.47566622495651245 0.007236957550048828 0.006907999515533447
0 0.41974419355392456 0.48898881673812866 0.004605352878570557 0.013816028833389282
0 0.40263861417770386 0.48898881673812866 0.009868592023849487 0.011842310428619385
0 0.5467360019683838 0.49580323696136475 0.012093007564544678 0.011842280626296997
0 0.5138270854949951 0.4730336666107178 0.00789487361907959 0.007894903421401978
0 0.3340189754962921 0.5170156359672546 0.056448400020599365 0.0577312707901001
0 0.4595196843147278 0.484414279460907 0.011304318904876709 0.012829184532165527
0 0.4957323670387268 0.4978705644607544 0.02664521336555481 0.046875834465026855
0 0.5455600023269653 0.5120500922203064 0.028861284255981445 0.031086087226867676
0 0.4542842507362366 0.49491000175476074 0.009868592023849487 0.01085546612739563
0 0.3713880777359009 0.49490997195243835 0.015460789203643799 0.00789487361907959
0 0.5171152353286743 0.49425116181373596 0.017434537410736084 0.02713865041732788
0 0.38911324739456177 0.4859701097011566 0.003676503896713257 0.0061533451080322266
0 0.5030584335327148 0.47632402181625366 0.005877375602722168 0.008816152811050415
0 0.098982073366642 0.7555394172668457 0.197964146733284 0.28214287757873535
0 0.307242214679718 0.49688369035720825 0.017434507608413696 0.012829184532165527
0 0.3598747253417969 0.48898881673812866 0.012500226497650146 0.010855436325073242
0 0.4611922800540924 0.4746793508529663 0.011184394359588623 0.01085546612739563
