0 0.5023114085197449 0.34095990657806396 0.04144808650016785 0.030592650175094604
0 0.43569841980934143 0.3764868378639221 0.01611870527267456 0.029852479696273804
0 0.3763223886489868 0.4539552927017212 0.05329039692878723 0.06463930010795593
0 0.5801088213920593 0.43323126435279846 0.04309284687042236 0.04835611581802368
0 0.6358664035797119 0.537838339805603 0.08092248439788818 0.0976991057395935
0 0.5363580584526062 0.3745131492614746 0.012006759643554688 0.02615174651145935
0 0.4590541124343872 0.34811463952064514 0.016447633504867554 0.020724058151245117
0 0.5534636378288269 0.38709557056427 0.030263662338256836 0.0345400869846344
1 0.32796627283096313 0.5467200875282288 0.0365138053894043 0.0942450761795044
0 0.4185928702354431 0.4001714885234833 0.03996780514717102 0.0537838339805603
0 0.5648125410079956 0.4110269248485565 0.03684276342391968 0.05082327127456665
0 0.6241885423660278 0.39400359988212585 0.012829184532165527 0.02911233901977539
0 0.969498336315155 0.9502545595169067 0.06100332736968994 0.09949082136154175
0 0.42402058839797974 0.33947962522506714 0.0055921971797943115 0.009868621826171875
0 0.534548819065094 0.3648912310600281 0.022533297538757324 0.02072402834892273
0 0.6082342863082886 0.3676051199436188 0.02565830945968628 0.02368462085723877
0 0.6098791360855103 0.4978705644607544 0.07368546724319458 0.08536329865455627
0 0.3440849781036377 0.49639028310775757 0.06908014416694641 0.09128451347351074
0 0.549351692199707 0.37796711921691895 0.02861887216567993 0.0345400869846344
0 0.4356984496116638 0.3957306146621704 0.013816028833389282 0.03700721263885498
0 0.18585895001888275 0.6088922619819641 0.23372110724449158 0.16061139106750488
0 0.446060448884964 0.361190527677536 0.02401357889175415 0.027632057666778564
0 0.5565887093544006 0.39523717761039734 0.028618931770324707 0.03700721263885498
