0 0.9457402229309082 0.48158738017082214 0.0424349308013916 0.03750067949295044
0 0.47961366176605225 0.4939231276512146 0.030592650175094604 0.03602039813995361
0 0.6431033611297607 0.5699113011360168 0.031250596046447754 0.07056045532226562
0 0.38553303480148315 0.5407989025115967 0.03421112895011902 0.04292839765548706
0 0.44112613797187805 0.5269829034805298 0.007236957550048828 0.027632057666778564
1 0.498473584651947 0.5082327127456665 0.007565945386886597 0.017270177602767944
0 0.715802013874054 0.6019842624664307 0.07368552684783936 0.11200851202011108
0 0.2822417914867401 0.5768193006515503 0.07829083502292633 0.0942450761795044
0 0.8486990928649902 0.4954034090042114 0.048027098178863525 0.02911233901977539
0 0.4963902533054352 0.5037916898727417 0.00822383165359497 0.009868592023849487
0 0.4325733780860901 0.5245157480239868 0.023026734590530396 0.03454005718231201
0 0.921726644039154 0.5037916898727417 0.0730276107788086 0.04292839765548706
0 0.03782960772514343 0.6710643768310547 0.07565921545028687 0.14802885055541992
0 0.35888785123825073 0.5521478056907654 0.057237833738327026 0.05970501899719238
0 0.4539553225040436 0.5176077485084534 0.01578974723815918 0.02615177631378174
1 0.662182629108429 0.5181012153625488 0.012171268463134766 0.02713865041732788
0 0.46777135133743286 0.5215551853179932 0.02664521336555481 0.030592679977416992
0 0.8072509765625 0.6365243196487427 0.17237144708633423 0.201812744140625
0 0.4575737714767456 0.5047785639762878 0.013816028833389282 0.006908059120178223
0 0.5204038619995117 0.5047785639762878 0.019408226013183594 0.02220436930656433
0 0.8972108960151672 0.7307693958282471 0.20557820796966553 0.2629980444908142
0 0.8486990928649902 0.5176077485084534 0.05625098943710327 0.04440867900848389
1 0.5217196941375732 0.5087260007858276 0.00592118501663208 0.020230621099472046
0 0.4059281647205353 0.5245157480239868 0.04046124219894409 0.0636523962020874
0 0.9895644783973694 0.8398173451423645 0.02087104320526123 0.22549736499786377
0 0.4861927032470703 0.5106997489929199 0.031250566244125366 0.01924377679824829
0 0.5092194080352783 0.4993508458137512 0.017434537410736084 0.027632087469100952
0 0.4289548695087433 0.531423807144165 0.014802873134613037 0.03454011678695679
0 0.43915241956710815 0.5215551853179932 0.025987297296524048 0.030592679977416992
0 0.8967262506484985 0.4899756908416748 0.04605346918106079 0.02911236882209778
0 0.5506675243377686 0.4939231276512146 0.04046124219894409 0.08980420231819153
0 0.7996850609779358 0.5092194676399231 0.0424349308013916 0.02911236882209778
0 0.5875102877616882 0.52303546667099 0.025000452995300293 0.030592679977416992
0 0.9730346202850342 0.48701509833335876 0.053930819034576416 0.051316678524017334
0 0.5986946821212769 0.5299434661865234 0.03125053644180298 0.038980960845947266
0 0.7111966609954834 0.5131669044494629 0.035855889320373535 0.016776621341705322
0 0.5812602043151855 0.5146471261978149 0.025000393390655518 0.033059775829315186
0 0.6901436448097229 0.5743521451950073 0.09309375286102295 0.11052823066711426
0 0.7490262985229492 0.5092194676399231 0.04440861940383911 0.02911236882209778
0 0.207569420337677 0.6074119806289673 0.11447568237781525 0.10362023115158081
1 0.7342233657836914 0.5235289335250854 0.012171268463134766 0.024671494960784912
