0 0.4413450360298157 0.5169497728347778 0.008552789688110352 0.01381605863571167
0 0.44902101159095764 0.5146471261978149 0.003289520740509033 0.00592118501663208
0 0.006990253925323486 0.5516543984413147 0.013980507850646973 0.014802932739257812
2 0.008059351705014706 0.5664572715759277 0.01611870341002941 0.05427730083465576
0 0.49310076236724854 0.5368515253067017 0.09046211838722229 0.1574040949344635
0 0.11052869260311127 0.5409635305404663 0.024232544004917145 0.011184394359588623
2 0.021381953731179237 0.5664572715759277 0.013487079180777073 0.04786264896392822
2 0.03881646692752838 0.565963864326477 0.014144983142614365 0.04440867900848389
0 0.08355408906936646 0.5452398061752319 0.031250543892383575 0.011842310428619385
0 0.3325716257095337 0.5309303402900696 0.02072402834892273 0.02516496181488037
0 0.2536228597164154 0.5309303402900696 0.012500226497650146 0.012829184532165527
0 0.039145421236753464 0.5496807098388672 0.0365137979388237 0.018750369548797607
