0 0.01578974910080433 0.533890962600708 0.031250547617673874 0.06661301851272583
0 0.15131844580173492 0.5452398061752319 0.19737188518047333 0.11496913433074951
0 0.9767353534698486 0.533890962600708 0.04652935266494751 0.06365245580673218
0 0.49591830372810364 0.46777135133743286 0.010197579860687256 0.012721896171569824
0 0.4269811511039734 0.4746793508529663 0.006579071283340454 0.012335747480392456
1 0.508232593536377 0.4727056324481964 0.00592118501663208 0.01578974723815918
0 0.41250723600387573 0.5383318066596985 0.16612133383750916 0.07894876599311829
0 0.47402143478393555 0.46678441762924194 0.007236987352371216 0.008388310670852661
0 0.26085978746414185 0.505436360836029 0.04276394844055176 0.03700718283653259
0 0.49277180433273315 0.4731990694999695 0.02664521336555481 0.010855436325073242
0 0.4210600256919861 0.4753372371196747 0.01282915472984314 0.016776621341705322
0 0.07006701827049255 0.5284631848335266 0.12533113360404968 0.09819254279136658
0 0.5227394104003906 0.47586357593536377 0.014802932739257812 0.020724058151245117
0 0.5376409888267517 0.4881993234157562 0.01578974723815918 0.01756608486175537
1 0.3092159628868103 0.488495409488678 0.014473944902420044 0.03750064969062805
0 0.7187625765800476 0.5491872429847717 0.19737184047698975 0.1036202609539032
0 0.5648125410079956 0.49260765314102173 0.03717172145843506 0.03602111339569092
0 0.44474464654922485 0.4723532199859619 0.013816028833389282 0.017763465642929077
0 0.5389328002929688 0.5181010961532593 0.11107653379440308 0.04555994272232056
0 0.3282952308654785 0.49120908975601196 0.031250566244125366 0.03750064969062805
0 0.5092194080352783 0.47171878814697266 0.00822383165359497 0.01085546612739563
0 0.4023096561431885 0.4786267876625061 0.014802902936935425 0.016776591539382935
1 0.6371822357177734 0.6177739500999451 0.05098778009414673 0.2304316759109497
0 0.4842190146446228 0.465152382850647 0.01118442416191101 0.016776591539382935
0 0.38142114877700806 0.48356106877326965 0.02138194441795349 0.022204339504241943
0 0.24342530965805054 0.5161274671554565 0.0250004380941391 0.030592620372772217
1 0.22171440720558167 0.5028048753738403 0.021710902452468872 0.05871814489364624
0 0.2858602702617645 0.5023114085197449 0.027632057666778564 0.036020368337631226
0 0.5921156406402588 0.5699113011360168 0.25460973381996155 0.12039685249328613
