0 0.5437594652175903 0.4771465063095093 0.02401357889175415 0.024671494960784912
0 0.5335619449615479 0.5393186211585999 0.054277241230010986 0.04983639717102051
1 0.4954034090042114 0.4268167018890381 0.00822383165359497 0.027138620615005493
0 0.47007399797439575 0.5516543984413147 0.07829082012176514 0.0636523962020874
0 0.5309303402900696 0.460863322019577 0.025658369064331055 0.033059775829315186
0 0.5575755834579468 0.48948222398757935 0.026645243167877197 0.013816028833389282
0 0.338492751121521 0.5916222333908081 0.07993558049201965 0.11052829027175903
0 0.22270125150680542 0.6123462319374084 0.1884901374578476 0.17812812328338623
0 0.5128383636474609 0.4179350435733795 0.014802992343902588 0.021464049816131592
0 0.48750853538513184 0.38882261514663696 0.004605352878570557 0.012335747480392456
0 0.6493535041809082 0.48553481698036194 0.03125053644180298 0.03454011678695679
0 0.560207188129425 0.5215551853179932 0.0424349308013916 0.05674442648887634
0 0.5212812423706055 0.4320800304412842 0.022697746753692627 0.03503355383872986
0 0.5253381729125977 0.4455670118331909 0.01842135190963745 0.024671494960784912
0 0.3865199089050293 0.572378396987915 0.07269862294197083 0.09227138757705688
0 0.5141537189483643 0.4939231276512146 0.07072493433952332 0.04539552330970764
0 0.5345488786697388 0.4731990694999695 0.020395100116729736 0.022204339504241943
0 0.5786285400390625 0.5062588453292847 0.003618478775024414 0.006907999515533447
