0 0.295728862285614 0.4593830406665802 0.007236957550048828 0.006907999515533447
0 0.2944130301475525 0.45247501134872437 0.007236987352371216 0.01085546612739563
1 0.5904708504676819 0.4993508458137512 0.013487100601196289 0.025658369064331055
1 0.837843656539917 0.4963902533054352 0.011184394359588623 0.04391521215438843
0 0.07927770167589188 0.503298282623291 0.03125055134296417 0.012335747480392456
1 0.5000087022781372 0.49639028310775757 0.007565915584564209 0.032566338777542114
0 0.21645128726959229 0.4720887839794159 0.010937735438346863 0.016406595706939697
0 0.5361936092376709 0.5240223407745361 0.12796273827552795 0.07056045532226562
0 0.3810850977897644 0.48816633224487305 0.21345290541648865 0.14243564009666443
0 0.19145071506500244 0.4771465063095093 0.007236972451210022 0.016776621341705322
0 0.17927944660186768 0.560042679309845 0.11579149216413498 0.09917938709259033
0 0.09983744472265244 0.4993508458137512 0.02944101393222809 0.017763495445251465
0 0.05542858690023422 0.5023114085197449 0.029989581555128098 0.02072402834892273
0 0.23026718199253082 0.4613567590713501 0.008881747722625732 0.01085546612739563
0 0.2944130599498749 0.46333047747612 0.00822383165359497 0.006907999515533447
0 0.10033070296049118 0.4954034090042114 0.026645198464393616 0.022204309701919556
0 0.20329336822032928 0.47270581126213074 0.01875022053718567 0.022204339504241943
0 0.22368812561035156 0.48010706901550293 0.017434507608413696 0.02072402834892273
1 0.7621843814849854 0.5121800303459167 0.020395100116729736 0.06611958146095276
0 0.2013193815946579 0.4836844205856323 0.019408226013183594 0.02578166127204895
1 0.508232593536377 0.4954034090042114 0.008881747722625732 0.03157949447631836
0 0.18224003911018372 0.4771465063095093 0.014802888035774231 0.022204339504241943
0 0.1912040412425995 0.4735693335533142 0.010937854647636414 0.014679938554763794
0 0.13980507850646973 0.5077391862869263 0.041448093950748444 0.03996783494949341
0 0.18684537708759308 0.5067510604858398 0.03782960772514343 0.03034311532974243
0 0.8996868133544922 0.5102062821388245 0.1131598949432373 0.05921158194541931
0 0.21612221002578735 0.47171878814697266 0.011842325329780579 0.015296310186386108
1 0.08486990630626678 0.48158738017082214 0.006578624248504639 0.024013280868530273
0 0.17763468623161316 0.48010706901550293 0.012829169631004333 0.017763465642929077
0 0.07039584964513779 0.4946635365486145 0.024013575166463852 0.01085546612739563
0 0.10410437732934952 0.7494863867759705 0.20820875465869904 0.5010272264480591
0 0.1298457384109497 0.4844118356704712 0.014802888035774231 0.01197841763496399
1 0.7738173604011536 0.5087260007858276 0.015131831169128418 0.07154726982116699
0 0.4628370404243469 0.7917768359184265 0.2982386350631714 0.416446328163147
0 0.24671483039855957 0.4692516326904297 0.011842295527458191 0.01381605863571167
0 0.6990253925323486 0.49096253514289856 0.023026704788208008 0.030592620372772217
1 0.08475647866725922 0.4919493794441223 0.007611297070980072 0.013186484575271606
1 0.9806092977523804 0.6034644842147827 0.00822383165359497 0.09572535753250122
0 0.11414673924446106 0.4937586784362793 0.016447655856609344 0.024671465158462524
0 0.16283178329467773 0.4801070988178253 0.0250004380941391 0.02615177631378174
0 0.2487543672323227 0.4667351245880127 0.01029619574546814 0.015296310186386108
0 0.12034620344638824 0.4910764694213867 0.017510466277599335 0.027632087469100952
0 0.24934646487236023 0.4440867304801941 0.007236957550048828 0.015296310186386108
1 0.8463964462280273 0.4993508458137512 0.01611870527267456 0.04342183470726013
1 0.8348830342292786 0.5087260007858276 0.011184453964233398 0.025658339262008667
1 0.9110904932022095 0.5146471858024597 0.023465454578399658 0.0856924057006836
1 0.8097183704376221 0.5178547501564026 0.019079148769378662 0.06685999035835266
