1 0.36415112018585205 0.5279697775840759 0.01578974723815918 0.06759989261627197
1 0.9220556020736694 0.5718849897384644 0.012829184532165527 0.04391521215438843
1 0.31722038984298706 0.5301079750061035 0.021710902452468872 0.0858568549156189
1 0.6914594173431396 0.5516543984413147 0.00822383165359497 0.02911233901977539
1 0.34309810400009155 0.5279697775840759 0.022368818521499634 0.0710538923740387
0 0.6312610507011414 0.5516543984413147 0.046053409576416016 0.05230355262756348
1 0.26645201444625854 0.5506675243377686 0.0404612272977829 0.06957358121871948
1 0.023026717826724052 0.5437595248222351 0.046053435653448105 0.13174572587013245
0 0.8704099655151367 0.6222147941589355 0.22171437740325928 0.20131927728652954
1 0.7085649967193604 0.5551084280014038 0.0098685622215271 0.03848749399185181
0 0.5419503450393677 0.537838339805603 0.027632057666778564 0.03157949447631836
0 0.963659405708313 0.6276425719261169 0.07268112897872925 0.12829172611236572
0 0.15460796654224396 0.670570969581604 0.26020190119743347 0.2926037907600403
1 0.5014890432357788 0.5296967029571533 0.009868592023849487 0.04046124219894409
1 0.7215038537979126 0.5562597513198853 0.007346630096435547 0.03322422504425049
1 0.015131844207644463 0.4944165349006653 0.029934734106063843 0.07993564009666443
1 0.5079036951065063 0.5218018889427185 0.00822383165359497 0.023191213607788086
0 0.4177704453468323 0.5422792434692383 0.09835699200630188 0.11299541592597961
0 0.48147767782211304 0.5200749039649963 0.01842138171195984 0.03700721263885498
0 0.4674423933029175 0.5353711843490601 0.013816028833389282 0.03157949447631836
0 0.5266540050506592 0.5331507921218872 0.004111945629119873 0.01603645086288452
0 0.5796153545379639 0.5432660579681396 0.059869468212127686 0.07302755117416382
1 0.22599080204963684 0.5111931562423706 0.021710902452468872 0.08092248439788818
0 0.7681055068969727 0.570898175239563 0.049671947956085205 0.059211552143096924
0 0.3092159628868103 0.6083987951278687 0.07829084992408752 0.12977200746536255
1 0.6944200396537781 0.5541214942932129 0.009868621826171875 0.03848749399185181
1 0.7439823150634766 0.5560952425003052 0.011184394359588623 0.042106032371520996
0 0.6631695032119751 0.5560952425003052 0.031250596046447754 0.04292839765548706
1 0.5149760842323303 0.5188413262367249 0.007236957550048828 0.022697806358337402
1 0.2723731994628906 0.5111931562423706 0.015131860971450806 0.036020368337631226
0 0.08297842741012573 0.7919546365737915 0.16595685482025146 0.4095466136932373
