0 0.6334540247917175 0.5289567112922668 0.023026704788208008 0.038980960845947266
1 0.8394883871078491 0.5595492720603943 0.020066142082214355 0.08388304710388184
0 0.6088922023773193 0.5185946226119995 0.037829577922821045 0.06759989261627197
0 0.07516578584909439 0.5215551853179932 0.15033157169818878 0.08733704686164856
1 0.3633287847042084 0.5147705674171448 0.008552789688110352 0.048356086015701294
1 0.8631730079650879 0.5565887093544006 0.020066142082214355 0.06809329986572266
1 0.3366833031177521 0.5136603116989136 0.014145135879516602 0.061925530433654785
0 0.6509159207344055 0.5386401414871216 0.043750762939453125 0.046012282371520996
1 0.7671850919723511 0.5368518829345703 0.014408230781555176 0.053191959857940674
1 0.3745678663253784 0.5118511319160461 0.006579071283340454 0.059704989194869995
0 0.48800185322761536 0.5299434661865234 0.2154647707939148 0.3700731694698334
0 0.9272825717926025 0.5996817350387573 0.14543485641479492 0.08947557210922241
1 0.3513219356536865 0.5166208744049072 0.015131831169128418 0.06562614440917969
1 0.7368550300598145 0.5437594652175903 0.019079267978668213 0.06710642576217651
1 0.19737187027931213 0.5521478056907654 0.028618916869163513 0.11792966723442078
0 0.988166093826294 0.5536280870437622 0.02366781234741211 0.034047603607177734
1 0.35917580127716064 0.5195814371109009 0.008306115865707397 0.04983636736869812
1 0.04177704453468323 0.5822470188140869 0.04177704453468323 0.19095727801322937
1 0.24507007002830505 0.5649769902229309 0.021053001284599304 0.12089025974273682
1 0.7503421306610107 0.5437595248222351 0.012500226497650146 0.061185240745544434
