0 0.5276408195495605 0.537838339805603 0.018750309944152832 0.01776343584060669
0 0.6355373859405518 0.5368515253067017 0.03914541006088257 0.02171093225479126
0 0.5062588453292847 0.5368515253067017 0.026645183563232422 0.04194152355194092
0 0.6187608242034912 0.5319172143936157 0.013158082962036133 0.016776621341705322
0 0.5388252139091492 0.5368515253067017 0.014473915100097656 0.018750369548797607
0 0.5204038619995117 0.538825273513794 0.006579041481018066 0.019737184047698975
0 0.7065922021865845 0.5481997132301331 0.06118565797805786 0.04588925838470459
0 0.48356109857559204 0.5447463989257812 0.027303099632263184 0.03898090124130249
0 0.05838917940855026 0.605438232421875 0.11677835881710052 0.10460710525512695
0 0.4338891804218292 0.5437595248222351 0.059869468212127686 0.03207290172576904
0 0.4572448432445526 0.537838339805603 0.030592620372772217 0.025164902210235596
0 0.6026421189308167 0.557575523853302 0.03848755359649658 0.04194152355194092
0 0.7348824739456177 0.5590554475784302 0.09210771322250366 0.052797794342041016
0 0.3019789457321167 0.5644835233688354 0.0865146815776825 0.04292839765548706
0 0.5470490455627441 0.5329040288925171 0.04111909866333008 0.02171093225479126
