0 0.3837224841117859 0.49737799167633057 0.056086838245391846 0.08338996767997742
0 0.3000052571296692 0.5240223407745361 0.030263692140579224 0.04539555311203003
0 0.006414585746824741 0.7006701231002808 0.012829171493649483 0.14358800649642944
0 0.6210634708404541 0.6222147941589355 0.13980507850646973 0.14358800649642944
0 0.469087153673172 0.52303546667099 0.01842135190963745 0.03848755359649658
0 0.35559725761413574 0.5070000886917114 0.007401108741760254 0.024671494960784912
0 0.5041196942329407 0.5361124277114868 0.05296170711517334 0.07105392217636108
0 0.22220592200756073 0.5501753687858582 0.09424564242362976 0.11373594403266907
0 0.5483648777008057 0.5639901161193848 0.0845409631729126 0.11052823066711426
0 0.6310960650444031 0.5338921546936035 0.04917871952056885 0.04465550184249878
0 0.3118475675582886 0.4954034090042114 0.013816028833389282 0.019243746995925903
0 0.4572448432445526 0.5200749039649963 0.022039830684661865 0.02368462085723877
0 0.5947467088699341 0.5097140073776245 0.042764127254486084 0.03725418448448181
0 0.4904690980911255 0.5240223407745361 0.04769822955131531 0.06069186329841614
0 0.2733600437641144 0.5432660579681396 0.03947436809539795 0.07746845483779907
0 0.33109015226364136 0.5104540586471558 0.03782960772514343 0.03996780514717102
0 0.5069159269332886 0.5469679236412048 0.03914567828178406 0.07228755950927734
