0 0.2963867783546448 0.4593830108642578 0.00822383165359497 0.005920916795730591
0 0.2944130301475525 0.45247501134872437 0.008047610521316528 0.012071430683135986
1 0.622708261013031 0.5072457194328308 0.013487100601196289 0.04736924171447754
1 0.6283004879951477 0.503298282623291 0.012829184532165527 0.04736924171447754
0 0.2381620705127716 0.46777135133743286 0.011842325329780579 0.015296310186386108
0 0.08092246949672699 0.5023114085197449 0.022039860486984253 0.010855436325073242
1 0.4654686748981476 0.4919493794441223 0.007565915584564209 0.02911233901977539
0 0.14525625109672546 0.48342016339302063 0.019831135869026184 0.014027595520019531
0 0.28322863578796387 0.46629106998443604 0.004210621118545532 0.023191124200820923
0 0.10033070296049118 0.4993508458137512 0.028618916869163513 0.017763495445251465
0 0.055264122784137726 0.503298282623291 0.031250547617673874 0.020724058151245117
0 0.22993823885917664 0.460863322019577 0.010197550058364868 0.013445854187011719
0 0.2963867783546448 0.47023850679397583 0.013075917959213257 0.019243746995925903
0 0.09314430505037308 0.4927845597267151 0.018800899386405945 0.017383962869644165
0 0.11776521801948547 0.4884953796863556 0.03782960772514343 0.03602033853530884
0 0.9806092977523804 0.5116865634918213 0.011184394359588623 0.027632057666778564
0 0.20066140592098236 0.5102062821388245 0.027632057666778564 0.038487523794174194
1 0.7584558725357056 0.5121800303459167 0.0172155499458313 0.06365242600440979
0 0.1577778458595276 0.5047787427902222 0.025658339262008667 0.0364689826965332
1 0.4719160795211792 0.4919493794441223 0.00822383165359497 0.030592650175094604
0 0.18822574615478516 0.4766533374786377 0.04789547622203827 0.033059775829315186
2 0.2940840721130371 0.4613567590713501 0.0016447603702545166 0.0024671554565429688
0 0.25033333897590637 0.4455670118331909 0.007236972451210022 0.008388310670852661
0 0.13980507850646973 0.5102063417434692 0.041448093950748444 0.04835611581802368
0 0.8842259645462036 0.5023114085197449 0.13158124685287476 0.07746848464012146
0 0.18618741631507874 0.5141538381576538 0.04013232886791229 0.04194146394729614
0 0.19506919384002686 0.48627495765686035 0.02401357889175415 0.019983887672424316
1 0.09473849833011627 0.4786267876625061 0.007565923035144806 0.01578974723815918
0 0.07072491943836212 0.4954034090042114 0.0250004343688488 0.010855436325073242
0 0.10707400739192963 0.7521425485610962 0.21414801478385925 0.49571484327316284
1 0.7636970281600952 0.5101077556610107 0.01486879587173462 0.06779730319976807
0 0.4654686748981476 0.7690083980560303 0.2804308533668518 0.38499563932418823
0 0.18684536218643188 0.4786267876625061 0.04868505895137787 0.030592650175094604
0 0.6990253925323486 0.4924428462982178 0.023355722427368164 0.030921727418899536
0 0.24375426769256592 0.457902729511261 0.007236972451210022 0.01085546612739563
1 0.45263952016830444 0.48981136083602905 0.010526508092880249 0.030921578407287598
0 0.16129694879055023 0.4759945273399353 0.019078969955444336 0.018419861793518066
0 0.7776451706886292 0.5039563179016113 0.09802806377410889 0.0527971088886261
0 0.21250371634960175 0.47171878814697266 0.013816028833389282 0.02615177631378174
1 0.930307149887085 0.5164564847946167 0.01940828561782837 0.08445867896080017
1 0.7932254076004028 0.5136603116989136 0.019348442554473877 0.06365242600440979
