0 0.5213906764984131 0.6207345724105835 0.11381778120994568 0.15246981382369995
1 0.3904673457145691 0.5842207670211792 0.015789777040481567 0.0789487361907959
0 0.33076012134552 0.5277235507965088 0.02171066403388977 0.018011033535003662
0 0.5993525981903076 0.5264894962310791 0.030263662338256836 0.035526931285858154
0 0.5289566516876221 0.5151405930519104 0.01151341199874878 0.014309406280517578
1 0.710867702960968 0.5245157480239868 0.007565975189208984 0.03700721263885498
1 0.415138840675354 0.5886616706848145 0.03223741054534912 0.09572535753250122
0 0.5342198610305786 0.5200748443603516 0.011184394359588623 0.016776621341705322
1 0.8236986398696899 0.503298282623291 0.004605352878570557 0.020230621099472046
0 0.6542878150939941 0.5496807098388672 0.051316678524017334 0.05970495939254761
1 0.2714410722255707 0.5888553857803345 0.02474343776702881 0.10679668188095093
0 0.6306031346321106 0.5240223407745361 0.022697806358337402 0.024178028106689453
1 0.8085668087005615 0.5560952425003052 0.010526478290557861 0.06414586305618286
1 0.31401747465133667 0.5864918231964111 0.02407941222190857 0.0986376404762268
1 0.36316412687301636 0.5823706388473511 0.01967558264732361 0.1030653715133667
0 0.524022102355957 0.5176074504852295 0.007236182689666748 0.013322889804840088
1 0.7864628434181213 0.5387269854545593 0.01578974723815918 0.06158101558685303
1 0.8213312029838562 0.5244172811508179 0.0106581449508667 0.033158838748931885
1 0.4954034090042114 0.540305495262146 0.019408226013183594 0.030592620372772217
0 0.5118510723114014 0.508725643157959 0.010526537895202637 0.014309465885162354
1 0.4160599708557129 0.5253052711486816 0.012697577476501465 0.02437537908554077
1 0.415138840675354 0.5886616706848145 0.03223741054534912 0.1115151047706604
1 0.12401532381772995 0.5279697775840759 0.004605337977409363 0.020230650901794434
1 0.7658028602600098 0.5087260007858276 0.010526478290557861 0.03157949447631836
0 0.5460622310638428 0.5013241767883301 0.013158142566680908 0.018091857433319092
0 0.31283441185951233 0.5269829034805298 0.01578974723815918 0.015296339988708496
0 0.8549404144287109 0.7302759885787964 0.2901191711425781 0.31579500436782837
1 0.3904673457145691 0.5842207670211792 0.01940825581550598 0.07746845483779907
0 0.20658257603645325 0.5422792434692383 0.012829169631004333 0.022204339504241943
1 0.8032774329185486 0.5190880298614502 0.013729453086853027 0.02368462085723877
1 0.2786232829093933 0.5822470188140869 0.01875033974647522 0.10362023115158081
0 0.4850412607192993 0.5116865634918213 0.009046316146850586 0.007154524326324463
0 0.4921136498451233 0.508725643157959 0.02105298638343811 0.029440730810165405
0 0.534548819065094 0.5195814371109009 0.010526537895202637 0.017270028591156006
1 0.6935662031173706 0.5087260007858276 0.010526478290557861 0.03157949447631836
0 0.5526412725448608 0.508232593536377 0.009539663791656494 0.012829184532165527
0 0.5138247609138489 0.5309303402900696 0.02861890196800232 0.01727008819580078
0 0.5450752973556519 0.5210617780685425 0.01611870527267456 0.021217525005340576
1 0.35647687315940857 0.6190887093544006 0.03859657049179077 0.14868533611297607
0 0.293423593044281 0.5309303402900696 0.016613423824310303 0.015296339988708496
1 0.6908015608787537 0.5156340599060059 0.008552789688110352 0.02565830945968628
1 0.38222363591194153 0.586921215057373 0.02573603391647339 0.10661095380783081
1 0.7207362651824951 0.5190880298614502 0.00592118501663208 0.03700721263885498
1 0.42215588688850403 0.5245157480239868 0.010526478290557861 0.01578974723815918
1 0.9618619680404663 0.5235289335250854 0.008552730083465576 0.05600517988204956
1 0.526324987411499 0.540305495262146 0.011184394359588623 0.020230650901794434
1 0.295728862285614 0.5694178342819214 0.019408226013183594 0.09227138757705688
1 0.4361918568611145 0.5886616706848145 0.02631625533103943 0.10904794931411743
0 0.12533113360404968 0.5491872429847717 0.018421374261379242 0.02615177631378174
1 0.846726655960083 0.5607008934020996 0.021272361278533936 0.06677752733230591
0 0.3769802749156952 0.5195814371109009 0.011513352394104004 0.017270028591156006
0 0.9843834638595581 0.6503403186798096 0.03123307228088379 0.10115307569503784
2 0.5724441409111023 0.5190880298614502 0.006316065788269043 0.020230650901794434
0 0.48915329575538635 0.5240223407745361 0.019079267978668213 0.0212174654006958
1 0.8904761075973511 0.5585623979568481 0.026316285133361816 0.06858670711517334
0 0.5490227937698364 0.5136603116989136 0.01151341199874878 0.013939619064331055
1 0.3177659511566162 0.5842214822769165 0.021876662969589233 0.10066074132919312
0 0.5181009769439697 0.5210617780685425 0.01611870527267456 0.02565830945968628
1 0.7770992517471313 0.5442529916763306 0.012938976287841797 0.055593907833099365
1 0.46250808238983154 0.5842207670211792 0.027632057666778564 0.1115151047706604
1 0.8801180124282837 0.5521484613418579 0.029441773891448975 0.07598876953125
0 0.5565887093544006 0.5324106216430664 0.03223741054534912 0.041448116302490234
1 0.5210617780685425 0.540305495262146 0.010526478290557861 0.01578974723815918
1 0.9806092977523804 0.5847141742706299 0.02631622552871704 0.08289623260498047
0 0.17072667181491852 0.5437595248222351 0.017434507608413696 0.019243717193603516
0 0.6914594769477844 0.6404717564582825 0.13191020488739014 0.14654862880706787
0 0.5138248205184937 0.5240223407745361 0.021053016185760498 0.01578974723815918
0 0.15296319127082825 0.5496807098388672 0.037171706557273865 0.02417808771133423
1 0.7161309719085693 0.5235289335250854 0.006907999515533447 0.03848749399185181
0 0.4786267876625061 0.5136603116989136 0.0055921971797943115 0.006908059120178223
0 0.5039054155349731 0.5250091552734375 0.017788857221603394 0.02440577745437622
0 0.34353575110435486 0.5245157480239868 0.013158321380615234 0.013815999031066895
