0 0.47885802388191223 0.5124868154525757 0.007236957550048828 0.026951968669891357
1 0.7187625765800476 0.5304368734359741 0.013815999031066895 0.03996783494949341
0 0.5022614002227783 0.50486820936203 0.008403122425079346 0.012425392866134644
0 0.08437647670507431 0.622708261013031 0.16875295341014862 0.16036462783813477
1 0.15427902340888977 0.5679376125335693 0.029276832938194275 0.10806113481521606
1 0.3825724720954895 0.5245157480239868 0.013816028833389282 0.030592679977416992
0 0.4861927032470703 0.5076252818107605 0.009210675954818726 0.01799115538597107
1 0.3086616098880768 0.5358387231826782 0.017694413661956787 0.06505507230758667
0 0.631827712059021 0.5105628967285156 0.04144805669784546 0.016776561737060547
0 0.6372478008270264 0.5452398061752319 0.046053409576416016 0.0502314567565918
0 0.46306735277175903 0.5107983946800232 0.029605776071548462 0.05541214346885681
0 0.5644835233688354 0.5176076889038086 0.021381914615631104 0.024671494960784912
0 0.5904708504676819 0.5269829034805298 0.025000452995300293 0.03602039813995361
0 0.6947489976882935 0.5577473640441895 0.06460344791412354 0.05781751871109009
1 0.5335619449615479 0.5649769902229309 0.02171093225479126 0.09029757976531982
1 0.13026544451713562 0.5551084280014038 0.016447648406028748 0.08832389116287231
0 0.4519816040992737 0.5467200875282288 0.02138194441795349 0.05822467803955078
1 0.35117945075035095 0.5220093131065369 0.011251688003540039 0.03527247905731201
0 0.5938716530799866 0.5322510600090027 0.021164298057556152 0.037348389625549316
1 0.7967244386672974 0.5568381547927856 0.019079267978668213 0.0708044171333313
1 0.7418999671936035 0.5130029916763306 0.010526478290557861 0.02730381488800049
1 0.7444208860397339 0.5324106216430664 0.017105519771575928 0.035526931285858154
1 0.6352084875106812 0.5077391266822815 0.005921125411987305 0.02072402834892273
0 0.449349969625473 0.519334614276886 0.028372347354888916 0.017763495445251465
0 0.5516543388366699 0.513850212097168 0.017358720302581787 0.02231806516647339
0 0.5009956359863281 0.5064147710800171 0.004059940576553345 0.0098685622215271
1 0.4302706718444824 0.5097128748893738 0.008552759885787964 0.022697806358337402
1 0.30855804681777954 0.5679376125335693 0.03782960772514343 0.09523195028305054
1 0.40428340435028076 0.5187925696372986 0.008552759885787964 0.03907918930053711
0 0.4243495464324951 0.5590558052062988 0.06184318661689758 0.07894879579544067
1 0.8160015344619751 0.5253058671951294 0.008552789688110352 0.037303924560546875
0 0.5572465658187866 0.5023114085197449 0.01940828561782837 0.010855436325073242
0 0.48076197504997253 0.5092194080352783 0.010358989238739014 0.023200243711471558
0 0.5184301137924194 0.5037916898727417 0.01578974723815918 0.01924377679824829
1 0.6934331655502319 0.5077391266822815 0.008552789688110352 0.02072402834892273
0 0.5788282155990601 0.5253086686134338 0.01894998550415039 0.032266855239868164
1 0.22434604167938232 0.574845552444458 0.028083667159080505 0.10102957487106323
1 0.2569953501224518 0.5485706329345703 0.02541150152683258 0.08931028842926025
0 0.5690634250640869 0.5206443071365356 0.017409026622772217 0.028239667415618896
0 0.6150537133216858 0.5345172882080078 0.03951239585876465 0.05108910799026489
1 0.787513792514801 0.5264894962310791 0.013815999031066895 0.04292839765548706
0 0.707578182220459 0.5675429701805115 0.06381690502166748 0.06631648540496826
0 0.6609416604042053 0.5521478652954102 0.05065882205963135 0.0537838339805603
1 0.7986981868743896 0.5679376125335693 0.035855889320373535 0.08832389116287231
1 0.9470560550689697 0.5699113011360168 0.028618931770324707 0.10411369800567627
0 0.5102062821388245 0.5047785639762878 0.006579041481018066 0.012335747480392456
0 0.5740237236022949 0.524021565914154 0.0072370171546936035 0.02615177631378174
