0 0.4793024957180023 0.5128868222236633 0.007236957550048828 0.02735200524330139
1 0.7187625765800476 0.5264894962310791 0.012500166893005371 0.028618931770324707
0 0.5019824504852295 0.5062588453292847 0.007236957550048828 0.010855436325073242
0 0.49902188777923584 0.5077391862869263 0.0019737184047698975 0.003947436809539795
1 0.15559473633766174 0.570898175239563 0.02883826196193695 0.11200851202011108
1 0.3845462203025818 0.5225419998168945 0.012500196695327759 0.024671494960784912
0 0.4861927032470703 0.5073690414428711 0.009210675954818726 0.017763465642929077
1 0.7598817348480225 0.5176077485084534 0.010526478290557861 0.03996780514717102
1 0.30658429861068726 0.536358118057251 0.0190792977809906 0.06661301851272583
0 0.6319106817245483 0.5106872320175171 0.04144805669784546 0.016776621341705322
0 0.635932207107544 0.5452398061752319 0.04605346918106079 0.05220484733581543
0 0.4631495475769043 0.5107161998748779 0.029605776071548462 0.05528882145881653
0 0.5644835233688354 0.5190880298614502 0.02164512872695923 0.02822422981262207
0 0.591457724571228 0.5269829034805298 0.026316285133361816 0.03528022766113281
0 0.6947489976882935 0.5611792206764221 0.0638885498046875 0.06446671485900879
1 0.4825742244720459 0.5649769902229309 0.02368462085723877 0.09128451347351074
1 0.1805952787399292 0.5551084280014038 0.019079282879829407 0.09128445386886597
0 0.4519816040992737 0.5467200875282288 0.021528154611587524 0.057895779609680176
1 0.3573359251022339 0.5129011273384094 0.009902328252792358 0.025531768798828125
0 0.5940167903900146 0.5326863527297974 0.021309375762939453 0.038436710834503174
1 0.7967244386672974 0.5570598840713501 0.019079267978668213 0.07058268785476685
1 0.7486608028411865 0.5168402194976807 0.010526478290557861 0.03168916702270508
1 0.7426666021347046 0.5304368734359741 0.017105519771575928 0.036184847354888916
1 0.619418740272522 0.5067522525787354 0.007236957550048828 0.010855495929718018
0 0.44858241081237793 0.5190880298614502 0.028618931770324707 0.017763495445251465
0 0.5512315630912781 0.5146471261978149 0.017575740814208984 0.021992504596710205
0 0.5009956359863281 0.5071938037872314 0.003800302743911743 0.0098685622215271
1 0.4302706718444824 0.5097128748893738 0.008552759885787964 0.022697806358337402
1 0.36217740178108215 0.574845552444458 0.03190845251083374 0.10115307569503784
1 0.40428340435028076 0.5185945630073547 0.008552759885787964 0.0365138053894043
0 0.4243495464324951 0.5605361461639404 0.06283006072044373 0.08042901754379272
1 0.822053849697113 0.5245157480239868 0.009868621826171875 0.03996777534484863
0 0.5342198610305786 0.5037916898727417 0.02138197422027588 0.015296310186386108
0 0.4807415008544922 0.5090079307556152 0.010338544845581055 0.02326163649559021
0 0.5174432992935181 0.5037916898727417 0.01381605863571167 0.01924377679824829
1 0.6894857883453369 0.5110287666320801 0.011184394359588623 0.02434256672859192
0 0.578475832939148 0.5247800946235657 0.01859760284423828 0.03279542922973633
1 0.2247844934463501 0.574845552444458 0.025438696146011353 0.1014816164970398
1 0.2616548240184784 0.5498040318489075 0.02458922564983368 0.08602118492126465
0 0.5680514574050903 0.5212135910987854 0.016397058963775635 0.0303269624710083
0 0.6146742105484009 0.5350865125656128 0.040144920349121094 0.052227675914764404
1 0.7809346914291382 0.5245157480239868 0.014473974704742432 0.03996777534484863
0 0.707578182220459 0.5681842565536499 0.06357014179229736 0.06402254104614258
0 0.6613901853561401 0.5521478652954102 0.05065876245498657 0.0537838339805603
1 0.7417892813682556 0.5699112415313721 0.03519797325134277 0.08832389116287231
0 0.9462249279022217 0.5329040288925171 0.10755014419555664 0.296057790517807
0 0.5094903707504272 0.5037046074867249 0.005688965320587158 0.013728946447372437
0 0.5746811032295227 0.52303546667099 0.007236957550048828 0.02615177631378174
