0 0.34276914596557617 0.5131669044494629 0.01315811276435852 0.014309465885162354
0 0.31933122873306274 0.5115633010864258 0.010526508092880249 0.014309465885162354
0 0.37599343061447144 0.5166208744049072 0.010526508092880249 0.017270028591156006
0 0.3845462203025818 0.5166208744049072 0.0190792977809906 0.017270028591156006
0 0.28388655185699463 0.5139070749282837 0.007565915584564209 0.011348903179168701
0 0.4055992066860199 0.5181012153625488 0.019079267978668213 0.017270028591156006
0 0.357901006937027 0.5195814371109009 0.020066142082214355 0.0212174654006958
0 0.27780091762542725 0.5153873562812805 0.012335717678070068 0.01578974723815918
0 0.24912717938423157 0.5167854428291321 0.011403679847717285 0.01891481876373291
0 0.4207310676574707 0.5195814371109009 0.0190792977809906 0.01578974723815918
