0 0.4674423933029175 0.5077391862869263 0.012829184532165527 0.01529628038406372
1 0.00855278130620718 0.5541215538978577 0.006908015813678503 0.09671223163604736
1 0.36020368337631226 0.570898175239563 0.027961015701293945 0.10806113481521606
0 0.09679445624351501 0.6241885423660278 0.19358891248703003 0.11743628978729248
0 0.3348742723464966 0.5353711843490601 0.011184394359588623 0.029112398624420166
1 0.021052999421954155 0.827020525932312 0.04210599884390831 0.345958948135376
0 0.37868309020996094 0.5190880298614502 0.01644766330718994 0.017763495445251465
1 0.7988916635513306 0.5630033016204834 0.03324359655380249 0.10245925188064575
1 0.6056327819824219 0.5761464834213257 0.032386958599090576 0.1044725775718689
0 0.5536280870437622 0.5383317470550537 0.05888265371322632 0.0828961730003357
0 0.4388234615325928 0.5102063417434692 0.01842138171195984 0.012335717678070068
1 0.7750135660171509 0.5541214942932129 0.02138197422027588 0.11200851202011108
0 0.47516942024230957 0.5104580521583557 0.006579071283340454 0.022204309701919556
0 0.4988273084163666 0.5146471858024597 0.025987327098846436 0.0345400869846344
1 0.6661300659179688 0.5669506788253784 0.0424349308013916 0.10312682390213013
1 0.6671169400215149 0.5171143412590027 0.017105579376220703 0.03700724244117737
1 0.5667862296104431 0.570898175239563 0.027961015701293945 0.09671217203140259
1 0.8590611219406128 0.5669506788253784 0.03486901521682739 0.13125234842300415
0 0.25092074275016785 0.5560952425003052 0.03592638671398163 0.04835611581802368
0 0.45066577196121216 0.5131669044494629 0.011842310428619385 0.01381605863571167
1 0.7477104663848877 0.5541215538978577 0.02203989028930664 0.0942450761795044
1 0.5259960293769836 0.5644835233688354 0.027961015701293945 0.10065966844558716
1 0.16414761543273926 0.5319406986236572 0.012829169631004333 0.019243717193603516
1 0.6279715299606323 0.8076534271240234 0.14112091064453125 0.3846932053565979
0 0.4198985993862152 0.5077391266822815 0.019408226013183594 0.03700721263885498
1 0.835211992263794 0.5491872429847717 0.028947889804840088 0.09671223163604736
0 0.4611923098564148 0.5329040288925171 0.03782960772514343 0.04144805669784546
1 0.2020477056503296 0.5171142816543579 0.013487085700035095 0.01943761110305786
1 0.37204599380493164 0.5185946226119995 0.004276394844055176 0.01529628038406372
0 0.3651379644870758 0.5131669044494629 0.011184394359588623 0.010855495929718018
0 0.38562554121017456 0.5199824571609497 0.00822383165359497 0.016776621341705322
0 0.40855979919433594 0.5171142816543579 0.01118442416191101 0.016776621341705322
1 0.9779776334762573 0.5491872429847717 0.028947830200195312 0.09671223163604736
1 0.3628352880477905 0.5171142816543579 0.005921155214309692 0.012829124927520752
0 0.3150191903114319 0.5329040884971619 0.04144808650016785 0.04440867900848389
0 0.21414849162101746 0.5560952425003052 0.06979776918888092 0.07450789213180542
1 0.6181029081344604 0.5155635476112366 0.012453198432922363 0.034258127212524414
1 0.29309722781181335 0.5185946226119995 0.006907999515533447 0.01529628038406372
1 0.9931094646453857 0.5348777770996094 0.013487040996551514 0.09819254279136658
1 0.7235332727432251 0.6821670532226562 0.11924511194229126 0.32813018560409546
1 0.5105352401733398 0.7979081869125366 0.14112088084220886 0.40418362617492676
0 0.48158735036849976 0.5106997489929199 0.013816028833389282 0.022204339504241943
1 0.8486990928649902 0.7287956476211548 0.15460795164108276 0.3937568664550781
0 0.40033596754074097 0.5171142816543579 0.015789777040481567 0.016776621341705322
1 0.3907963037490845 0.5630033016204834 0.022039860486984253 0.09424501657485962
1 0.3654669225215912 0.8143147230148315 0.15625274181365967 0.3713705539703369
1 0.42731010913848877 0.5171142816543579 0.006907999515533447 0.028125464916229248
0 0.045066576451063156 0.6557680368423462 0.08947525173425674 0.13569313287734985
0 0.16052912175655365 0.5713915824890137 0.08486991375684738 0.07204073667526245
0 0.28125491738319397 0.5467200875282288 0.03881645202636719 0.038980960845947266
1 0.9480428695678711 0.6587285995483398 0.06710642576217651 0.2037864327430725
1 0.7638291120529175 0.5667043924331665 0.03026360273361206 0.10756832361221313
1 0.16645027697086334 0.5743521451950073 0.027961015701293945 0.06118530035018921
0 0.5034029483795166 0.5178096294403076 0.028618931770324707 0.033059775829315186
1 0.6036760210990906 0.5202863812446594 0.013487100601196289 0.040743231773376465
1 0.6542878150939941 0.570898175239563 0.028947889804840088 0.10065966844558716
1 0.5834531784057617 0.5264894366264343 0.009978234767913818 0.03996777534484863
1 0.7681055068969727 0.7401444911956787 0.08585673570632935 0.30839353799819946
0 0.48520585894584656 0.511817216873169 0.011184394359588623 0.016776621341705322
0 0.3036237359046936 0.5422792434692383 0.026645183563232422 0.03454005718231201
1 0.9358628988265991 0.8009921312332153 0.12827420234680176 0.3980157971382141
