0 0.6967227458953857 0.5363580584526062 0.01842135190963745 0.018750309944152832
0 0.42763906717300415 0.5467200875282288 0.01842138171195984 0.012335777282714844
0 0.5717204809188843 0.5496806502342224 0.019079267978668213 0.013322591781616211
0 0.30822908878326416 0.5551084280014038 0.007565915584564209 0.011348903179168701
0 0.4901401400566101 0.5447463989257812 0.013816028833389282 0.013322591781616211
0 0.31382128596305847 0.5931024551391602 0.04736924171447754 0.060691893100738525
0 0.9223845601081848 0.5600427389144897 0.07960665225982666 0.06167870759963989
1 0.7787415981292725 0.5220485329627991 0.005592167377471924 0.009046196937561035
0 0.43323129415512085 0.5560952425003052 0.025987297296524048 0.031086087226867676
0 0.41382303833961487 0.5486937761306763 0.008881747722625732 0.012335717678070068
0 0.7700792551040649 0.5393186807632446 0.027303099632263184 0.033059775829315186
0 0.5128378868103027 0.542772650718689 0.006907999515533447 0.007401466369628906
0 0.4194152355194092 0.5363580584526062 0.011513352394104004 0.013322591781616211
0 0.9790380001068115 0.5600427389144897 0.04192399978637695 0.05575758218765259
0 0.4694161117076874 0.542772650718689 0.011513352394104004 0.011348843574523926
0 0.48734402656555176 0.6505868434906006 0.17023304104804993 0.20033222436904907
0 0.6931042671203613 0.5393186807632446 0.020723998546600342 0.012335717678070068
0 0.7467235922813416 0.5324106216430664 0.01907932758331299 0.018750309944152832
0 0.7776452302932739 0.5259960293769836 0.010197579860687256 0.007401466369628906
0 0.44474464654922485 0.5477069616317749 0.010197550058364868 0.012335777282714844
0 0.7125124931335449 0.531423807144165 0.021381914615631104 0.020723998546600342
0 0.6005586385726929 0.5343842506408691 0.01578974723815918 0.010361969470977783
1 0.7325786352157593 0.6019842624664307 0.03190845251083374 0.08783048391342163
0 0.8585676550865173 0.5373449325561523 0.04868507385253906 0.045395493507385254
0 0.5592203140258789 0.5496806502342224 0.022697806358337402 0.020724058151245117
0 0.48008352518081665 0.5427020192146301 0.0032426118850708008 0.011630773544311523
1 0.7539605498313904 0.5200748443603516 0.006579041481018066 0.011842310428619385
0 0.3782960772514343 0.5950762033462524 0.09046211838722229 0.10065960884094238
0 0.5052720308303833 0.5412923693656921 0.004934251308441162 0.006414532661437988
0 0.4769820272922516 0.5457332134246826 0.020724058151245117 0.013322591781616211
0 0.46810030937194824 0.5506675243377686 0.02072402834892273 0.011348843574523926
1 0.6213924288749695 0.5353711843490601 0.00789487361907959 0.02417808771133423
0 0.8848015069961548 0.5361113548278809 0.05411273241043091 0.03355318307876587
0 0.45856064558029175 0.5496806502342224 0.013816028833389282 0.013322591781616211
