0 0.4822452664375305 0.5225419998168945 0.02138194441795349 0.025164902210235596
0 0.19901663064956665 0.500831127166748 0.021381959319114685 0.0029605627059936523
0 0.4457314908504486 0.5087260007858276 0.003289520740509033 0.003947436809539795
0 0.48915329575538635 0.500831127166748 0.005263268947601318 0.00789487361907959
0 0.31086158752441406 0.5065056085586548 0.011184543371200562 0.003947436809539795
0 0.47566622495651245 0.5028048753738403 0.005921155214309692 0.007894903421401978
0 0.4315866231918335 0.500831127166748 0.002631634473800659 0.003947466611862183
0 0.5029693245887756 0.5106997489929199 0.012500196695327759 0.016776621341705322
0 0.4823395609855652 0.5028046369552612 0.00789487361907959 0.011842310428619385
0 0.37434881925582886 0.5023114085197449 0.008223772048950195 0.0049343109130859375
0 0.4101746082305908 0.5135705471038818 0.010227441787719727 0.011842310428619385
0 0.3592168092727661 0.5195814371109009 0.025987297296524048 0.0310860276222229
0 0.5056009292602539 0.5126734375953674 0.0098685622215271 0.012829184532165527
0 0.32796627283096313 0.5047786235809326 0.013816028833389282 0.003947436809539795
0 0.07598817348480225 0.5250091552734375 0.037171706557273865 0.02319115400314331
0 0.2940840721130371 0.5269829034805298 0.041119128465652466 0.04588896036148071
0 0.03157949820160866 0.5827404260635376 0.06315899640321732 0.11496907472610474
0 0.43323126435279846 0.5225420594215393 0.016776621341705322 0.023191213607788086
0 0.45231056213378906 0.5067522525787354 0.003289550542831421 0.004934251308441162
0 0.349348247051239 0.5047785639762878 0.009868592023849487 0.0049343109130859375
0 0.4284285306930542 0.5130681991577148 0.009868592023849487 0.011842310428619385
0 0.4190862774848938 0.5299434661865234 0.02401357889175415 0.02713865041732788
0 0.17960840463638306 0.5585623979568481 0.16776609420776367 0.16480550169944763
0 0.4572448432445526 0.5047785639762878 0.003289520740509033 0.009868592023849487
0 0.2813657224178314 0.5074102878570557 0.010087668895721436 0.004276275634765625
0 0.3845462203025818 0.5156340599060059 0.02138194441795349 0.025164902210235596
0 0.449678897857666 0.5106997489929199 0.009868592023849487 0.011842310428619385
0 0.016776608303189278 0.5205683708190918 0.031250547617673874 0.02713865041732788
0 0.4651397168636322 0.5047786235809326 0.003289520740509033 0.003947436809539795
0 0.4944165349006653 0.5028048753738403 0.003289550542831421 0.003947436809539795
