0 0.3865199089050293 0.4954034090042114 0.004605323076248169 0.016776591539382935
1 0.982820987701416 0.6434323191642761 0.034358084201812744 0.2511937618255615
0 0.7868558764457703 0.5146471261978149 0.009210705757141113 0.024671494960784912
1 0.7756714820861816 0.6103725433349609 0.03980332612991333 0.20773392915725708
0 0.9399505853652954 0.6046628952026367 0.09685325622558594 0.11052829027175903
0 0.40296757221221924 0.4954034090042114 0.0055921971797943115 0.013816028833389282
0 0.19309547543525696 0.5585623979568481 0.10033069550991058 0.0828961730003357
0 0.04054347425699234 0.5630033016204834 0.08108694851398468 0.12187713384628296
0 0.953964114189148 0.5037916898727417 0.059869468212127686 0.03454011678695679
0 0.14901575446128845 0.5131668448448181 0.02275751531124115 0.03131029009819031
1 0.995083212852478 0.4944165349006653 0.007565915584564209 0.015296310186386108
1 0.7539617419242859 0.5256683826446533 0.01074516773223877 0.021548688411712646
0 0.40855979919433594 0.4954034090042114 0.007236987352371216 0.017763495445251465
0 0.9299503564834595 0.5796740651130676 0.1338837742805481 0.12437927722930908
0 0.379117488861084 0.49614396691322327 0.011842310428619385 0.01653057336807251
0 0.9813406467437744 0.5106997489929199 0.03731870651245117 0.020724058151245117
0 0.4059281349182129 0.48010706901550293 0.0055921971797943115 0.005427747964859009
0 0.9980437755584717 0.4872001111507416 0.003618478775024414 0.03003758192062378
0 0.7822505235671997 0.5023114681243896 0.018668174743652344 0.022204339504241943
0 0.24671080708503723 0.5203220248222351 0.05444306135177612 0.055511802434921265
0 0.12368637323379517 0.5146471858024597 0.03782960772514343 0.0337996780872345
0 0.26579412817955017 0.5023114681243896 0.01644766330718994 0.022204339504241943
0 0.899357795715332 0.5106997489929199 0.08125144243240356 0.03602033853530884
0 0.2975913882255554 0.5092203617095947 0.03530797362327576 0.03717342019081116
0 0.165134459733963 0.5146471261978149 0.04342181980609894 0.03602033853530884
0 0.8676687479019165 0.5062588453292847 0.025987327098846436 0.017763465642929077
0 0.9779776334762573 0.6380046010017395 0.01743447780609131 0.05526411533355713
0 0.37994086742401123 0.49688369035720825 0.012829184532165527 0.015296339988708496
1 0.7598820924758911 0.6064250469207764 0.028619110584259033 0.19274574518203735
0 0.19276653230190277 0.5062588453292847 0.033224254846572876 0.03157949447631836
1 0.7552763819694519 0.7144861817359924 0.02203989028930664 0.03207290172576904
0 0.3513219356536865 0.48553481698036194 0.05263251066207886 0.08980423212051392
0 0.37928295135498047 0.5269829034805298 0.04901403188705444 0.05131673812866211
0 0.292439341545105 0.5753390192985535 0.10987034440040588 0.10806107521057129
0 0.5777931213378906 0.5460385084152222 0.3421112895011902 0.5338909029960632
0 0.41020452976226807 0.4993508458137512 0.006579071283340454 0.03157949447631836
0 0.3947431445121765 0.4983261823654175 0.01996508240699768 0.025354892015457153
1 0.8486990928649902 0.6355374455451965 0.057402074337005615 0.217848539352417
0 0.2227012664079666 0.5092194676399231 0.017434507608413696 0.03157952427864075
