0 0.5184301137924194 0.8051862716674805 0.32763731479644775 0.38962745666503906
1 0.6036289930343628 0.5886616110801697 0.03157949447631836 0.06069183349609375
0 0.142107754945755 0.5560952425003052 0.03223741054534912 0.020724058151245117
0 0.5536280870437622 0.5309303402900696 0.021053016185760498 0.025658369064331055
0 0.5072457194328308 0.5225419998168945 0.008552789688110352 0.011348903179168701
0 0.0982653796672821 0.5607004165649414 0.013158120214939117 0.01727008819580078
1 0.7289601564407349 0.540305495262146 0.011184394359588623 0.0439152717590332
1 0.7763293981552124 0.6518206596374512 0.06381690502166748 0.15888434648513794
0 0.5128378868103027 0.5269829034805298 0.011184394359588623 0.015296339988708496
1 0.8431068658828735 0.5102062821388245 0.00822383165359497 0.03700721263885498
0 0.5763258934020996 0.5393186807632446 0.03026372194290161 0.037007272243499756
1 0.26414936780929565 0.6192542314529419 0.02927681803703308 0.09671217203140259
0 0.6250109672546387 0.5368515253067017 0.027632057666778564 0.02713865041732788
1 0.3401375412940979 0.5630033016204834 0.01578974723815918 0.0675998330116272
1 0.744749903678894 0.5245157480239868 0.010526478290557861 0.04835611581802368
1 0.7763293981552124 0.5886616706848145 0.03223741054534912 0.09572535753250122
1 0.37280356884002686 0.6619846820831299 0.05621778964996338 0.163718581199646
1 0.5248901844024658 0.5931473970413208 0.02631622552871704 0.06414586305618286
1 0.7799111604690552 0.5643739700317383 0.019517898559570312 0.07291799783706665
1 0.8930385112762451 0.5379682183265686 0.011184394359588623 0.0471874475479126
0 0.4903678894042969 0.5177595615386963 0.010526508092880249 0.016700685024261475
1 0.2305961400270462 0.5886616706848145 0.0345400869846344 0.1115151047706604
1 0.37475067377090454 0.5591655373573303 0.014144986867904663 0.0751110315322876
1 0.7552763819694519 0.6518206000328064 0.0848698616027832 0.19145071506500244
0 0.5284631848335266 0.509712815284729 0.013158082962036133 0.017270028591156006
0 0.16974098980426788 0.5553549528121948 0.02861824631690979 0.022944271564483643
1 0.6381690502166748 0.6552746295928955 0.04046124219894409 0.11348879337310791
0 0.18059509992599487 0.5517356395721436 0.020723730325698853 0.01940685510635376
0 0.1559237837791443 0.5491872429847717 0.017434507608413696 0.008388280868530273
1 0.8748506903648376 0.5250962376594543 0.01578974723815918 0.027356266975402832
1 0.6855382919311523 0.6148133873939514 0.049671947956085205 0.1292785406112671
1 0.26283353567123413 0.5975433588027954 0.0404612272977829 0.07204073667526245
0 0.4608633518218994 0.5229649543762207 0.012406200170516968 0.006907999515533447
1 0.3532957434654236 0.5245157480239868 0.010526508092880249 0.01578974723815918
0 0.4725413918495178 0.5173606872558594 0.021217554807662964 0.026398181915283203
0 0.514811635017395 0.5279697179794312 0.009539604187011719 0.014309465885162354
1 0.35189783573150635 0.5637432932853699 0.01850321888923645 0.05773043632507324
1 0.6914594769477844 0.5245157480239868 0.010526537895202637 0.03157949447631836
0 0.5345488786697388 0.5181012153625488 0.008881866931915283 0.011348903179168701
1 0.7607588768005371 0.531423807144165 0.00668865442276001 0.033059656620025635
0 0.05822470039129257 0.5713915824890137 0.0072369687259197235 0.013815999031066895
0 0.49474549293518066 0.5482003688812256 0.027632087469100952 0.0325663685798645
0 0.5375093817710876 0.5309303402900696 0.008552789688110352 0.01727008819580078
1 0.2694126069545746 0.7199139595031738 0.08158038556575775 0.2713863253593445
0 0.01866808906197548 0.5738587379455566 0.03733617812395096 0.030592620372772217
1 0.6809329986572266 0.5245157480239868 0.008552730083465576 0.026645183563232422
1 0.6200766563415527 0.6306031942367554 0.053619384765625 0.09325820207595825
0 0.3391100764274597 0.5335206985473633 0.01858559250831604 0.017270028591156006
1 0.7523157596588135 0.540305495262146 0.011184394359588623 0.04736924171447754
1 0.3829014301300049 0.5560952425003052 0.010526508092880249 0.04835611581802368
1 0.9842277765274048 0.6113593578338623 0.029276788234710693 0.12730485200881958
1 0.14638414978981018 0.6182674169540405 0.029276832938194275 0.15296322107315063
1 0.9449121952056885 0.6315891146659851 0.04654645919799805 0.08265078067779541
0 0.04704029858112335 0.5699112415313721 0.027632061392068863 0.027632057666778564
1 0.817777156829834 0.6170613765716553 0.033882200717926025 0.12220644950866699
0 0.30345940589904785 0.537838339805603 0.018092185258865356 0.021957457065582275
2 0.544948935508728 0.5210617780685425 0.004605352878570557 0.011690795421600342
0 0.46645551919937134 0.5373449325561523 0.02105298638343811 0.024918198585510254
1 0.8769890069961548 0.6202411651611328 0.03684276342391968 0.1115151047706604
0 0.5250091552734375 0.5195814371109009 0.010855436325073242 0.008388340473175049
1 0.3858620226383209 0.6587286591529846 0.03125053644180298 0.18355584144592285
0 0.4960612654685974 0.5230355262756348 0.016118675470352173 0.011348903179168701
1 0.7667104601860046 0.5724635124206543 0.022368788719177246 0.0804290771484375
1 0.8602942824363708 0.6005042791366577 0.03314244747161865 0.10362094640731812
1 0.36268341541290283 0.555943489074707 0.01133623719215393 0.060691893100738525
0 0.5259960889816284 0.5338909029960632 0.024671494960784912 0.028618931770324707
0 0.11628489196300507 0.5597959756851196 0.019408203661441803 0.01603645086288452
0 0.8727861642837524 0.8307212591171265 0.2544277310371399 0.33855748176574707
0 0.5042851567268372 0.5407989621162415 0.025658369064331055 0.028618931770324707
1 0.7342233657836914 0.5358646512031555 0.008881747722625732 0.0439152717590332
0 0.4595475196838379 0.5210617780685425 0.010526508092880249 0.00592118501663208
0 0.48454809188842773 0.5393186807632446 0.021053016185760498 0.02713865041732788
0 0.2799392342567444 0.5422792434692383 0.019079148769378662 0.016776621341705322
1 0.9255251288414001 0.6366377472877502 0.03745007514953613 0.08399593830108643
