0 0.33322954177856445 0.5546150207519531 0.009539633989334106 0.016776621341705322
0 0.3521445393562317 0.5467200875282288 0.01398053765296936 0.010855436325073242
0 0.6485321521759033 0.5564652681350708 0.02598726749420166 0.016776621341705322
1 0.057566799223423004 0.6083987951278687 0.03092159703373909 0.10115307569503784
0 0.5865234136581421 0.5743521451950073 0.05493515729904175 0.048849523067474365
1 0.025658342987298965 0.6162936687469482 0.017434515058994293 0.0750012993812561
0 0.6898148059844971 0.5641546249389648 0.014473915100097656 0.010526478290557861
0 0.39516788721084595 0.5501036047935486 0.01442691683769226 0.01578974723815918
0 0.6421164870262146 0.5718849897384644 0.027961015701293945 0.02417808771133423
0 0.6049448251724243 0.5496807098388672 0.03914541006088257 0.030592620372772217
