0 0.49342969059944153 0.5035449266433716 0.006907999515533447 0.010362058877944946
0 0.3782960772514343 0.49737709760665894 0.008881717920303345 0.010361999273300171
0 0.38092783093452454 0.4977060556411743 0.006907999515533447 0.010361999273300171
0 0.5407989025115967 0.5037917494773865 0.008881747722625732 0.010362058877944946
0 0.4000070095062256 0.49737709760665894 0.006908029317855835 0.010361999273300171
0 0.3595457673072815 0.4954034090042114 0.025329411029815674 0.024671465158462524
0 0.4828573167324066 0.49882298707962036 0.006012976169586182 0.00296059250831604
0 0.5450752973556519 0.5023114085197449 0.006907999515533447 0.010361999273300171
0 0.44814372062683105 0.4954034090042114 0.006907999515533447 0.010362029075622559
0 0.25066226720809937 0.5023114085197449 0.030263692140579224 0.017270058393478394
0 0.4878374934196472 0.5046141147613525 0.011513352394104004 0.014309465885162354
0 0.5256670713424683 0.5042851567268372 0.011513352394104004 0.014309436082839966
0 0.645077109336853 0.5990236401557922 0.09539645910263062 0.10065960884094238
0 0.4187573194503784 0.5116865634918213 0.025329381227493286 0.031086057424545288
0 0.33915066719055176 0.531423807144165 0.049342960119247437 0.05871814489364624
0 0.41250723600387573 0.4919493794441223 0.015131860971450806 0.017270058393478394
0 0.4263232350349426 0.4973771274089813 0.006908029317855835 0.003947436809539795
0 0.44145509600639343 0.4919493794441223 0.009539663791656494 0.013322621583938599
0 0.5111931562423706 0.503298282623291 0.006908059120178223 0.0029605627059936523
0 0.23191195726394653 0.5023114681243896 0.02532939612865448 0.014309465885162354
0 0.4743503928184509 0.4954034090042114 0.015131860971450806 0.024671465158462524
0 0.5069167613983154 0.503298282623291 0.007565915584564209 0.010362029075622559
