0 0.5250091552734375 0.5590558052062988 0.05559307336807251 0.06710642576217651
0 0.49211496114730835 0.5269827246665955 0.030921608209609985 0.018750309944152832
0 0.6115238666534424 0.5457332134246826 0.09539639949798584 0.051316678524017334
0 0.7352102398872375 0.5610295534133911 0.1694108247756958 0.0804290771484375
0 0.6727091073989868 0.5590558052062988 0.054277241230010986 0.047369301319122314
0 0.2552676200866699 0.5259960889816284 0.022697746753692627 0.012335717678070068
0 0.7575790882110596 0.5787930488586426 0.17763465642929077 0.07204073667526245
0 0.44902101159095764 0.5304369330406189 0.01578974723815918 0.018750309944152832
0 0.45856064558029175 0.5304368734359741 0.00822383165359497 0.012335717678070068
0 0.4654686748981476 0.5383318066596985 0.02138197422027588 0.02368462085723877
0 0.5079035758972168 0.5324106216430664 0.019079267978668213 0.015296339988708496
0 0.5607567429542542 0.5343843698501587 0.04342186450958252 0.032073140144348145
