0 0.5822470188140869 0.5630033016204834 0.012829184532165527 0.03454011678695679
0 0.7809346914291382 0.6607023477554321 0.315466046333313 0.3532956540584564
0 0.549351692199707 0.5477069616317749 0.011842310428619385 0.027632057666778564
0 0.45066577196121216 0.5363580584526062 0.01282915472984314 0.013815999031066895
0 0.5335619449615479 0.536358118057251 0.011842310428619385 0.006907999515533447
0 0.5519833564758301 0.5491872429847717 0.00822383165359497 0.02911233901977539
1 0.11875207722187042 0.5664572715759277 0.015131838619709015 0.06562614440917969
1 0.13684450089931488 0.5738587379455566 0.026645205914974213 0.10411369800567627
0 0.526324987411499 0.52303546667099 0.011184394359588623 0.015296339988708496
0 0.5391541719436646 0.5422792434692383 0.01019752025604248 0.010855436325073242
1 0.0418844074010849 0.6139932870864868 0.04682065546512604 0.1606948971748352
0 0.4674423933029175 0.5393186807632446 0.019408226013183594 0.008388340473175049
0 0.4361918568611145 0.5432660579681396 0.017434507608413696 0.0054277777671813965
0 0.9421217441558838 0.5861945152282715 0.05427730083465576 0.13519972562789917
0 0.5786285400390625 0.5585623979568481 0.02203989028930664 0.03700721263885498
1 0.19474025070667267 0.5837273597717285 0.027632057666778564 0.08536332845687866
1 0.645734965801239 0.5551084280014038 0.011513352394104004 0.04835611581802368
0 0.4727056324481964 0.5171142816543579 0.004605352878570557 0.006907999515533447
0 0.4940876066684723 0.5240223407745361 0.03684276342391968 0.04292839765548706
0 0.5335619449615479 0.5284631848335266 0.01842135190963745 0.017763495445251465
0 0.46645551919937134 0.5215551853179932 0.011842310428619385 0.015296339988708496
1 0.08059351146221161 0.5482003688812256 0.016118697822093964 0.056744396686553955
0 0.5463911294937134 0.5447463989257812 0.004605352878570557 0.01776343584060669
0 0.982820987701416 0.6069185137748718 0.034358084201812744 0.06908011436462402
0 0.4055992066860199 0.5284631848335266 0.011842310428619385 0.012335777282714844
1 0.1309233456850052 0.5649769902229309 0.017105557024478912 0.08092248439788818
0 0.4766530692577362 0.5171142816543579 0.004605352878570557 0.006907999515533447
0 0.4996798038482666 0.5531346797943115 0.035855889320373535 0.042928338050842285
0 0.4674423933029175 0.5185946226119995 0.009210705757141113 0.012335717678070068
0 0.41579675674438477 0.5723784565925598 0.03947436809539795 0.0577312707901001
0 0.4342181384563446 0.5393186807632446 0.01578974723815918 0.003947436809539795
0 0.47007399797439575 0.6098790764808655 0.11052823066711426 0.136680006980896
0 0.5694178342819214 0.5516543984413147 0.026645243167877197 0.03602039813995361
0 0.5299434661865234 0.5516543984413147 0.026645183563232422 0.03157949447631836
0 0.460863322019577 0.5284631848335266 0.01578974723815918 0.020724058151245117
0 0.43684977293014526 0.5363580584526062 0.02105298638343811 0.013815999031066895
1 0.2230302095413208 0.572378396987915 0.021710917353630066 0.08832389116287231
0 0.46448180079460144 0.52303546667099 0.011842310428619385 0.010855436325073242
0 0.0537838377058506 0.5792864561080933 0.1075676754117012 0.08289623260498047
0 0.6062605977058411 0.5615229606628418 0.05230355262756348 0.059211552143096924
0 0.38717782497406006 0.560042679309845 0.041448116302490234 0.05230355262756348
0 0.0027138632722198963 0.5985302329063416 0.005427726544439793 0.03157949447631836
0 0.38717782497406006 0.5546149611473083 0.0690801739692688 0.041448116302490234
0 0.5621808767318726 0.5477069616317749 0.025000452995300293 0.033059775829315186
0 0.4552711248397827 0.5363580584526062 0.012829184532165527 0.015296339988708496
