0 0.3246767222881317 0.5245157480239868 0.07565921545028687 0.03602039813995361
0 0.012829171493649483 0.5215551853179932 0.0250004380941391 0.030592679977416992
0 0.8671204447746277 0.48553481698036194 0.029605746269226074 0.015296339988708496
0 0.11710730940103531 0.500831127166748 0.0250004380941391 0.020724058151245117
0 0.3707301616668701 0.5630033016204834 0.09309372305870056 0.06661301851272583
0 0.27039945125579834 0.52303546667099 0.04440866410732269 0.02763211727142334
0 0.1615159809589386 0.4899756908416748 0.011842310428619385 0.017763465642929077
0 0.2638204097747803 0.5215551853179932 0.03684276342391968 0.027632057666778564
0 0.04035402834415436 0.48833122849464417 0.01918838359415531 0.024507582187652588
0 0.06184318661689758 0.5329040288925171 0.04243495687842369 0.04292839765548706
1 0.015131843276321888 0.4983639717102051 0.007565921172499657 0.015296310186386108
0 0.0710538774728775 0.49096256494522095 0.009210683405399323 0.009868592023849487
0 0.5756679773330688 0.6212279796600342 0.10065966844558716 0.12039685249328613
0 0.17072667181491852 0.4939231276512146 0.01644766330718994 0.017763495445251465
0 0.027632061392068863 0.5116865634918213 0.02039509266614914 0.024671494960784912
0 0.15230530500411987 0.49096256494522095 0.014802888035774231 0.017763465642929077
0 0.2996762990951538 0.4954034090042114 0.00822383165359497 0.013816028833389282
0 0.08684362471103668 0.488495409488678 0.00921069085597992 0.009868592023849487
0 0.2713863253593445 0.5753390192985535 0.08486990630626678 0.08733701705932617
0 0.2204003632068634 0.5195815563201904 0.016940981149673462 0.03157949447631836
0 0.691130518913269 0.644912600517273 0.1809241771697998 0.18404924869537354
0 0.28125491738319397 0.5245157480239868 0.03125053644180298 0.024671494960784912
0 0.9954121708869934 0.8536333441734314 0.005592226982116699 0.07598817348480225
0 0.24737274646759033 0.5176077485084534 0.04704028367996216 0.041448116302490234
0 0.10065965354442596 0.4924428164958954 0.016447655856609344 0.022204339504241943
0 0.07763293385505676 0.4954034090042114 0.011842317879199982 0.015296339988708496
0 0.330268919467926 0.5491872429847717 0.065461665391922 0.05131673812866211
0 0.2480306625366211 0.5269829034805298 0.034211114048957825 0.037500619888305664
0 0.8496859073638916 0.6917884349822998 0.19375336170196533 0.20625358819961548
0 0.16672752797603607 0.488495409488678 0.011239439249038696 0.015707343816757202
0 0.31283441185951233 0.4924428462982178 0.019408226013183594 0.01085546612739563
0 0.2164488136768341 0.49951496720314026 0.0460534393787384 0.04046136140823364
0 0.24539902806282043 0.52303546667099 0.04144810140132904 0.03305983543395996
0 0.2055957019329071 0.48701509833335876 0.036842748522758484 0.024671494960784912
0 0.18537011742591858 0.5062588453292847 0.036842748522758484 0.03231978416442871
1 0.009210687130689621 0.5018180012702942 0.00427639065310359 0.010362029075622559
0 0.2582281827926636 0.500831127166748 0.029605776071548462 0.017763465642929077
0 0.8746863603591919 0.49096256494522095 0.030592679977416992 0.008388310670852661
0 0.08388304710388184 0.4978705644607544 0.013816028833389282 0.017763495445251465
