0 0.5444174408912659 0.5131669044494629 0.035855889320373535 0.04292839765548706
0 0.5220485925674438 0.4495144486427307 0.01644766330718994 0.015296339988708496
0 0.6401427984237671 0.6074119806289673 0.09967279434204102 0.11644941568374634
0 0.5802732706069946 0.5615229606628418 0.06644850969314575 0.07352101802825928
0 0.9454025030136108 0.910163402557373 0.10919493436813354 0.17967313528060913
0 0.5470490455627441 0.4495144486427307 0.02039504051208496 0.02615177631378174
0 0.49902188777923584 0.45099472999572754 0.017434507608413696 0.01924377679824829
0 0.5259960889816284 0.49688369035720825 0.022039830684661865 0.030592650175094604
0 0.6743538975715637 0.531423807144165 0.07006704807281494 0.05822473764419556
0 0.34671658277511597 0.5106997489929199 0.02861890196800232 0.062172114849090576
0 0.5332330465316772 0.5037916898727417 0.026645243167877197 0.03996783494949341
0 0.8300222158432007 0.7485328316688538 0.33995556831359863 0.38734233379364014
0 0.7315917611122131 0.531423807144165 0.057237863540649414 0.051316678524017334
0 0.5220485925674438 0.48701512813568115 0.020395100116729736 0.026151806116104126
