0 0.41053348779678345 0.5546149611473083 0.023026734590530396 0.03157949447631836
0 0.5986946821212769 0.5881681442260742 0.05625098943710327 0.062172114849090576
0 0.3977043330669403 0.5590558052062988 0.025000452995300293 0.031579554080963135
0 0.6983674764633179 0.5630033016204834 0.06447482109069824 0.04144805669784546
0 0.6273136138916016 0.5546149611473083 0.046053409576416016 0.030592679977416992
0 0.4954034090042114 0.5477069616317749 0.019408226013183594 0.019243717193603516
0 0.35428252816200256 0.5743521451950073 0.035855889320373535 0.04983639717102051
0 0.5552728772163391 0.5605361461639404 0.03519797325134277 0.03996783494949341
0 0.19638502597808838 0.5728718638420105 0.04144810140132904 0.02368462085723877
0 0.5250091552734375 0.5590558052062988 0.004605352878570557 0.0054277777671813965
0 0.6006684303283691 0.5477069616317749 0.03980332612991333 0.027632057666778564
0 0.07977113127708435 0.6074119806289673 0.1595422625541687 0.15789753198623657
0 0.5368515253067017 0.5477069616317749 0.021381914615631104 0.027632057666778564
0 0.6098791360855103 0.5398120880126953 0.017434537410736084 0.008388280868530273
0 0.48520585894584656 0.6143199801445007 0.10065966844558716 0.12335741519927979
0 0.27401795983314514 0.5881681442260742 0.15131844580173492 0.18552953004837036
0 0.6595510244369507 0.5546149611473083 0.06447482109069824 0.04440867900848389
