1 0.8250144720077515 0.5644835829734802 0.018750369548797607 0.12089025974273682
1 0.5302724838256836 0.4954034090042114 0.007565915584564209 0.030592650175094604
0 0.5588913559913635 0.5116865634918213 0.030263662338256836 0.038487523794174194
0 0.2904655933380127 0.49491000175476074 0.05394831299781799 0.02417805790901184
1 0.5865234136581421 0.5023114085197449 0.012829184532165527 0.03632870316505432
0 0.16414761543273926 0.5560952425003052 0.09473849833011627 0.11102169752120972
1 0.1690818965435028 0.4983639717102051 0.012829169631004333 0.017763465642929077
1 0.9023177623748779 0.5718849897384644 0.046382009983062744 0.1586380898952484
1 0.7509999871253967 0.5324106216430664 0.027961015701293945 0.07500132918357849
1 0.04079018533229828 0.5235289335250854 0.022039858624339104 0.04835611581802368
0 0.5266539454460144 0.4939230978488922 0.05065882205963135 0.030592620372772217
0 0.5490227937698364 0.49688369035720825 0.0036185383796691895 0.008388280868530273
0 0.07253416627645493 0.5916222333908081 0.14506833255290985 0.11940997838973999
0 0.34342706203460693 0.4820808172225952 0.10625183582305908 0.06266558170318604
1 0.31941381096839905 0.4954034090042114 0.007565915584564209 0.014062851667404175
0 0.29112350940704346 0.5274763107299805 0.04835611581802368 0.06118530035018921
0 0.5730363130569458 0.4963902533054352 0.007565915584564209 0.0098685622215271
1 0.9431086182594299 0.5950762033462524 0.04572451114654541 0.1657923460006714
1 0.6575772762298584 0.5121800303459167 0.007565915584564209 0.05082324147224426
0 0.36250633001327515 0.5131669044494629 0.031250566244125366 0.0345400869846344
0 0.24276740849018097 0.5432660579681396 0.0786198079586029 0.08536332845687866
1 0.5968854427337646 0.5222952961921692 0.01529628038406372 0.045395493507385254
1 0.5029693245887756 0.49688369035720825 0.014473915100097656 0.03552696108818054
0 0.5072457194328308 0.4939230978488922 0.031250566244125366 0.030592620372772217
0 0.3766513466835022 0.5092194080352783 0.021710902452468872 0.0325663685798645
0 0.5977078676223755 0.49852845072746277 0.008881747722625732 0.00592118501663208
1 0.7358680963516235 0.570898175239563 0.033224284648895264 0.1174362301826477
1 0.34496206045150757 0.503298282623291 0.009649276733398438 0.028947919607162476
0 0.3243477940559387 0.5235289335250854 0.03684273362159729 0.04243499040603638
0 0.4723767042160034 0.4993508458137512 0.05131670832633972 0.025658369064331055
