0 0.38553306460380554 0.5324106216430664 0.019408226013183594 0.0439152717590332
0 0.19506919384002686 0.5916221737861633 0.1516473889350891 0.13914716243743896
0 0.4388234615325928 0.5353711843490601 0.04177704453468323 0.04983639717102051
0 0.39770427346229553 0.5284632444381714 0.020395100116729736 0.03766530752182007
0 0.4148098826408386 0.525502622127533 0.012829184532165527 0.02911233901977539
0 0.40855976939201355 0.5299434661865234 0.011842310428619385 0.030592620372772217
0 0.3090842366218567 0.5668519139289856 0.03807106614112854 0.06233680248260498
0 0.5570282936096191 0.5151405930519104 0.028618931770324707 0.03996777534484863
0 0.48471254110336304 0.5171142816543579 0.012066632509231567 0.014152467250823975
0 0.5438269376754761 0.5151405930519104 0.008552789688110352 0.0212174654006958
0 0.3358611464500427 0.5505315065383911 0.04431802034378052 0.05082327127456665
0 0.5440884828567505 0.518101155757904 0.004605352878570557 0.0212174654006958
0 0.3559272885322571 0.5432660579681396 0.035855889320373535 0.04687577486038208
0 0.5598047971725464 0.5250091552734375 0.013158142566680908 0.0325663685798645
0 0.5418217182159424 0.5157999992370605 0.009539663791656494 0.028618931770324707
0 0.5049430131912231 0.5299434661865234 0.044079720973968506 0.06759986281394958
0 0.3671116828918457 0.536358118057251 0.03486901521682739 0.04539555311203003
0 0.07228744775056839 0.7680556774139404 0.14457489550113678 0.46388864517211914
0 0.46194303035736084 0.5261379480361938 0.024249672889709473 0.03383570909500122
0 0.5372657775878906 0.6019842624664307 0.1404629945755005 0.08031338453292847
0 0.5576149821281433 0.8176440596580505 0.3059264123439789 0.3647118806838989
0 0.5279697775840759 0.5614305734634399 0.08750152587890625 0.04391521215438843
0 0.5165498852729797 0.5261362791061401 0.05526408553123474 0.027632057666778564
0 0.2667809724807739 0.5620163679122925 0.07292883098125458 0.1117129921913147
0 0.5759749412536621 0.5287222862243652 0.036184847354888916 0.04464298486709595
0 0.5127393007278442 0.5583648681640625 0.06570851802825928 0.0598529577255249
0 0.47640904784202576 0.5214120149612427 0.006133377552032471 0.007194459438323975
0 0.4213889539241791 0.5185946226119995 0.011842310428619385 0.01776343584060669
0 0.5917866826057434 0.5423039197921753 0.04638242721557617 0.051316678524017334
0 0.4662911891937256 0.5166208744049072 0.0190792977809906 0.027138590812683105
