0 0.3769798278808594 0.5009544491767883 0.01213023066520691 0.010362029075622559
0 0.4977060556411743 0.5042851567268372 0.006908029317855835 0.010362029075622559
0 0.45231056213378906 0.4973771274089813 0.006908029317855835 0.006414592266082764
0 0.7542895078659058 0.5551084280014038 0.05690890550613403 0.04934293031692505
0 0.5345488786697388 0.5042851567268372 0.006907999515533447 0.010362029075622559
0 0.2057623565196991 0.5023114681243896 0.017105266451835632 0.010361909866333008
0 0.4351035952568054 0.4978325366973877 0.007009238004684448 0.009868651628494263
0 0.3424401879310608 0.5013245344161987 0.011513382196426392 0.006414592266082764
0 0.4845479726791382 0.503298282623291 0.006908029317855835 0.0029605627059936523
0 0.1769767850637436 0.64244544506073 0.3013210594654083 0.3148081302642822
0 0.542772650718689 0.503298282623291 0.006908059120178223 0.010362029075622559
0 0.4460604190826416 0.4993508458137512 0.006908029317855835 0.0029605627059936523
0 0.4213889539241791 0.4963902533054352 0.011513352394104004 0.014309465885162354
0 0.36086156964302063 0.5023114085197449 0.01644766330718994 0.010361999273300171
0 0.49145597219467163 0.5042851567268372 0.00822383165359497 0.010362029075622559
0 0.42763906717300415 0.4993508458137512 0.006907999515533447 0.006414562463760376
0 0.5292855501174927 0.5067522525787354 0.01151341199874878 0.014309465885162354
0 0.5907998085021973 0.5496807098388672 0.05065882205963135 0.05032986402511597
0 0.45099472999572754 0.5042850971221924 0.015131831169128418 0.017270028591156006
0 0.42763906717300415 0.5106997489929199 0.022697746753692627 0.02565830945968628
0 0.3878357410430908 0.4993508458137512 0.008881747722625732 0.006414562463760376
0 0.5210617780685425 0.503298282623291 0.006907999515533447 0.010362029075622559
0 0.47697189450263977 0.497938871383667 0.013638913631439209 0.017270058393478394
0 0.5065878629684448 0.5042851567268372 0.00822383165359497 0.010362029075622559
