0 0.4212287366390228 0.49955394864082336 0.007378816604614258 0.003947436809539795
0 0.5305541157722473 0.4884275496006012 0.003853917121887207 0.00803673267364502
0 0.25625449419021606 0.500831127166748 0.025329381227493286 0.031086087226867676
0 0.5376034379005432 0.48250359296798706 0.007236957550048828 0.005639225244522095
0 0.4952935576438904 0.5259960889816284 0.045395493507385254 0.047862708568573
0 0.2036219835281372 0.4998442530632019 0.01611870527267456 0.010855436325073242
0 0.1250021755695343 0.505765438079834 0.058553650975227356 0.04194152355194092
0 0.4692336320877075 0.4846038222312927 0.005482971668243408 0.006031006574630737
0 0.5387153625488281 0.4896499514579773 0.011184394359588623 0.014802902936935425
0 0.4663260877132416 0.4738846719264984 0.0064269304275512695 0.005010366439819336
0 0.5523122549057007 0.4880019724369049 0.012500226497650146 0.011842310428619385
0 0.26414936780929565 0.4939231276512146 0.01611870527267456 0.013816028833389282
0 0.011266644112765789 0.5269829034805298 0.022533288225531578 0.03799408674240112
0 0.2897428274154663 0.5185946226119995 0.08230367302894592 0.07894876599311829
0 0.16250285506248474 0.49490997195243835 0.06644852459430695 0.07006698846817017
0 0.32796627283096313 0.4880019426345825 0.02401357889175415 0.014802902936935425
0 0.49744266271591187 0.4844513535499573 0.030065864324569702 0.04470542073249817
0 0.36809855699539185 0.4880019724369049 0.010526508092880249 0.00789487361907959
0 0.5496807098388672 0.5044528245925903 0.029934704303741455 0.03404664993286133
0 0.45658695697784424 0.4899756908416748 0.01118442416191101 0.011842310428619385
0 0.5234737396240234 0.486028254032135 0.017434537410736084 0.027138620615005493
0 0.07461052387952805 0.8142799139022827 0.1492210477590561 0.3332434296607971
0 0.4542842507362366 0.4707319140434265 0.006579071283340454 0.005921155214309692
0 0.3559272885322571 0.4880019426345825 0.011842310428619385 0.006908029317855835
0 0.318755567073822 0.4781333804130554 0.02730312943458557 0.027138620615005493
