0 0.16480551660060883 0.5931024551391602 0.27796539664268494 0.15049606561660767
0 0.2591484785079956 0.513463020324707 0.10506801307201385 0.03444164991378784
0 0.016320176422595978 0.5454868674278259 0.032640352845191956 0.08412587642669678
0 0.5105352401733398 0.5560952425003052 0.018421411514282227 0.022204339504241943
0 0.6329058408737183 0.5669507384300232 0.100330650806427 0.13668003678321838
0 0.9816696047782898 0.9382889270782471 0.03666079044342041 0.12342214584350586
0 0.3896442651748657 0.5531353950500488 0.05394941568374634 0.026891589164733887
0 0.5616872310638428 0.5386606454849243 0.08388274908065796 0.06102067232131958
0 0.3174397647380829 0.5491872429847717 0.09934383630752563 0.08437645435333252
0 0.20768356323242188 0.565596342086792 0.22414730489253998 0.10066348314285278
0 0.7204073667526245 0.6069185137748718 0.19145071506500244 0.22056305408477783
0 0.304607093334198 0.5554391145706177 0.12171639502048492 0.08816158771514893
