0 0.9212324619293213 0.9222507476806641 0.15691214799880981 0.15549856424331665
0 0.5536280870437622 0.47023850679397583 0.028618931770324707 0.03305980563163757
0 0.6467218399047852 0.457902729511261 0.03322422504425049 0.04144808650016785
0 0.5921156406402588 0.46234363317489624 0.028618931770324707 0.03898093104362488
0 0.5092194080352783 0.47023850679397583 0.033224284648895264 0.03898093104362488
0 0.5986946821212769 0.579779863357544 0.0730276107788086 0.08141589164733887
0 0.6937621235847473 0.48701509833335876 0.023026704788208008 0.04292839765548706
0 0.7148151397705078 0.6848803758621216 0.18717432022094727 0.20773392915725708
0 0.3884936571121216 0.5062588453292847 0.016447633504867554 0.03157949447631836
0 0.5664572715759277 0.5491872429847717 0.051645636558532715 0.0636523962020874
