0 0.5204038619995117 0.6631695032119751 0.1500026285648346 0.20625364780426025
1 0.40099385380744934 0.6123462915420532 0.027632057666778564 0.07993561029434204
0 0.2911241054534912 0.5383317470550537 0.02193012833595276 0.01924377679824829
0 0.5858654975891113 0.5309303402900696 0.028618931770324707 0.03256630897521973
0 0.5213906764984131 0.5210617780685425 0.010526478290557861 0.014309465885162354
1 0.7171177864074707 0.5314237475395203 0.010526478290557861 0.03947436809539795
1 0.44671833515167236 0.6044514179229736 0.02105298638343811 0.1115151047706604
0 0.5276408195495605 0.5245157480239868 0.013815999031066895 0.016776621341705322
0 0.6306031346321106 0.5496807098388672 0.04572451114654541 0.054277241230010986
1 0.23275688290596008 0.6072009801864624 0.03571522235870361 0.12561357021331787
0 0.6266556978225708 0.5225419998168945 0.021052956581115723 0.011348903179168701
1 0.3753355145454407 0.5516543984413147 0.011184394359588623 0.05181014537811279
1 0.7125124931335449 0.5245157480239868 0.010526478290557861 0.03157949447631836
1 0.8296197652816772 0.5718849897384644 0.021053016185760498 0.07993561029434204
1 0.29589319229125977 0.6042051911354065 0.024145275354385376 0.11043071746826172
1 0.35625579953193665 0.6005653142929077 0.02504146099090576 0.11910110712051392
1 0.8097415566444397 0.548482358455658 0.01578974723815918 0.065132737159729
1 0.8435297608375549 0.5289566516876221 0.011184453964233398 0.04003828763961792
1 0.5895752310752869 0.5555306673049927 0.02406013011932373 0.06393283605575562
0 0.5042852163314819 0.5151405930519104 0.010526478290557861 0.014309406280517578
1 0.4572448432445526 0.5560952425003052 0.010526478290557861 0.03157949447631836
1 0.4030568599700928 0.5353269577026367 0.013726353645324707 0.04059666395187378
1 0.4572448432445526 0.6044514179229736 0.03223741054534912 0.12730485200881958
1 0.7763293981552124 0.5245157480239868 0.010526478290557861 0.03157949447631836
0 0.5414199829101562 0.5056012868881226 0.013158142566680908 0.017270028591156006
0 0.273031085729599 0.5383317470550537 0.01578974723815918 0.016776621341705322
0 0.8856152892112732 0.7971680164337158 0.2287694215774536 0.40566396713256836
1 0.4115203619003296 0.6024776697158813 0.024671494960784912 0.10904794931411743
0 0.20855627954006195 0.5467201471328735 0.02401357889175415 0.022204339504241943
0 0.1845427006483078 0.5491872429847717 0.03223741054534912 0.022204279899597168
0 0.18278907239437103 0.5496807098388672 0.029715508222579956 0.019737184047698975
1 0.8253515958786011 0.5190880298614502 0.01494133472442627 0.02368462085723877
1 0.22763535380363464 0.6083990335464478 0.04002314805984497 0.13421303033828735
0 0.4766530990600586 0.5185946226119995 0.009210675954818726 0.006907999515533447
1 0.3887495994567871 0.5245157480239868 0.010526478290557861 0.01578974723815918
0 0.48520585894584656 0.5151405930519104 0.01809239387512207 0.024178028106689453
0 0.5289566516876221 0.5264894962310791 0.010526478290557861 0.017270028591156006
1 0.3865199089050293 0.540305495262146 0.013487070798873901 0.0212174654006958
1 0.6914594769477844 0.5245157480239868 0.010526537895202637 0.03157949447631836
0 0.5455687046051025 0.5130435824394226 0.008799433708190918 0.011348843574523926
0 0.508232593536377 0.5393186807632446 0.02664521336555481 0.02417808771133423
0 0.5365225076675415 0.5279697775840759 0.013158142566680908 0.0212174654006958
1 0.31859132647514343 0.6528071761131287 0.05986928939819336 0.1892300844192505
0 0.223140150308609 0.5457332134246826 0.013816073536872864 0.016283094882965088
0 0.24474112689495087 0.5407989025115967 0.023026734590530396 0.016776621341705322
1 0.6914594769477844 0.5225419998168945 0.008552789688110352 0.026645243167877197
1 0.3907971978187561 0.6133342981338501 0.03783026337623596 0.12138408422470093
1 0.7283022403717041 0.5279697775840759 0.00592118501663208 0.03700721263885498
1 0.40954601764678955 0.5324114561080933 0.010526508092880249 0.0236855149269104
1 0.9962257742881775 0.5289566516876221 0.0075484514236450195 0.06118530035018921
1 0.6088918447494507 0.5982834696769714 0.033059895038604736 0.11990320682525635
1 0.252224326133728 0.5870581865310669 0.021710902452468872 0.10954159498214722
1 0.4954034090042114 0.5630033016204834 0.01578974723815918 0.020230591297149658
0 0.08125142753124237 0.5605361461639404 0.017434515058994293 0.02615177631378174
1 0.8860349655151367 0.5801496505737305 0.02812570333480835 0.08906334638595581
0 0.3513219356536865 0.5264894962310791 0.019079267978668213 0.017270028591156006
2 0.5638256072998047 0.5235289335250854 0.006907999515533447 0.020230591297149658
0 0.48158738017082214 0.5309303402900696 0.021053016185760498 0.024178028106689453
1 0.9230422973632812 0.5864410400390625 0.02927684783935547 0.08388280868530273
0 0.5404700040817261 0.5166208744049072 0.011513352394104004 0.006907999515533447
1 0.2805970013141632 0.602971076965332 0.02434253692626953 0.12113702297210693
0 0.5102062225341797 0.5250091552734375 0.01776343584060669 0.023684561252593994
1 0.7974557280540466 0.5503935813903809 0.014693260192871094 0.06891590356826782
1 0.534548819065094 0.5560952425003052 0.013487100601196289 0.02368462085723877
1 0.9233070611953735 0.5756365060806274 0.03223741054534912 0.0988847017288208
1 0.39112526178359985 0.5333974957466125 0.010526478290557861 0.030592679977416992
0 0.5470490455627441 0.5353711843490601 0.030263662338256836 0.035526931285858154
1 0.5960630178451538 0.6044514179229736 0.021053016185760498 0.12730485200881958
0 0.7444208860397339 0.6888278722763062 0.19177967309951782 0.19342440366744995
0 0.5098773241043091 0.5309303998947144 0.02171093225479126 0.014309465885162354
0 0.04572448506951332 0.5610295534133911 0.047369249165058136 0.01973724365234375
1 0.722381055355072 0.5304369330406189 0.005921125411987305 0.03947436809539795
0 0.4751177430152893 0.5161275863647461 0.009210765361785889 0.005674540996551514
0 0.49671924114227295 0.5324106216430664 0.018092423677444458 0.024178028106689453
0 0.31645292043685913 0.5368515253067017 0.0055921971797943115 0.016776621341705322
