0 0.32089394330978394 0.5533816814422607 0.012664765119552612 0.01998370885848999
0 0.3884936571121216 0.5666217803955078 0.053838640451431274 0.031086087226867676
0 0.41250720620155334 0.5506675243377686 0.0480271577835083 0.02368462085723877
1 0.2901366353034973 0.5521478652954102 0.025987297296524048 0.033059775829315186
0 0.2230302095413208 0.572378396987915 0.052961453795433044 0.051316678524017334
0 0.025493867695331573 0.5921156406402588 0.05098773539066315 0.08338963985443115
0 0.8963062763214111 0.7829819321632385 0.20738744735717773 0.43403613567352295
0 0.5003377199172974 0.5639901161193848 0.04868507385253906 0.038980960845947266
0 0.20099036395549774 0.5467200875282288 0.03782960772514343 0.03404664993286133
0 0.14769995212554932 0.5630033016204834 0.029605776071548462 0.037007272243499756
1 0.1345418393611908 0.6000105142593384 0.011184409260749817 0.056744396686553955
1 0.3227030038833618 0.6153068542480469 0.03388217091560364 0.11595600843429565
0 0.26414936780929565 0.5639901161193848 0.03355321288108826 0.038980960845947266
