0 0.48125842213630676 0.4648107588291168 0.028618931770324707 0.027632057666778564
0 0.4690871834754944 0.5393186807632446 0.06611958146095276 0.059211552143096924
0 0.38915154337882996 0.5570821166038513 0.09934383630752563 0.07845532894134521
0 0.469087153673172 0.44852757453918457 0.027632057666778564 0.036020368337631226
0 0.49671924114227295 0.4786267876625061 0.03223744034767151 0.016776591539382935
0 0.16480551660060883 0.6345505714416504 0.153621107339859 0.17516756057739258
0 0.05797798931598663 0.6607023477554321 0.11595597863197327 0.2511557340621948
0 0.4480341672897339 0.4041188955307007 0.013816028833389282 0.024671465158462524
0 0.4230337142944336 0.3725394010543823 0.0055921971797943115 0.012335747480392456
0 0.5980367660522461 0.47171878814697266 0.033224284648895264 0.038487523794174194
0 0.5023114681243896 0.5146471261978149 0.049671947956085205 0.06463927030563354
0 0.4572448432445526 0.4164546728134155 0.025000452995300293 0.036020368337631226
0 0.46185019612312317 0.4302706718444824 0.020395100116729736 0.02615174651145935
0 0.26217564940452576 0.5931024551391602 0.11579151451587677 0.12829166650772095
0 0.4516526460647583 0.4825742244720459 0.0845409631729126 0.05230355262756348
0 0.4710608720779419 0.46234363317489624 0.020395100116729736 0.02615174651145935
0 0.5217196941375732 0.4954034090042114 0.0026316046714782715 0.006907999515533447
