1 0.653958797454834 0.5605361461639404 0.021053016185760498 0.12631800770759583
1 0.3671116828918457 0.5235289335250854 0.005263268947601318 0.029112398624420166
1 0.5414568185806274 0.512179970741272 0.0029606223106384277 0.008881747722625732
1 0.3289531469345093 0.531423807144165 0.010526508092880249 0.04046124219894409
0 0.5115220546722412 0.5116865634918213 0.011842310428619385 0.010855495929718018
1 0.250004380941391 0.540305495262146 0.015131846070289612 0.049342989921569824
0 0.41217827796936035 0.5501741170883179 0.027632057666778564 0.02615177631378174
0 0.4286259114742279 0.5432660579681396 0.019408226013183594 0.023684680461883545
0 0.5253381729125977 0.5560952425003052 0.06546169519424438 0.08684360980987549
1 0.5878392457962036 0.5190880298614502 0.012719392776489258 0.030099153518676758
1 0.6727091073989868 0.5595492720603943 0.029276788234710693 0.11595594882965088
1 0.3500061333179474 0.5190880298614502 0.004605352878570557 0.012335777282714844
1 0.5322461128234863 0.5111931562423706 0.004605352878570557 0.012335777282714844
1 0.0960543155670166 0.5615229606628418 0.015789754688739777 0.06957358121871948
1 0.34309810400009155 0.531423807144165 0.004605352878570557 0.03503352403640747
1 0.5592203140258789 0.5491872429847717 0.02039504051208496 0.07204067707061768
1 0.3865199089050293 0.5245157480239868 0.00822383165359497 0.02911233901977539
1 0.3401375412940979 0.531423807144165 0.010526508092880249 0.04046124219894409
1 0.08312512934207916 0.5644066333770752 0.013487078249454498 0.0825163722038269
0 0.5125089883804321 0.5131669044494629 0.010197579860687256 0.0098685622215271
1 0.372374951839447 0.5235289335250854 0.005263239145278931 0.02565830945968628
1 0.2634914517402649 0.540305495262146 0.01578974723815918 0.05181014537811279
1 0.2215179204940796 0.5493841171264648 0.02125026285648346 0.058816611766815186
1 0.09769907593727112 0.5639901161193848 0.01710556447505951 0.07204073667526245
1 0.3753355145454407 0.5245157480239868 0.00822383165359497 0.030592679977416992
1 0.34995919466018677 0.5196518898010254 0.01381605863571167 0.036654770374298096
1 0.3559272885322571 0.5245157480239868 0.010526508092880249 0.0325663685798645
1 0.16392910480499268 0.5546139478683472 0.02083379030227661 0.07368534803390503
2 0.4075729250907898 0.5279697775840759 0.010526478290557861 0.02911233901977539
1 0.011266644112765789 0.5990236401557922 0.022533288225531578 0.12039685249328613
1 0.5592203140258789 0.5470489263534546 0.01578974723815918 0.07204073667526245
0 0.4766530990600586 0.5062588453292847 0.010197550058364868 0.016776621341705322
1 0.7481042146682739 0.5588582754135132 0.03638213872909546 0.11862009763717651
1 0.3821777403354645 0.5157326459884644 0.010658085346221924 0.03256639838218689
1 0.6148134469985962 0.5235288739204407 0.00822383165359497 0.01578974723815918
1 0.5983657240867615 0.5595492720603943 0.013487100601196289 0.08684360980987549
1 0.6088922023773193 0.5235289335250854 0.015131890773773193 0.020230591297149658
1 0.5796153545379639 0.5190880298614502 0.00822383165359497 0.030592679977416992
1 0.34671658277511597 0.5232328176498413 0.007500112056732178 0.02407938241958618
