1 0.34217700362205505 0.48750853538513184 0.010526478290557861 0.040461212396621704
0 0.5233644247055054 0.47023850679397583 0.013815999031066895 0.01085546612739563
1 0.29798442125320435 0.4919493794441223 0.01118442416191101 0.04328092932701111
0 0.46448183059692383 0.4939231276512146 0.01842138171195984 0.019243746995925903
0 0.4760627746582031 0.4900725483894348 0.01499965786933899 0.017763465642929077
0 0.5355356931686401 0.5092194080352783 0.059869468212127686 0.07845529913902283
1 0.5983657836914062 0.47912174463272095 0.00822383165359497 0.020230621099472046
1 0.6429718732833862 0.5077391266822815 0.019079387187957764 0.07885023951530457
1 0.372374951839447 0.47755640745162964 0.005206495523452759 0.01578974723815918
1 0.5450752973556519 0.46826475858688354 0.004605352878570557 0.012335747480392456
1 0.6381690502166748 0.4741859436035156 0.0029605627059936523 0.00789487361907959
1 0.15385031700134277 0.5115351676940918 0.01578974723815918 0.05989736318588257
1 0.0825672298669815 0.49800509214401245 0.018421389162540436 0.04216575622558594
1 0.3477034568786621 0.48750853538513184 0.00822383165359497 0.03157949447631836
1 0.5687201023101807 0.5047154426574707 0.01940828561782837 0.06414589285850525
1 0.39869117736816406 0.4840545058250427 0.00822383165359497 0.025061994791030884
1 0.35566413402557373 0.48612692952156067 0.010526508092880249 0.03986912965774536
1 0.14112088084220886 0.5111931562423706 0.013487085700035095 0.07204070687294006
0 0.5220346450805664 0.4731990694999695 0.01019752025604248 0.009868621826171875
1 0.30855804681777954 0.4916205108165741 0.009759098291397095 0.042764127254486084
1 0.280519962310791 0.49932166934013367 0.01578974723815918 0.05181008577346802
1 0.012137242592871189 0.5276635885238647 0.012216629460453987 0.09181204438209534
1 0.14974519610404968 0.5087260603904724 0.014001980423927307 0.05603650212287903
1 0.38564276695251465 0.4840545058250427 0.010526508092880249 0.03125062584877014
1 0.6036289930343628 0.47961366176605225 0.010526537895202637 0.02368462085723877
1 0.35263001918792725 0.5076624155044556 0.013487070798873901 0.03754183650016785
1 0.38022884726524353 0.4821118116378784 0.009231150150299072 0.03102436661720276
1 0.2399529367685318 0.5038465261459351 0.016593903303146362 0.06491342186927795
2 0.4423913061618805 0.4832574725151062 0.00822383165359497 0.02368462085723877
1 0.12708547711372375 0.5542860627174377 0.036842748522758484 0.1189166009426117
1 0.5690889358520508 0.5077391862869263 0.015789806842803955 0.06414586305618286
0 0.488495409488678 0.465846985578537 0.010197550058364868 0.016776621341705322
1 0.6906918883323669 0.5065877437591553 0.03157949447631836 0.08585679531097412
1 0.39364731311798096 0.4840545058250427 0.013487070798873901 0.03717169165611267
1 0.6358664035797119 0.4771465063095093 0.004605352878570557 0.006907999515533447
1 0.5983657240867615 0.5127370953559875 0.013487100601196289 0.07450786232948303
1 0.5870717763900757 0.48865988850593567 0.012280941009521484 0.025493919849395752
1 0.0029605780728161335 0.5200749039649963 0.0046053435653448105 0.03602039813995361
1 0.5868525505065918 0.47648870944976807 0.004605352878570557 0.02368462085723877
1 0.08404482901096344 0.5511618852615356 0.0348726287484169 0.1282917559146881
1 0.3634932041168213 0.48750853538513184 0.00822383165359497 0.032566338777542114
