0 0.4848769009113312 0.386355459690094 0.009210705757141113 0.012335747480392456
0 0.5187591314315796 0.39869117736816406 0.011842310428619385 0.015296310186386108
0 0.20987209677696228 0.5516543984413147 0.09473849833011627 0.09671223163604736
0 0.5003377199172974 0.39869117736816406 0.02105298638343811 0.017763465642929077
0 0.48586374521255493 0.5023114681243896 0.08289620280265808 0.147535502910614
0 0.49507445096969604 0.4263232350349426 0.011842340230941772 0.01085546612739563
0 0.4368497431278229 0.4648107588291168 0.012829184532165527 0.024671494960784912
0 0.16480551660060883 0.4648107886314392 0.019408226013183594 0.0345400869846344
0 0.45987647771835327 0.4248429536819458 0.014802902936935425 0.017763465642929077
0 0.4055992066860199 0.46629106998443604 0.017434537410736084 0.0345400869846344
0 0.5003377199172974 0.5324106216430664 0.12138369679450989 0.2111879289150238
0 0.480271577835083 0.4095466136932373 0.013816028833389282 0.017763465642929077
0 0.519745945930481 0.4095466136932373 0.011842310428619385 0.012335747480392456
0 0.9602876901626587 0.8642745018005371 0.07942467927932739 0.27145105600357056
0 0.4674423933029175 0.4055992066860199 0.011842310428619385 0.015296339988708496
0 0.1250021755695343 0.5807667374610901 0.10658080875873566 0.1213836669921875
0 0.6195833683013916 0.5440061092376709 0.06036299467086792 0.07253438234329224
1 0.2496754229068756 0.4727056324481964 0.021053016185760498 0.06414586305618286
1 0.13487078249454498 0.5023114085197449 0.025658339262008667 0.05674442648887634
0 0.47928470373153687 0.40263861417770386 0.011184394359588623 0.01085546612739563
0 0.2667809724807739 0.5393186211585999 0.054277271032333374 0.07598817348480225
0 0.5634967088699341 0.47048503160476685 0.008223950862884521 0.036020368337631226
0 0.4204021096229553 0.4648107588291168 0.009210675954818726 0.02911233901977539
0 0.3789539933204651 0.460863322019577 0.04243496060371399 0.0537838339805603
0 0.4654686450958252 0.4095466136932373 0.010197550058364868 0.012335747480392456
0 0.6763275861740112 0.5876747369766235 0.14638417959213257 0.14358800649642944
1 0.6019842028617859 0.4667844772338867 0.011513352394104004 0.04144808650016785
0 0.503298282623291 0.4149743914604187 0.011842280626296997 0.015296310186386108
0 0.5049430131912231 0.4041188955307007 0.011184394359588623 0.01085546612739563
0 0.48948225378990173 0.38191455602645874 0.014802873134613037 0.008388310670852661
0 0.503298282623291 0.38882261514663696 0.007236957550048828 0.008388310670852661
0 0.4884953796863556 0.4095466136932373 0.011842310428619385 0.012335747480392456
0 0.41579675674438477 0.46629106998443604 0.013816028833389282 0.03157952427864075
0 0.45987647771835327 0.41793495416641235 0.011842310428619385 0.013816028833389282
1 0.6590578556060791 0.4954032301902771 0.011019885540008545 0.048356324434280396
0 0.04843834787607193 0.6123462319374084 0.09687669575214386 0.17516756057739258
0 0.4766530692577362 0.39721089601516724 0.020395100116729736 0.010855436325073242
0 0.5095484256744385 0.39721089601516724 0.011842310428619385 0.012335717678070068
1 0.4322444200515747 0.43717870116233826 0.004605323076248169 0.012829184532165527
0 0.7220520973205566 0.4939231276512146 0.035855889320373535 0.048356086015701294
0 0.4921138882637024 0.4041188955307007 0.009210675954818726 0.012335747480392456
0 0.40099385380744934 0.47023850679397583 0.004605352878570557 0.022204309701919556
0 0.4269811511039734 0.4648107886314392 0.012829184532165527 0.030592650175094604
0 0.4710608720779419 0.4263232350349426 0.011842310428619385 0.006908029317855835
0 0.46448180079460144 0.41250723600387573 0.011842310428619385 0.013816028833389282
0 0.4746793508529663 0.38882261514663696 0.007236957550048828 0.008388310670852661
0 0.4444156587123871 0.4648107588291168 0.011842310428619385 0.02911233901977539
0 0.8837238550186157 0.7450788021087646 0.23255234956741333 0.28125494718551636
1 0.7579079866409302 0.5610295534133911 0.02927684783935547 0.09128451347351074
