0 0.28750503063201904 0.4899756908416748 0.02138197422027588 0.019737184047698975
0 0.5677070617675781 0.4870152473449707 0.008421182632446289 0.009868592023849487
0 0.5800263285636902 0.4791203439235687 0.008552789688110352 0.011595547199249268
0 0.46777135133743286 0.4781333804130554 0.011842310428619385 0.006908029317855835
0 0.5342198610305786 0.4707319140434265 0.008552789688110352 0.00789487361907959
0 0.1842137575149536 0.2615177631378174 0.04934297502040863 0.009868592023849487
0 0.5861945152282715 0.49118179082870483 0.010891973972320557 0.014802902936935425
0 0.5582331418991089 0.46925151348114014 0.007565975189208984 0.006414473056793213
0 0.4996798038482666 0.538825273513794 0.049342989921569824 0.0537838339805603
0 0.0884883925318718 0.5269829034805298 0.043750762939453125 0.03700721263885498
0 0.560380220413208 0.49226105213165283 0.009349226951599121 0.013036936521530151
0 0.5435628294944763 0.4719160795211792 0.00565791130065918 0.005921155214309692
0 0.15230529010295868 0.5146471858024597 0.035855889320373535 0.0557575523853302
0 0.22368812561035156 0.5447463393211365 0.09638327360153198 0.09671220183372498
0 0.3513219356536865 0.48504137992858887 0.011842310428619385 0.009868592023849487
0 0.2174380123615265 0.4978705644607544 0.015460789203643799 0.01085546612739563
0 0.591457724571228 0.46579763293266296 0.004605352878570557 0.003947436809539795
0 0.021381953731179237 0.5407989025115967 0.042763907462358475 0.044902145862579346
0 0.48136791586875916 0.4700740575790405 0.00789487361907959 0.007236987352371216
0 0.5881683230400085 0.48602867126464844 0.00953972339630127 0.009869009256362915
0 0.5591108798980713 0.49655473232269287 0.014145076274871826 0.015460878610610962
0 0.5921156406402588 0.4781333804130554 0.00789487361907959 0.009868592023849487
0 0.52303546667099 0.48504137992858887 0.009868621826171875 0.025164902210235596
0 0.40855976939201355 0.4820808172225952 0.01611870527267456 0.014802902936935425
0 0.44235959649086 0.48430123925209045 0.01069098711013794 0.007401466369628906
0 0.42796802520751953 0.48306769132614136 0.009210675954818726 0.009868592023849487
0 0.35855889320373535 0.5116865634918213 0.05394831299781799 0.04884955286979675
0 0.5392212867736816 0.4685610830783844 0.008947432041168213 0.00730288028717041
0 0.6088922023773193 0.4657976031303406 0.0072370171546936035 0.00493428111076355
0 0.315466046333313 0.4998442530632019 0.025329411029815674 0.02615174651145935
0 0.5020481944084167 0.49491000175476074 0.028618931770324707 0.043717533349990845
0 0.5531895160675049 0.513989269733429 0.030811965465545654 0.03503355383872986
0 0.4878374934196472 0.48504137992858887 0.005263239145278931 0.011842310428619385
0 0.5572451949119568 0.47846293449401855 0.004605293273925781 0.006579041481018066
0 0.5326848030090332 0.493594229221344 0.02006608247756958 0.02911236882209778
0 0.5822470188140869 0.468758225440979 0.007236957550048828 0.005921155214309692
0 0.4248964786529541 0.4810939431190491 0.009868592023849487 0.0062499940395355225
0 0.06413890421390533 0.5176084041595459 0.04852166026830673 0.039474934339523315
0 0.5588913559913635 0.48306766152381897 0.009868621826171875 0.012829184532165527
0 0.3603767156600952 0.500831127166748 0.011514008045196533 0.014803290367126465
0 0.40855976939201355 0.4880019426345825 0.01611870527267456 0.013816028833389282
0 0.06065792962908745 0.810914933681488 0.1213158592581749 0.26201605796813965
0 0.40066492557525635 0.4810939431190491 0.010526508092880249 0.009868592023849487
0 0.4495149850845337 0.4803539216518402 0.008717238903045654 0.008388221263885498
0 0.34671658277511597 0.4880019426345825 0.01611870527267456 0.016776591539382935
