0 0.38553306460380554 0.5309303402900696 0.019408226013183594 0.0439152717590332
0 0.19770082831382751 0.5931024551391602 0.15098947286605835 0.13816028833389282
0 0.42369163036346436 0.5437595248222351 0.051316678524017334 0.06266558170318604
0 0.3983622193336487 0.5284632444381714 0.02039507031440735 0.033059775829315186
0 0.4131651222705841 0.5171142816543579 0.00822383165359497 0.006907999515533447
0 0.40658605098724365 0.5215551853179932 0.009210675954818726 0.015296339988708496
0 0.3084263503551483 0.5663585066795349 0.03927719593048096 0.06315910816192627
0 0.5569385886192322 0.5151405930519104 0.028618931770324707 0.03996777534484863
0 0.48553478717803955 0.5171142816543579 0.012290865182876587 0.01448887586593628
0 0.5439457893371582 0.5151405930519104 0.008552789688110352 0.0212174654006958
0 0.3358611464500427 0.5510419607162476 0.04465830326080322 0.05082327127456665
0 0.5440884828567505 0.5187448263168335 0.005034446716308594 0.021217525005340576
0 0.3559272885322571 0.5447463989257812 0.03782960772514343 0.05082327127456665
0 0.5599005818367004 0.5250091552734375 0.013158082962036133 0.0325663685798645
0 0.5418815016746521 0.5156654119491577 0.009539604187011719 0.028618931770324707
0 0.5049430727958679 0.5250086784362793 0.03914514183998108 0.0611843466758728
0 0.3671116828918457 0.536358118057251 0.03486901521682739 0.04835611581802368
0 0.453859806060791 0.5290274620056152 0.02923065423965454 0.040180325508117676
0 0.5373876094818115 0.6019842028617859 0.1404629945755005 0.08061790466308594
0 0.55735182762146 0.8171383142471313 0.3059264123439789 0.3657233715057373
0 0.5279697775840759 0.5617389678955078 0.08750152587890625 0.04391521215438843
0 0.5150643587112427 0.5225791931152344 0.053669512271881104 0.02603745460510254
0 0.2667809724807739 0.5620163679122925 0.07259993255138397 0.11401528120040894
0 0.5757557153701782 0.5288456082344055 0.036184847354888916 0.044519662857055664
0 0.5118510723114014 0.5595481395721436 0.06321361660957336 0.05978614091873169
0 0.4758785367012024 0.5204571485519409 0.006451636552810669 0.00910419225692749
0 0.41842836141586304 0.5131669044494629 0.008223801851272583 0.003947436809539795
0 0.5917866826057434 0.5425506234169006 0.04638242721557617 0.05131673812866211
0 0.46405842900276184 0.5187362432479858 0.02095961570739746 0.02713865041732788
