0 0.5204038619995117 0.8102962970733643 0.35336554050445557 0.3794073462486267
1 0.3401375412940979 0.5718849897384644 0.010526508092880249 0.06414586305618286
0 0.5138248205184937 0.5250091552734375 0.005592167377471924 0.012829124927520752
0 0.09506745636463165 0.5679376125335693 0.016118697822093964 0.017270028591156006
1 0.7283022403717041 0.542772650718689 0.013487040996551514 0.04736924171447754
1 0.8437647819519043 0.5150701403617859 0.007471919059753418 0.03157952427864075
0 0.5194169878959656 0.5264894962310791 0.011513352394104004 0.01578974723815918
0 0.48520585894584656 0.5393186807632446 0.03125053644180298 0.02417808771133423
1 0.34040066599845886 0.5667531490325928 0.011184394359588623 0.057139575481414795
1 0.9958968162536621 0.6148134469985962 0.008206307888031006 0.10362023115158081
1 0.7980402708053589 0.540305495262146 0.010526537895202637 0.06414586305618286
1 0.2922961115837097 0.5886616706848145 0.023636579513549805 0.08783048391342163
1 0.906923770904541 0.5630033016204834 0.020395100116729736 0.06858676671981812
1 0.9623198509216309 0.5597797632217407 0.021052956581115723 0.07993561029434204
1 0.37020689249038696 0.5628911256790161 0.015894442796707153 0.07204073667526245
0 0.5279697179794312 0.5171141028404236 0.013158142566680908 0.024178028106689453
0 0.17171353101730347 0.5560952425003052 0.02138194441795349 0.022574543952941895
1 0.7289601564407349 0.5210617780685425 0.010526478290557861 0.0325663685798645
0 0.15131843090057373 0.5605361461639404 0.029605790972709656 0.022204339504241943
1 0.8813309669494629 0.5612269639968872 0.021710872650146484 0.07342231273651123
1 0.9827805161476135 0.5535295009613037 0.01980292797088623 0.07105398178100586
0 0.027632063254714012 0.5723784565925598 0.03322426602244377 0.02911233901977539
1 0.3522788882255554 0.540305495262146 0.010526508092880249 0.01578974723815918
0 0.4727526605129242 0.5210617780685425 0.02171093225479126 0.02608126401901245
1 0.35088658332824707 0.56843101978302 0.01940825581550598 0.055917203426361084
1 0.6598799228668213 0.5245157480239868 0.010526478290557861 0.01578974723815918
0 0.534548819065094 0.5240223407745361 0.011513352394104004 0.014309465885162354
1 0.8934366703033447 0.6306031346321106 0.06677746772766113 0.15296316146850586
1 0.8373317718505859 0.5497350692749023 0.013487100601196289 0.05526411533355713
1 0.9778866767883301 0.6236951351165771 0.04422670602798462 0.12730485200881958
0 0.47961366176605225 0.5324106216430664 0.014144986867904663 0.008388280868530273
1 0.32618945837020874 0.5799772143363953 0.021711021661758423 0.06681060791015625
0 0.5108641982078552 0.5250091552734375 0.005592226982116699 0.011348903179168701
1 0.653520405292511 0.5297788381576538 0.00789487361907959 0.022697746753692627
0 0.3097582757472992 0.5422792434692383 0.012011289596557617 0.015469670295715332
1 0.8190932869911194 0.5506675243377686 0.013487100601196289 0.057237863540649414
1 0.372374951839447 0.5560952425003052 0.010526508092880249 0.04835611581802368
0 0.2516491413116455 0.5496807098388672 0.029276832938194275 0.017270028591156006
1 0.130594402551651 0.6236951351165771 0.029276832938194275 0.15296322107315063
0 0.04704029858112335 0.5743521451950073 0.015789750963449478 0.027632057666778564
0 0.2942814528942108 0.5431673526763916 0.021688878536224365 0.016875267028808594
0 0.41020452976226807 0.537838339805603 0.02664521336555481 0.019737184047698975
1 0.01809242181479931 0.6764920949935913 0.03618484362959862 0.15987122058868408
1 0.8068090677261353 0.6261622905731201 0.04726278781890869 0.15608972311019897
0 0.5088905096054077 0.5240223407745361 0.007565915584564209 0.008388280868530273
1 0.8572518229484558 0.6370177268981934 0.0480271577835083 0.18355584144592285
0 0.4901401400566101 0.5240223407745361 0.009539633989334106 0.011348903179168701
1 0.2832278907299042 0.5858654975891113 0.018640577793121338 0.07549452781677246
1 0.35855889320373535 0.5639901161193848 0.01118442416191101 0.05970495939254761
0 0.5003377199172974 0.5264894962310791 0.009539633989334106 0.011348903179168701
0 0.1134888231754303 0.565963864326477 0.018421374261379242 0.02368462085723877
0 0.878131628036499 0.8397263288497925 0.24373674392700195 0.32054734230041504
0 0.47204774618148804 0.5334682464599609 0.011748164892196655 0.01515573263168335
1 0.4539553225040436 0.5891550779342651 0.020395100116729736 0.09325820207595825
1 0.7365260124206543 0.542772650718689 0.010526478290557861 0.04638242721557617
