0 0.6161291599273682 0.579779863357544 0.04046124219894409 0.07204073667526245
0 0.2342146337032318 0.5975433588027954 0.08684362471103668 0.0804290771484375
0 0.7065913081169128 0.6212279796600342 0.12072575092315674 0.12434422969818115
0 0.4667844772338867 0.5062588453292847 0.02664521336555481 0.03305980563163757
0 0.5644835233688354 0.5452398061752319 0.010197579860687256 0.03602039813995361
0 0.4187573194503784 0.5353711843490601 0.01842138171195984 0.029112398624420166
1 0.4806005358695984 0.5146471261978149 0.005921155214309692 0.020230591297149658
0 0.5772030353546143 0.5496807098388672 0.013158082962036133 0.043421804904937744
0 0.3865199089050293 0.5452398061752319 0.03421112895011902 0.042928338050842285
0 0.438165545463562 0.5560952425003052 0.0460534393787384 0.05279695987701416
0 0.05616874620318413 0.6725446581840515 0.11233749240636826 0.14950919151306152
0 0.47961366176605225 0.5106997489929199 0.0055921971797943115 0.006907999515533447
0 0.44112616777420044 0.5245157480239868 0.013816028833389282 0.01924377679824829
0 0.730604887008667 0.5077391266822815 0.01743447780609131 0.02072402834892273
0 0.28322863578796387 0.5837273001670837 0.057237863540649414 0.07056045532226562
0 0.3329005837440491 0.5630033016204834 0.05822470784187317 0.055264174938201904
0 0.4105335474014282 0.538825273513794 0.02450701594352722 0.031826138496398926
0 0.45296844840049744 0.5245157480239868 0.011184394359588623 0.016776621341705322
0 0.46579763293266296 0.5245157480239868 0.020395100116729736 0.022204339504241943
0 0.5940893292427063 0.5521478056907654 0.041448116302490234 0.05822467803955078
0 0.6595509052276611 0.5894017815589905 0.09687662124633789 0.10707414150238037
0 0.45296844840049744 0.5161274671554565 0.012829184532165527 0.010855436325073242
1 0.7582369446754456 0.5358646512031555 0.005263209342956543 0.02368462085723877
0 0.5036272406578064 0.5131669044494629 0.013816028833389282 0.016776621341705322
0 0.591457724571228 0.5575755834579468 0.018421411514282227 0.052797019481658936
0 0.6871830821037292 0.5161274671554565 0.03223741054534912 0.02368462085723877
0 0.4263232350349426 0.5215551853179932 0.024013549089431763 0.030592679977416992
0 0.6200766563415527 0.5630033016204834 0.05625098943710327 0.07204073667526245
0 0.48882433772087097 0.5092194080352783 0.01578974723815918 0.022204339504241943
0 0.43915241956710815 0.5269829034805298 0.009210705757141113 0.013815999031066895
0 0.44277089834213257 0.5245157480239868 0.014802902936935425 0.020724058151245117
0 0.7342233657836914 0.5037916898727417 0.011184394359588623 0.015296310186386108
0 0.5213906764984131 0.5062588453292847 0.027632057666778564 0.062172144651412964
0 0.5480358600616455 0.5269829034805298 0.017434537410736084 0.02368462085723877
0 0.5521478056907654 0.5292034149169922 0.019408226013183594 0.02368462085723877
0 0.6181029081344604 0.5200749039649963 0.01381605863571167 0.010855436325073242
0 0.5450752973556519 0.5215551853179932 0.01842135190963745 0.02368462085723877
0 0.5792864561080933 0.5422792434692383 0.035855889320373535 0.04835611581802368
0 0.14934471249580383 0.6296162605285645 0.12171264737844467 0.11348885297775269
0 0.6486955881118774 0.5092194080352783 0.017434537410736084 0.010855495929718018
0 0.3707301616668701 0.5536280870437622 0.03782960772514343 0.04144805669784546
1 0.6134976148605347 0.5225419998168945 0.00822383165359497 0.012335717678070068
