0 0.09243582934141159 0.5250091552734375 0.04111914336681366 0.02713865041732788
0 0.5315882563591003 0.5250091552734375 0.022697806358337402 0.030099213123321533
0 0.4842190146446228 0.5028048753738403 0.006579071283340454 0.003947436809539795
0 0.5381672978401184 0.5087260007858276 0.006579041481018066 0.003947436809539795
0 0.5809311866760254 0.5028048753738403 0.003289520740509033 0.003947436809539795
0 0.5661283731460571 0.5067523121833801 0.00592118501663208 0.00789487361907959
0 0.5750100612640381 0.5146471261978149 0.013158082962036133 0.016776621341705322
0 0.5705686807632446 0.5013245344161987 0.00789487361907959 0.011842280626296997
0 0.012089027091860771 0.520568311214447 0.024178054183721542 0.03207290172576904
0 0.4822452664375305 0.5156340003013611 0.009868592023849487 0.012829184532165527
0 0.4171125590801239 0.5225420594215393 0.02927684783935547 0.031086087226867676
0 0.5713915824890137 0.5185946226119995 0.011184453964233398 0.012829184532165527
0 0.387425035238266 0.5035451054573059 0.020230531692504883 0.012582451105117798
0 0.5128379464149475 0.5106997489929199 0.008552789688110352 0.012829184532165527
0 0.5901418924331665 0.5087260007858276 0.006579041481018066 0.009868621826171875
0 0.3273083567619324 0.5289566516876221 0.04868507385253906 0.04588896036148071
0 0.020066140219569206 0.5778061151504517 0.037171702831983566 0.09572535753250122
0 0.4205654263496399 0.5032980442047119 0.007236868143081665 0.0034539103507995605
0 0.5003377199172974 0.5250091552734375 0.018092423677444458 0.020723998546600342
0 0.5477069616317749 0.5067522525787354 0.003289520740509033 0.003947436809539795
0 0.5049430131912231 0.5156340599060059 0.0098685622215271 0.014802873134613037
0 0.47566622495651245 0.5329040288925171 0.025987297296524048 0.02713865041732788
0 0.22379782795906067 0.5463911294937134 0.1444104164838791 0.12977203726768494
0 0.4092176854610443 0.5087260007858276 0.006579041481018066 0.0029605627059936523
0 0.550338625907898 0.5067522525787354 0.0026316046714782715 0.003947436809539795
0 0.13388392329216003 0.520568311214447 0.03322426229715347 0.017763495445251465
0 0.5861945152282715 0.5087260007858276 0.003289520740509033 0.00789487361907959
0 0.2940841019153595 0.5106997489929199 0.011184394359588623 0.0029606223106384277
0 0.449678897857666 0.520568311214447 0.022697776556015015 0.023191213607788086
0 0.5243512988090515 0.5146471261978149 0.006579041481018066 0.011842310428619385
0 0.4417840540409088 0.5087260007858276 0.00789487361907959 0.003947436809539795
0 0.3493482172489166 0.5087260007858276 0.011184394359588623 0.003947436809539795
0 0.5582334995269775 0.505765438079834 0.003289520740509033 0.003947436809539795
0 0.5855365991592407 0.505765438079834 0.0026316046714782715 0.003947436809539795
