1 -9.27853e-05 -2.28486e-05
2 -0.000920247 -0.000206191
3 -0.00124243 -0.000302316
4 0.00141575 0.000164548
5 0.000441792 1.75346e-05
6 6.29083e-05 -2.56534e-05
7 -0.000998215 -0.000220684
8 -0.00115578 -0.000285262
9 -0.00151048 -0.000399674
10 -0.00144358 -0.000448128
11 0.00388449 0.000496026
12 0.0069925 0.00121003
13 0.00445693 0.00100462
14 -0.00319924 -0.000235751
15 -0.00773122 -0.00117411
16 -0.00501603 -0.000956344
17 0.00318161 0.000361502
18 0.0116887 0.00204549
19 0.00710481 0.00161487
20 0.817419 0.154823
21 -0.171354 -0.00279594
